1481,1
1482,1
1483,1
1484,1
1485,1
1486,1
1487,1
1493,1
1494,1
1495,1
1496,1
1497,1
1498,1
1499,1
1511,1
1512,1
1513,1
1520,7
1521,7
1522,7
1523,7
1524,7
1525,7
1531,1
1532,1
1533,1
1534,1
1535,1
1536,1
1542,1
1543,1
1544,1
1545,1
1546,1
1547,1
1548,1
1549,1
1550,1
1551,1
1552,1
1553,1
1554,1
1555,1
1603,1
1604,1
1605,1
1606,1
1607,1
1608,1
1609,1
1610,1
1611,1
1612,1
1613,1
1614,1
1615,1
1617,10
1618,10
1619,10
1620,10
1621,10
1622,10
1623,10
1624,10
1625,10
1626,10
1627,11
1628,11
1629,11
1630,11
1631,11
1633,1
1634,1
1635,1
1636,1
1637,1
1638,1
1639,1
1640,1
1653,1
1654,1
1655,1
1656,1
1657,1
1659,1
1660,1
1661,1
1662,1
1663,1
1664,1
1665,1
1666,1
1667,1
1668,1
1669,1
1670,1
1671,1
1672,1
1673,1
1674,1
1675,1
1676,1
1677,1
1678,1
1685,1
1686,1
1687,1
1688,1
1689,1
1690,1
1691,1
1692,1
1693,1
1694,1
1695,1
1696,1
1697,1
1698,1
1699,1
1700,1
1701,1
1702,1
1703,1
1704,1
1705,1
1706,1
1707,1
1709,2
1710,2
1711,2
1712,2
1713,2
1714,2
1715,2
1716,2
1717,2
1718,2
1719,2
1720,2
1721,2
1729,2
1730,2
1731,2
1732,2
1733,2
1734,2
1735,2
1758,2
1759,2
1760,2
1761,2
1762,2
1763,2
1764,2
1766,1
1767,1
1768,1
1791,1
1792,1
1793,1
1794,1
1795,1
1796,1
1797,1
1798,1
1799,1
1800,1
1802,1
1803,1
1804,1
1805,1
1806,1
1807,1
1808,1
1809,1
1810,1
1811,1
1812,1
1817,2
1818,2
1819,2
1852,3
1853,3
1854,3
1855,3
1856,3
1858,1
1859,1
1860,1
1861,1
1862,1
1863,1
1864,1
1865,1
1866,1
1867,1
1868,1
1869,1
1870,1
1871,1
1872,1
1878,1
1879,1
1880,1
1881,1
1882,1
1884,3
1885,3
1886,3
1887,3
1888,3
1889,3
1890,3
1891,3
1892,3
1893,3
1894,3
1895,3
1896,3
1897,3
1913,3
1914,3
1915,3
1916,3
1917,3
1918,3
1919,3
1920,3
1921,3
1922,2
1923,2
1924,2
1926,1
1927,1
1928,1
1929,1
1930,1
1931,1
1932,1
1933,1
1934,1
1935,1
1937,3
1938,3
1939,3
1940,3
1941,3
1943,1
1944,1
1945,1
1946,1
1947,1
1962,1
1963,1
1964,1
1970,1
1971,1
1972,1
1973,1
1974,1
1975,1
1976,1
1977,1
1978,1
1979,1
1980,1
1981,1
1982,1
1983,1
1984,1
2008,1
2009,1
2010,1
2011,1
2012,1
2013,1
2014,1
2015,1
2016,1
2017,1
2018,1
2019,1
2020,1
2021,1
2022,1
2023,1
2024,1
2025,1
2026,1
2027,1
2028,1
2029,1
2031,1
2032,1
2033,1
2034,1
2035,1
2036,1
2037,1
2038,1
2039,1
2040,1
2041,1
2042,1
2043,1
2044,1
2045,1
2046,1
2047,1
2048,1
2049,1
2055,1
2056,1
2057,1
2058,1
2059,1
2061,1
2062,1
2063,1
2228,1
2229,1
2230,1
2231,1
2232,1
2233,1
2234,1
2235,1
2236,1
2237,1
2238,1
2239,1
2240,1
2241,1
2242,1
2243,1
2244,1
2245,1
2246,1
2247,1
2248,1
2249,1
2255,1
2256,1
2257,1
2258,1
2259,1
2260,1
2261,1
2273,1
2274,1
2275,1
2276,1
2277,1
2278,1
2279,1
2280,1
2312,1
2313,1
2314,1
11236,1
11237,1
11238,1
11239,1
11240,1
11241,1
11242,1
11243,1
11244,1
11245,1
11246,1
11247,1
11248,1
11249,1
11250,1
11251,1
11252,1
11253,1
11254,1
11255,1
11256,1
11257,1
11258,1
11259,1
11261,1
11262,1
11263,1
11264,1
11265,1
11266,1
11267,1
11313,6
11314,6
11315,6
11316,6
11317,6
11318,6
11319,6
11320,6
11321,6
11322,6
11323,6
11324,6
11325,6
11326,6
11327,6
11328,6
11329,6
11331,6
11332,6
11333,6
11334,6
11335,6
11336,6
11337,6
11338,6
11339,6
11354,1
11355,1
11356,1
11357,1
11358,1
11359,1
11360,1
11361,1
11362,1
11363,1
11364,1
11365,1
11366,1
11372,1
11373,1
11374,1
11375,1
11376,1
11377,1
11378,1
11379,1
11380,1
11381,1
11382,1
11383,1
11384,1
11404,1
11405,1
11406,1
11407,1
11408,1
11409,1
11410,1
11411,1
11412,1
11441,4
11442,4
11443,4
11444,4
11445,4
11446,4
11447,4
11448,4
11449,4
11450,4
11451,4
11452,4
11453,4
11454,4
11455,4
11456,4
11457,4
11459,3
11460,3
11461,3
11462,3
11463,3
11464,3
11466,3
11467,1
11468,1
11497,1
11498,1
11499,1
11500,1
11501,1
11502,1
11503,1
11504,1
11505,1
11506,1
11507,1
11508,1
11509,1
11573,1
11574,1
11575,1
11576,1
11577,1
11578,1
11579,1
11580,1
11581,1
11582,1
11583,1
11584,1
11585,1
11586,1
11587,1
11588,1
11589,1
11590,1
11591,1
11592,1
11593,1
11594,1
11595,1
11596,1
11597,1
11603,1
11604,1
11605,1
11606,1
11607,1
11608,1
11609,1
11610,1
11611,1
11612,1
11613,1
11614,1
11615,1
11621,1
11622,1
11623,1
11624,1
11625,1
11626,1
11627,1
11628,1
11629,1
11630,1
11631,1
11632,1
11633,1
11650,2
11651,2
11652,2
11653,2
11654,2
11655,2
11656,2
11657,2
11658,2
11659,2
11660,2
11661,2
11662,2
11663,2
11664,2
11665,2
11666,2
11667,2
11668,2
11669,2
11670,2
11671,2
12002,1
12003,1
12004,1
12005,1
12006,1
12011,1
12012,1
12013,1
12014,1
12015,1
12016,1
12017,1
12018,1
12019,1
12020,1
12023,1
12024,1
12025,1
12026,1
12027,1
12028,1
12029,1
12114,3
12115,3
12116,3
12117,3
12118,3
12119,3
12120,3
12121,3
12122,3
12123,3
12124,3
12125,3
12126,3
12127,3
12128,3
12129,3
12131,3
12132,3
12133,3
12134,3
12135,3
12136,3
12137,3
12138,3
12139,3
12140,3
12141,3
12142,3
12144,3
12145,3
12146,3
12147,3
12148,3
12149,3
12150,3
12151,3
12152,3
12153,6
12154,6
12155,6
12156,6
12157,6
12159,3
12160,3
12161,3
12162,3
12163,3
12166,3
12167,3
12168,3
12169,3
12170,3
12171,3
12172,3
12173,3
12286,1
12287,1
12288,1
12289,1
12290,1
12291,1
12292,1
12293,1
12294,1
12295,1
12296,1
25582,1
25583,1
25584,1
25585,1
25586,1
25587,1
25588,1
25589,1
25590,1
25591,1
25592,1
25593,1
25594,1
25595,1
25596,1
25597,1
25598,1
25734,1
25735,1
25736,1
25737,1
25738,1
25739,1
25740,1
25741,1
25742,1
25743,1
25744,1
25745,1
25746,1
25747,1
25748,1
25749,1
25750,1
25751,1
25752,1
25753,1
25754,1
25755,1
25756,1
25757,1
25759,4
25760,4
25761,4
25762,4
25763,4
25764,4
25765,4
25766,4
25767,4
25768,4
25769,4
25770,4
25771,4
25773,4
25774,4
25775,4
25776,4
25777,4
25790,4
25791,4
25792,4
25793,4
25794,4
25795,4
25796,4
25798,1
25799,1
25800,1
25801,1
25802,1
25803,1
25804,1
25805,1
25806,1
25807,1
25809,1
25818,1
25819,1
25820,1
25821,1
25822,1
25823,1
25824,1
25825,1
25826,1
25827,1
25828,1
25829,1
25830,1
25831,1
25832,1
25845,1
25846,1
25847,1
25848,1
25861,1
25862,1
25863,1
25864,1
25865,1
25866,1
25867,1
25868,1
25869,1
25870,1
25871,1
25872,1
25873,1
25874,1
25875,1
25876,1
25877,1
25878,1
25879,1
25880,1
25881,1
25882,1
25883,1
25884,1
25885,1
25886,1
25887,1
25888,1
25889,1
25890,1
25891,1
25892,1
25893,1
25894,1
25895,1
25896,1
25897,1
25914,3
25915,3
25916,3
25917,3
25918,3
25919,3
25920,3
26025,3
26026,3
26027,3
26028,3
26029,3
26030,3
26031,3
26032,3
26033,4
26034,4
26035,4
26036,4
26037,4
26038,4
26039,5
26040,5
26041,5
26042,5
26043,5
26045,1
26046,1
26047,1
26048,1
26049,1
26050,1
26051,1
26052,1
26053,1
26059,4
26060,4
26061,4
26062,4
26063,4
26064,4
26085,4
26086,4
26087,4
26093,1
26094,1
26095,1
26096,1
26097,1
26098,1
26099,1
26100,1
26101,1
26102,1
26103,1
26104,1
26105,1
26106,1
26112,3
26113,3
26114,3
26115,3
26116,3
26117,3
26139,3
26140,3
26141,3
26142,3
26143,3
26144,3
26145,3
26146,3
26147,3
26148,3
26149,3
31384,3
31385,3
31386,3
31387,3
31388,3
31396,3
31397,3
31398,3
31400,3
31401,3
31402,3
31403,3
31404,3
31405,3
31407,2
31408,2
31409,1
31410,1
31416,3
31417,3
31418,3
31419,3
31420,3
31421,3
31423,1
31424,1
31425,1
31426,1
31427,1
31428,1
31429,1
31430,1
31431,1
31432,2
31433,2
31434,2
31435,2
31436,2
31437,2
31438,2
31439,2
31440,2
31441,2
31442,2
31444,1
31445,1
31446,1
31468,3
31469,3
31470,3
31471,3
31472,3
31473,3
31484,3
31485,3
31486,3
31487,3
31488,3
31489,2
31490,2
31491,2
31492,2
31494,1
31495,1
31496,1
31498,10
31499,10
31500,10
31501,10
31502,10
31503,10
31504,10
31505,10
31506,10
31507,10
31513,1
31514,1
31515,1
31516,1
31517,1
31518,1
31519,1
31520,1
31521,1
31522,1
31523,1
31524,1
31525,1
31526,1
31527,1
31528,1
31529,1
31530,1
31531,1
31532,1
31533,1
31534,1
31535,1
31567,4
31568,4
31569,4
31570,4
31571,4
31576,4
31577,4
31578,4
31579,4
31580,4
31585,4
31586,4
31587,4
31588,4
31589,4
31590,4
31591,4
31592,4
31593,4
31594,4
31595,4
31596,4
31597,4
31598,4
31599,4
31601,4
31602,4
31603,4
31604,4
31605,4
31606,4
31607,4
31608,4
31609,4
31611,4
31666,1
31667,1
31668,1
31669,1
31670,1
31672,1
31673,1
31678,1
31679,1
31685,1
31686,1
31687,1
31688,1
31689,1
31690,1
31782,1
31783,1
31784,1
31785,1
31786,1
31789,1
31790,1
31791,1
31792,1
31793,1
31794,1
31795,1
31796,1
31797,1
31814,3
31815,3
31816,3
31817,3
31818,3
31819,3
31825,4
31826,4
31827,4
31828,4
31829,4
31835,4
31836,4
31916,1
31917,1
31918,1
31919,1
31920,1
31921,1
31922,1
31923,1
31940,3
31941,3
31942,3
31943,3
31944,3
31947,3
31948,3
31954,1
31955,1
31956,1
31957,1
31958,1
31959,1
31965,3
31966,3
31967,3
31968,3
31969,3
31970,3
32031,3
32032,3
32033,3
32034,3
32035,3
32036,2
32037,2
32038,2
32039,2
32041,1
32042,1
32043,1
35999,1
36000,1
36001,1
36002,1
36003,1
36004,1
36005,1
36006,1
36007,1
36008,1
36009,1
36010,1
36011,1
36012,1
36013,1
36014,1
36015,1
36016,1
36017,1
36018,1
36019,1
36020,1
36021,1
36022,1
36023,1
36024,1
36025,1
36026,1
36027,1
36028,1
36029,1
36030,1
36031,1
36032,1
36033,1
36034,1
36035,1
36036,1
36037,1
36038,1
36039,1
36040,1
36041,1
36042,1
36043,1
36044,1
36045,1
36046,1
36047,1
36048,1
36049,1
36050,1
36051,1
36052,1
36053,1
36054,1
36055,1
36056,1
36057,1
36058,1
36059,1
36060,1
36061,1
36062,1
36063,1
36064,1
36065,1
36066,1
36067,1
36068,1
36069,1
36070,1
36071,1
36072,1
36073,1
36074,1
36075,1
36076,1
36077,1
36078,1
36079,1
36080,1
36081,1
36082,1
36083,1
36084,1
36085,1
36086,1
36087,1
36088,1
36089,1
36090,1
36091,1
36092,1
36093,1
36094,1
36095,1
36096,1
36097,1
36098,1
36099,1
36100,1
36101,1
36102,1
36103,1
36104,1
36105,1
36106,1
36107,1
36108,1
36109,1
36110,1
36111,1
36112,1
36113,1
36114,1
36115,1
36116,1
36117,1
36118,1
36119,1
36120,1
36121,1
36122,1
36123,1
36124,1
36125,1
36126,1
36127,1
36128,1
36129,1
36130,1
36131,1
36132,1
36133,1
36134,1
36135,1
36136,1
36137,1
38695,3
38696,3
38697,3
38698,3
38699,3
38700,3
38701,3
38702,3
38703,3
38704,3
38705,3
38707,3
38708,3
38709,3
38710,3
38711,3
38738,3
38739,3
38740,3
38741,3
38747,11
38748,11
38749,11
38750,11
38751,11
38756,11
38757,11
38758,11
38759,11
38760,11
38761,11
38762,11
38764,3
38765,3
38766,3
38767,3
38768,3
38769,3
38770,3
38771,8
38772,8
38773,8
38774,8
38775,8
38776,8
38777,8
38786,8
38787,8
38788,8
38789,8
