1497,1
1498,1
1499,1
1500,1
1501,1
1502,1
1503,1
1515,1
1516,1
1517,1
1524,9
1525,9
1526,9
1527,9
1528,9
1529,9
1535,1
1536,1
1537,1
1538,1
1539,1
1540,1
1546,1
1547,1
1548,1
1549,1
1550,1
1551,1
1552,1
1553,1
1554,1
1555,1
1556,1
1557,1
1558,1
1559,1
1607,1
1608,1
1609,1
1610,1
1611,1
1612,1
1613,1
1614,1
1615,1
1616,1
1617,1
1618,1
1619,1
1620,4
1621,4
1622,4
1623,4
1625,3
1626,3
1627,3
1628,3
1629,3
1630,3
1631,3
1632,3
1633,3
1634,3
1635,3
1637,1
1638,1
1639,1
1640,1
1641,1
1642,1
1643,1
1644,1
1645,1
1646,1
1647,1
1648,1
1663,1
1664,1
1665,1
1666,1
1667,1
1668,1
1669,1
1670,1
1671,1
1672,1
1673,1
1674,1
1675,1
1676,1
1677,1
1678,1
1679,1
1680,1
1681,1
1682,1
1689,1
1690,1
1691,1
1692,1
1693,1
1694,1
1695,1
1696,1
1697,1
1698,1
1699,1
1700,1
1701,1
1702,1
1703,1
1704,1
1705,1
1706,1
1707,1
1708,1
1709,1
1710,5
1711,5
1712,5
1713,5
1714,5
1716,4
1717,4
1718,4
1719,4
1720,4
1721,4
1722,4
1723,4
1724,4
1725,4
1726,4
1727,4
1728,4
1734,4
1735,4
1736,4
1737,4
1738,4
1739,4
1740,4
1759,4
1760,4
1761,4
1762,4
1763,4
1764,4
1765,4
1767,2
1768,2
1769,2
1790,2
1791,2
1792,2
1793,2
1794,2
1795,2
1796,2
1797,2
1799,2
1800,2
1801,2
1802,2
1803,2
1804,2
1805,2
1806,2
1807,2
1808,2
1809,2
1814,4
1815,4
1816,4
1849,4
1850,4
1852,1
1853,1
1854,1
1855,1
1856,1
1857,1
1858,1
1859,1
1860,1
1861,1
1862,1
1863,1
1864,1
1865,1
1866,1
1872,1
1873,1
1874,1
1875,2
1876,2
1877,2
1878,2
1879,2
1881,2
1882,2
1883,2
1884,2
1885,2
1886,2
1887,2
1888,2
1889,2
1890,2
1891,2
1892,2
1893,2
1894,2
1910,2
1911,2
1912,2
1913,2
1914,2
1915,2
1916,2
1917,2
1918,2
1919,1
1920,1
1921,1
1923,1
1924,1
1925,1
1926,1
1927,1
1928,1
1929,1
1930,1
1931,1
1932,1
1933,1
1935,1
1936,1
1938,1
1939,1
1940,1
1941,1
1942,1
1957,1
1958,1
1959,1
1965,2
1966,2
1967,2
1968,2
1969,2
1970,2
1971,2
1972,2
1973,2
1974,2
1975,2
1976,2
1977,2
1978,2
1979,2
2005,2
2006,2
2007,2
2008,2
2009,2
2010,2
2011,2
2012,2
2013,2
2014,2
2015,2
2016,2
2017,2
2018,2
2019,2
2020,2
2021,2
2022,2
2023,2
2024,2
2025,2
2026,2
2028,1
2029,1
2030,1
2031,1
2032,1
2033,1
2034,1
2035,1
2036,2
2037,2
2038,2
2039,2
2040,2
2041,2
2042,2
2043,2
2044,2
2045,2
2046,2
2052,1
2053,1
2054,1
2055,1
2056,1
2058,1
2059,1
2060,1
2227,1
2228,1
2229,1
2230,1
2231,1
2232,1
2233,1
2234,1
2235,1
2236,1
2237,1
2238,1
2239,1
2240,1
2241,1
2242,1
2243,1
2244,1
2245,1
2246,1
2247,1
2248,1
2254,2
2255,2
2256,2
2257,2
2258,2
2259,2
2260,2
2272,2
2273,2
2274,2
2275,2
2276,2
2277,2
2278,2
2279,2
2311,2
2312,2
2313,2
2331,1
2332,1
2333,1
2334,1
2335,1
2336,1
2337,1
2338,1
2339,1
2340,1
2341,1
2342,1
2343,1
2344,1
2345,1
2346,1
2347,1
2348,6
2349,6
2350,6
2351,6
2352,6
2354,5
2355,5
2356,5
2357,5
2358,5
2359,5
2360,5
2361,5
2362,5
2363,5
2364,5
2365,5
2366,5
2367,5
2368,5
2381,5
2382,5
2383,5
2384,5
2385,5
2386,5
2387,5
2397,5
2398,5
2399,5
2400,5
2401,5
2402,5
2403,5
2405,2
2406,2
2407,2
2408,2
2409,2
2410,2
2411,2
2412,2
2413,2
2414,2
2415,2
2416,2
2417,2
2418,2
2420,2
2421,2
2422,2
2423,2
2424,2
2425,2
2426,2
2524,2
2525,2
2527,3
2528,3
2529,3
2530,3
2531,3
2532,3
2533,3
2534,5
2535,5
2536,5
2562,5
2563,5
2564,5
2566,1
2567,1
2568,1
2569,1
2570,1
2571,1
2572,1
2573,1
9138,1
9139,1
9140,1
9141,1
9142,1
9143,1
9144,1
9145,1
9146,1
9147,1
9148,1
9149,1
9150,1
9151,1
9152,1
9153,1
9154,1
9155,1
9156,1
9157,1
9158,1
9159,1
9160,1
9161,1
9162,1
9163,1
9164,1
9165,1
9166,1
9167,1
9168,1
9169,1
9170,1
9171,1
9172,1
9173,1
9174,1
9175,1
9176,1
9177,1
9178,1
9179,1
9180,1
9181,1
9182,1
9183,1
9184,1
9185,1
9186,1
9187,1
9188,1
9189,1
9190,1
9191,1
9192,1
9193,1
9194,1
9195,1
9196,1
9197,1
9198,1
9199,1
9200,1
9201,1
9202,1
9203,1
9204,1
9205,1
9206,1
9207,1
9208,1
9209,1
9210,1
9211,1
9212,1
9213,1
9214,1
9215,1
9216,1
9217,1
9218,1
9219,1
9220,1
9221,1
9222,1
9223,1
9224,1
9225,1
9226,1
9227,1
9228,1
9229,1
11352,2
11353,2
11354,2
11355,2
11356,2
11357,2
11358,2
11359,2
11360,2
11361,2
11362,2
11363,2
11364,2
11365,2
11366,2
11367,2
11368,2
11370,2
11371,2
11372,2
11373,2
11374,2
11375,2
11376,2
11377,2
11378,2
11393,2
11394,2
11395,2
11396,2
11397,2
11398,2
11399,2
11400,2
11401,2
11402,2
11403,2
11404,2
11405,2
11411,1
11412,1
11413,1
11414,1
11415,1
11416,1
11417,1
11418,1
11419,1
11420,1
11421,1
11422,1
11423,1
11443,1
11444,1
11445,1
11446,1
11447,1
11448,1
11449,1
11450,1
11451,1
11480,6
11481,6
11482,6
11483,6
11484,6
11485,6
11486,6
11487,6
11488,6
11489,6
11490,6
11491,6
11492,6
11493,6
11494,6
11495,6
11496,6
11498,2
11499,2
11500,2
11501,2
11502,2
11503,2
11505,4
11507,2
11508,6
11509,6
11538,1
11539,1
11540,1
11541,1
11542,1
11543,1
11544,1
11545,1
11546,1
11547,1
11548,1
11549,1
11550,1
11614,1
11615,1
11616,1
11617,1
11618,1
11619,1
11620,1
11621,1
11622,1
11623,1
11624,1
11625,1
11626,1
11627,1
11628,1
11629,1
11630,1
11631,1
11632,1
11633,1
11634,1
11635,1
11636,1
11637,1
11638,1
11644,2
11645,2
11646,2
11647,2
11648,2
11649,2
11650,2
11651,2
11652,2
11653,2
11654,2
11655,2
11656,2
11662,2
11663,2
11664,2
11665,2
11666,2
11667,2
11668,2
11669,2
11670,2
11671,2
11672,2
11673,2
11674,2
11680,1
11681,1
11682,1
11683,1
11684,1
11685,1
12043,1
12044,1
12045,1
12046,1
12047,1
12052,1
12053,1
12054,1
12055,1
12056,1
12057,1
12058,1
12059,1
12060,1
12061,1
12064,1
12065,1
12066,1
12067,1
12068,1
12069,1
12070,1
12101,1
12102,1
12103,1
12104,1
12105,1
12106,1
12107,1
12108,1
12109,1
12110,1
12111,1
12112,1
12155,1
12156,1
12157,1
12158,1
12159,1
12160,1
12161,1
12162,1
12163,1
12164,1
12165,1
12166,1
12167,1
12168,1
12169,1
12170,1
12171,3
12172,3
12173,3
12174,3
12176,2
12177,2
12178,2
12179,2
12180,2
12181,2
12182,2
12183,2
12184,2
12185,2
12186,2
12188,1
12189,1
12190,1
12191,1
12192,1
12193,1
12194,1
12195,1
12196,1
12197,2
12198,2
12200,1
12201,1
12202,1
12203,1
12204,1
12207,1
12208,1
12209,1
12210,1
12211,1
12212,1
12213,1
12214,1
12327,2
12328,2
12329,2
12330,2
12331,2
12332,2
12333,2
12334,2
12335,2
12336,2
12337,2
12343,2
12344,2
12345,2
12346,2
12347,2
12348,2
12349,2
12350,2
12351,2
12352,2
12353,2
12354,2
12373,3
12374,3
12375,3
12376,3
12377,3
12378,3
12379,3
12380,3
12381,3
12382,3
12383,3
12384,3
12385,3
12386,3
12387,3
12388,3
12389,5
12390,5
12391,5
12392,5
12394,5
12395,5
12396,5
12397,5
12398,5
12399,5
12400,5
12401,5
12402,5
12403,5
12404,5
12405,5
12406,5
12408,2
12409,2
12410,2
12411,2
12412,2
12413,2
12414,2
12416,3
12417,3
12418,3
12419,3
12420,2
12421,2
30873,2
30874,2
30875,2
30876,2
30877,2
30885,2
30886,2
30887,2
30889,2
30890,2
30891,2
30892,2
30893,2
30894,2
30896,1
30898,1
30899,2
30900,2
30906,2
30907,2
30908,2
30909,2
30910,2
30911,2
30913,1
30914,1
30915,1
30916,1
30917,1
30918,1
30919,1
30920,1
30921,1
30922,1
30923,1
30924,1
30925,1
30926,1
30927,1
30928,1
30929,1
30930,1
30931,1
30932,1
30934,1
30935,1
30936,1
30954,2
30955,2
30956,2
30957,2
30958,2
30959,2
30970,2
30971,2
30972,2
30973,2
30974,2
30975,1
30976,1
30977,1
30978,1
30980,1
30981,1
30982,1
30984,3
30985,3
30986,3
30987,3
30988,3
30989,3
30990,3
30991,3
30992,3
30993,3
30999,2
31000,2
31001,2
31002,2
31003,2
31004,2
31005,2
31006,2
31007,2
31008,2
31009,2
31010,2
31011,2
31012,2
31013,2
31014,2
31015,2
31016,2
31017,2
31018,2
31019,2
31020,2
31021,2
31055,5
31056,5
31057,5
31058,5
31059,5
31061,3
31062,3
31063,3
31064,2
31065,2
31066,2
31067,2
31068,2
31073,2
31074,2
31075,2
31076,2
31077,2
31078,2
31079,2
31080,2
31081,2
31082,2
31083,2
31084,2
31085,2
31086,2
31087,2
31100,2
31101,2
31102,2
31155,2
31156,2
31157,2
31158,2
31159,2
31164,2
31165,2
31166,2
31167,2
31168,2
31174,2
31175,2
31176,2
31177,2
31178,2
31179,2
31185,5
31186,5
31187,5
31188,5
31189,5
31190,5
31271,1
31272,1
31273,1
31274,1
31275,1
31278,1
31279,1
31280,1
31281,1
31282,1
31283,1
31284,1
31285,1
31286,1
31303,1
31304,1
31305,1
31306,1
31307,1
31308,1
31314,4
31315,4
31316,4
31317,4
31318,4
31320,1
31321,1
31323,3
31325,1
31326,4
31327,4
31411,1
31412,1
31413,1
31414,1
31415,1
31416,1
31417,1
31418,1
31435,2
31436,2
31437,2
31438,2
31439,2
31442,2
31443,2
31444,2
31450,2
31451,2
31452,2
31453,2
31454,2
31455,2
31461,2
31462,2
31463,2
31464,2
31465,2
31466,2
31525,2
31526,2
31527,2
31528,2
31529,2
31530,1
31531,1
31532,1
31533,1
31535,1
31536,1
31537,1
38130,2
38131,2
38132,2
38133,2
38134,2
38135,2
38136,2
38137,2
38138,2
38139,2
38140,2
38142,2
38143,2
38144,2
38145,2
38146,2
38173,2
38174,2
38175,2
38176,2
38182,13
38183,13
38184,13
38185,13
38186,13
38191,13
38192,13
38193,13
38194,13
38195,13
38196,13
38197,13
38206,13
38207,13
38208,13
38209,13
38210,13
38211,13
38212,13
38214,6
38215,6
38216,6
38217,6
38218,6
38219,6
38220,6
38221,7
38222,7
38223,7
38224,7
