1485,1
1486,1
1487,1
1488,1
1489,1
1490,1
1491,1
1497,1
1498,1
1499,1
1500,1
1501,1
1502,1
1503,1
1515,1
1516,1
1517,1
1524,15
1525,15
1526,15
1527,15
1528,15
1529,15
1535,1
1536,1
1537,1
1538,1
1539,1
1540,1
1546,1
1547,1
1548,1
1549,1
1550,1
1551,1
1552,1
1553,1
1554,1
1555,1
1556,1
1557,1
1558,1
1559,1
1607,1
1608,1
1609,1
1610,1
1611,1
1612,1
1613,1
1614,1
1615,1
1616,1
1617,1
1618,1
1619,1
1620,4
1621,4
1622,4
1623,4
1625,3
1626,3
1627,3
1628,3
1629,3
1630,3
1631,3
1632,3
1633,3
1634,3
1635,3
1637,1
1638,1
1639,1
1640,1
1641,1
1642,1
1643,1
1644,1
1645,1
1646,1
1647,1
1648,1
1663,1
1664,1
1665,1
1666,1
1667,1
1668,1
1669,1
1670,1
1671,1
1672,1
1673,1
1674,1
1675,1
1676,1
1677,1
1678,1
1679,1
1680,1
1681,1
1682,1
1689,1
1690,1
1691,1
1692,1
1693,1
1694,1
1695,1
1696,1
1697,1
1698,1
1699,1
1700,1
1701,1
1702,1
1703,1
1704,1
1705,1
1706,1
1707,1
1708,1
1709,1
1710,4
1711,4
1712,4
1713,4
1714,4
1716,3
1717,3
1718,3
1719,3
1720,3
1721,3
1722,3
1723,3
1724,3
1725,3
1726,3
1727,3
1728,3
1734,3
1735,3
1736,3
1737,3
1738,3
1739,3
1740,3
1759,3
1760,3
1761,3
1762,3
1763,3
1764,3
1765,3
1767,3
1768,3
1769,3
1790,3
1791,3
1792,3
1793,3
1794,3
1795,3
1796,3
1797,3
1814,3
1815,3
1816,3
1849,3
1850,3
1852,1
1853,1
1854,1
1855,1
1856,1
1857,1
1858,1
1859,1
1860,1
1861,1
1862,1
1863,1
1864,1
1865,1
1866,1
1872,3
1873,3
1874,3
1875,6
1876,6
1877,6
1878,6
1879,6
1881,5
1882,5
1883,5
1884,5
1885,5
1886,5
1887,5
1888,5
1889,5
1890,5
1891,5
1892,5
1893,5
1894,5
1896,2
1897,2
1898,2
1899,2
1900,2
1902,2
1903,2
1904,2
1905,2
1906,2
1907,2
1908,2
1910,3
1911,3
1912,3
1913,3
1914,3
1915,3
1916,3
1917,3
1918,3
1919,3
1920,3
1921,3
1935,3
1936,3
1938,3
1939,3
1940,3
1941,3
1942,3
1957,3
1958,3
1959,3
1965,3
1966,3
1967,3
1968,3
1969,3
1970,3
1971,3
1972,3
1973,3
1974,3
1975,3
1976,3
1977,3
1978,3
1979,3
2005,3
2006,3
2007,3
2008,3
2009,3
2010,3
2011,3
2012,3
2013,3
2014,3
2015,3
2016,3
2017,3
2018,3
2019,3
2020,3
2021,3
2022,3
2023,3
2024,3
2025,3
2026,3
2028,3
2029,3
2030,3
2031,3
2032,3
2033,3
2034,3
2035,3
2036,3
2037,3
2038,3
2039,3
2040,3
2041,3
2042,3
2043,3
2044,3
2045,3
2046,3
2052,1
2053,1
2054,1
2055,1
2056,1
2058,1
2059,1
2060,1
2227,1
2228,1
2229,1
2230,1
2231,1
2232,1
2233,1
2234,1
2235,1
2236,1
2237,1
2238,1
2239,1
2240,1
2241,1
2242,1
2243,1
2244,1
2245,1
2246,1
2247,1
2248,1
2254,3
2255,3
2256,3
2257,3
2258,3
2259,3
2260,3
2272,3
2273,3
2274,3
2275,3
2276,3
2277,3
2278,3
2279,3
2311,3
2312,3
2313,3
2949,1
2950,1
2951,1
2952,1
2953,1
2954,1
2955,1
2956,1
2957,1
2958,1
2959,1
2960,1
2961,1
2962,1
2963,1
2964,1
2965,1
2966,1
2967,1
2968,1
2969,1
2970,1
2971,1
2972,1
2973,1
2974,1
2975,1
2976,1
2977,1
2978,1
2979,1
2980,1
2981,1
2982,1
2983,1
2984,1
2985,1
2986,1
2987,1
2988,1
2989,1
2990,1
2991,1
2992,1
2993,1
2994,1
2995,1
2996,1
2997,1
2998,1
2999,1
3000,1
3001,1
3002,1
3003,1
3004,1
3005,1
3006,1
3007,1
3008,1
3009,1
3010,1
3011,1
3012,1
3013,1
3014,1
3015,1
3016,1
3017,1
3018,1
3019,1
3020,1
3021,1
3022,1
3023,1
3024,1
3025,1
3026,1
3027,1
3028,1
3029,1
3030,1
3031,1
3032,1
3033,1
3034,1
3035,1
3036,1
3037,1
3038,1
3039,1
3857,2
3858,2
3859,2
3860,2
3861,2
3862,2
3863,2
3864,2
3865,2
3866,2
3867,2
3868,2
10969,1
10970,1
10971,1
10972,1
10973,1
10974,1
10975,1
10976,1
10977,1
10978,1
10979,1
10980,1
10981,1
10982,1
10983,1
10984,1
10985,1
10986,1
10987,1
10988,1
10989,1
10990,1
10991,1
10992,1
10993,1
10994,1
10995,1
10996,1
10997,1
10998,1
10999,1
11000,1
11001,1
11002,1
11003,1
11004,1
11005,1
11006,1
11007,1
11013,3
11014,3
11015,3
11016,3
11017,3
11018,3
11019,3
11020,3
11021,3
11022,3
11023,3
11024,3
11025,3
11039,3
11040,3
11041,3
11042,3
11043,3
11075,3
11076,3
11077,3
11078,3
11079,3
11080,3
11081,3
11082,3
11083,3
11084,3
11085,3
11086,3
11087,3
11352,6
11353,6
11354,6
11355,6
11356,6
11357,6
11358,6
11359,6
11360,6
11361,6
11362,6
11363,6
11364,6
11365,6
11366,6
11367,6
11368,6
11370,6
11371,6
11372,6
11373,6
11374,6
11375,6
11376,6
11377,6
11378,6
11393,3
11394,3
11395,3
11396,3
11397,3
11398,3
11399,3
11400,3
11401,3
11402,3
11403,3
11404,3
11405,3
11411,1
11412,1
11413,1
11414,1
11415,1
11416,1
11417,1
11418,1
11419,1
11420,1
11421,1
11422,1
11423,1
11443,1
11444,1
11445,1
11446,1
11447,1
11448,1
11449,1
11450,1
11451,1
11480,11
11481,11
11482,11
11483,11
11484,11
11485,11
11486,11
11487,11
11488,11
11489,11
11490,11
11491,11
11492,11
11493,11
11494,11
11495,11
11496,11
11498,3
11499,3
11500,3
11501,3
11502,3
11503,3
11505,8
11507,3
11508,11
11509,11
11538,1
11539,1
11540,1
11541,1
11542,1
11543,1
11544,1
11545,1
11546,1
11547,1
11548,1
11549,1
11550,1
11614,1
11615,1
11616,1
11617,1
11618,1
11619,1
11620,1
11621,1
11622,1
11623,1
11624,1
11625,1
11626,1
11627,1
11628,1
11629,1
11630,1
11631,1
11632,1
11633,1
11634,1
11635,1
11636,1
11637,1
11638,1
11662,3
11663,3
11664,3
11665,3
11666,3
11667,3
11668,3
11669,3
11670,3
11671,3
11672,3
11673,3
11674,3
11735,3
11736,3
11737,3
11738,3
11739,3
11740,3
11741,3
11742,1
11743,1
11744,1
11745,2
11746,2
11747,2
11748,2
11749,2
11750,2
11751,2
11752,2
11753,2
11754,2
11755,2
11756,2
11757,2
11758,2
11759,2
11760,2
11761,2
11762,2
11763,2
11764,2
11765,2
11766,2
11767,2
11768,2
11769,2
11770,2
11771,2
11772,2
11773,2
11774,2
11775,2
11776,2
11777,2
11778,2
11779,2
11780,2
11781,2
12043,3
12044,3
12045,3
12046,3
12047,3
12052,3
12053,3
12054,3
12055,3
12056,3
12057,3
12058,3
12059,3
12060,3
12061,3
12064,3
12065,3
12066,3
12067,3
12068,3
12069,3
12070,3
12155,3
12156,3
12157,3
12158,3
12159,3
12160,3
12161,3
12162,3
12163,3
12164,3
12165,3
12166,3
12167,3
12168,3
12169,3
12170,3
12171,12
12172,12
12173,12
12174,12
12176,9
12177,9
12178,9
12179,9
12180,9
12181,9
12182,9
12183,9
12184,9
12185,9
12186,9
12188,3
12189,3
12190,3
12191,3
12192,3
12193,3
12194,3
12195,3
12196,3
12197,9
12198,9
12200,3
12201,3
12202,3
12203,3
12204,3
12207,3
12208,3
12209,3
12210,3
12211,3
12212,3
12213,3
12214,3
12254,3
12255,3
12256,3
12257,3
12258,3
12263,3
12264,3
12265,3
12266,3
12267,3
12268,3
12269,3
12270,3
12271,3
12272,3
12277,3
12278,3
12279,3
12280,3
12281,3
12282,3
12283,3
12284,3
12285,3
12286,1
12287,1
12289,2
12290,2
12291,2
12293,3
12294,3
12295,3
12296,3
12297,3
12298,3
12299,3
12300,3
12301,3
12302,3
12303,1
12304,1
12306,2
12307,2
12308,2
12373,3
12374,3
12375,3
12376,3
12377,3
12378,3
12379,3
12380,3
12381,3
12382,3
12383,3
12384,3
12385,3
12386,3
12387,3
12388,3
12389,6
12390,6
12391,6
12392,6
12394,6
12395,6
12396,6
12397,6
12398,6
12399,6
12400,6
12401,6
12402,6
12403,6
12404,6
12405,6
12406,6
12408,3
12409,3
12410,3
12411,3
12412,3
12413,3
12414,3
12416,3
12417,3
12418,3
12419,3
12420,3
12421,3
25212,1
25213,1
25214,1
25215,1
25216,1
25217,1
25218,1
25219,1
25220,1
25221,1
25222,1
25223,1
25224,1
25225,1
25226,1
25361,1
25362,1
25363,1
25364,1
25365,1
25366,1
25367,1
25368,1
25369,1
25370,1
25371,1
25372,1
25373,1
25374,1
25375,1
25376,1
25377,1
25378,1
25379,1
25380,1
25381,1
25382,1
25383,7
25384,7
25385,7
25386,7
25387,7
25389,6
25390,6
25391,6
25392,6
25393,6
25394,6
25395,6
25396,6
25397,6
25398,6
25399,6
25400,6
25401,6
25403,6
25404,6
25405,6
25406,6
25407,6
25418,6
25419,6
25420,6
25421,6
25422,6
25423,6
25424,6
25543,6
25544,6
25545,6
25546,6
25547,6
25548,6
25549,6
25551,3
25552,3
25553,3
25554,3
25555,3
25563,3
25564,3
25565,3
25566,3
25567,3
25568,3
25569,3
25570,3
25653,3
25654,3
25655,3
25656,3
25657,3
25658,3
25659,3
25660,3
25661,6
25662,6
25663,6
25664,6
25665,6
25666,6
25667,6
25668,6
25670,1
25671,1
25672,1
25673,1
25674,1
25675,1
25676,1
25677,1
25678,1
25684,6
25685,6
25686,6
25687,6
25688,6
25689,6
25708,6
25709,6
25710,6
25716,1
25717,1
25718,1
25719,1
25720,1
25721,1
25722,1
25723,1
25724,1
25725,1
25726,1
25727,1
25728,1
25729,1
25735,3
25736,3
25737,3
25738,3
25739,3
25740,3
25762,3
25763,3
25764,3
25765,3
25766,3
25767,3
25768,3
25769,3
25770,3
25771,3
25772,3
25778,3
25779,3
25780,3
25781,3
25782,3
25783,3
25796,3
25797,3
25798,3
25799,3
25800,3
25801,3
25802,3
25803,3
25805,3
25806,3
25807,3
25808,3
25809,3
25810,3
25811,3
25812,3
25813,3
25814,3
25815,3
25816,3
25817,3
25818,3
25819,3
25820,3
25821,3
25822,3
25823,3
25824,3
25825,3
30645,3
30646,3
30647,3
30648,3
30649,3
30650,3
30651,3
30652,3
30653,3
30654,3
30655,3
30656,3
30662,3
30663,3
30664,3
30665,3
30666,3
30667,3
30668,3
30669,3
30670,3
30671,3
30672,3
30673,3
30674,3
30675,3
30676,3
30677,3
30678,3
30679,3
30680,3
30681,3
30682,3
30683,3
30684,3
30685,3
30686,3
30687,3
30688,3
30689,3
30690,3
30691,3
30692,3
30693,3
30694,3
30695,3
30696,3
30697,3
30698,3
30699,3
30700,3
30701,3
30702,3
30703,3
30704,3
30705,3
30706,3
30707,3
30708,3
30709,3
30710,3
30711,3
30712,3
30713,3
30714,3
30715,3
30716,3
30717,3
30718,3
30719,3
30720,3
30721,3
30722,3
30723,3
30724,3
30725,3
30726,3
30727,3
30728,3
30729,3
30730,3
30731,3
30732,3
30733,3
30734,3
30735,3
30736,3
30737,3
30738,3
30739,3
30740,3
30741,3
30742,3
30743,3
30744,3
30745,3
30746,3
30747,3
30748,3
30749,3
30750,3
30751,3
30752,3
30753,3
30754,3
30755,3
30756,3
30757,3
30758,3
30759,3
30760,3
30873,3
30874,3
30875,3
30876,3
30877,3
30885,3
30886,3
30887,3
30889,3
30890,3
30891,3
30892,3
30893,3
30894,3
30896,3
30899,3
30900,3
30906,3
30907,3
30908,3
30909,3
30910,3
30911,3
30922,3
30923,3
30924,3
30925,3
30926,3
30927,3
30928,3
30929,3
30930,3
30931,3
30932,3
30954,3
30955,3
30956,3
30957,3
30958,3
30959,3
30970,3
30971,3
30972,3
30973,3
30974,3
30975,3
30976,3
30977,3
30978,3
30984,3
30985,3
30986,3
30987,3
30988,3
30989,3
30990,3
30991,3
30992,3
30993,3
30999,3
31000,3
31001,3
31002,3
31003,3
31004,3
31005,3
31006,3
31007,3
31008,3
31009,3
31010,3
31011,3
31012,3
31013,3
31014,3
31015,3
31016,3
31017,3
31018,3
31019,3
31020,3
31021,3
31055,9
31056,9
31057,9
31058,9
31059,9
31061,3
31062,3
31063,3
31064,6
31065,6
31066,6
31067,6
31068,6
31073,6
31074,6
31075,6
31076,6
31077,6
31078,6
31079,6
31080,6
31081,6
31082,6
31083,6
31084,6
31085,6
31086,6
31087,6
31089,6
31090,6
31091,6
31092,6
31093,6
31094,6
31095,6
31096,6
31097,6
31100,6
31101,6
31102,6
31155,6
31156,6
31157,6
31158,6
31159,6
31164,6
31165,6
31166,6
31167,6
31168,6
31174,3
31175,3
31176,3
31177,3
31178,3
31179,3
31185,6
31186,6
31187,6
31188,6
31189,6
31190,6
31196,3
31197,3
31198,3
31199,3
31200,3
31201,3
31271,3
31272,3
31273,3
31274,3
31275,3
31278,3
31279,3
31280,3
31281,3
31282,3
31283,3
31284,3
31285,3
31286,3
31303,3
31304,3
31305,3
31306,3
31307,3
31308,3
31314,6
31315,6
31316,6
31317,6
31318,6
31323,6
31326,6
31327,6
31396,3
31397,3
31398,3
31399,3
31400,3
31403,3
31404,3
31405,3
31411,3
31412,3
31413,3
31414,3
31415,3
31416,3
31417,3
31418,3
31435,3
31436,3
31437,3
31438,3
31439,3
31442,3
31443,3
31444,3
31450,6
31451,6
31452,6
31453,6
31454,6
31455,6
31461,3
31462,3
31463,3
31464,3
31465,3
31466,3
31525,3
31526,3
31527,3
31528,3
31529,3
31530,3
31531,3
31532,3
31533,3
31822,3
31823,3
31824,3
31825,3
31826,3
31827,3
31828,3
31829,3
31830,3
31831,3
31832,3
38130,3
38131,3
38132,3
38133,3
38134,3
38135,3
38136,3
38137,3
38138,3
38139,3
38140,3
38142,3
38143,3
38144,3
38145,3
38146,3
38173,3
38174,3
38175,3
38176,3
38182,20
38183,20
38184,20
38185,20
38186,20
38191,20
38192,20
38193,20
38194,20
38195,20
38196,20
38197,20
38206,20
38207,20
38208,20
38209,20
38210,20
38211,20
38212,20
38214,14
38215,14
38216,14
38217,14
38218,14
38219,14
38220,14
38221,6
38222,6
38223,6
38224,6
38253,3
38254,3
38255,3
38256,3
38257,3
38258,3
38259,3
38260,3
38261,3
38267,3
38268,3
38269,3
38270,3
38271,3
38272,3
38273,3
38274,3
38280,3
38283,3
38284,3
38290,3
38291,3
38292,3
38293,3
38294,3
38299,3
38300,3
38301,3
38302,3
38303,3
38305,3
38306,3
38307,3
38308,3
38309,3
38310,3
38311,3
38312,3
38313,3
38314,3
38315,3
38316,3
38317,3
38345,3
38346,3
38414,3
38415,3
38416,3
38417,3
39008,3
39009,3
39010,3
39011,3
39012,3
39013,3
39014,3
39015,2
39016,2
39017,2
39018,2
39020,1
39021,1
39022,1
39023,1
39024,1
39025,1
39026,1
39027,1
39028,1
39029,1
39030,1
39031,1
39032,1
39033,1
39034,1
39035,1
39036,1
39037,1
39038,1
39039,1
39040,1
39041,1
39042,1
39043,1
39044,1
39045,1
39046,2
39047,2
39048,2
39049,2
39050,1
39051,1
39052,1
39053,1
39054,1
39055,1
39056,1
39057,1
39058,1
39059,1
39060,1
39061,1
39062,1
39063,1
39064,1
39065,1
39066,1
39067,1
39068,1
39069,1
39070,1
39071,1
39072,1
39073,1
39074,1
39075,1
39076,1
39077,1
39078,1
39079,1
39080,1
39081,1
39082,1
39083,1
39084,1
39085,1
39086,1
39088,2
39089,2
39090,2
39135,3
39136,3
39137,3
39138,3
39139,3
39140,3
39141,3
39147,3
39148,3
39149,3
39150,3
39152,3
39153,3
39154,3
39155,3
39156,3
39157,1
39158,1
39266,2
39267,2
39268,2
39270,3
39271,3
39272,3
39273,3
39274,3
39275,3
39276,3
39277,3
39278,3
39279,3
39280,1
39281,1
39283,2
39284,2
39285,2
39342,3
39343,3
39344,3
39345,3
39346,3
39347,3
39348,3
39349,3
39350,3
39391,6
39392,6
39393,6
39394,6
39395,6
39397,3
39399,3
39401,3
39403,3
39405,3
39407,3
39409,3
39411,3
39413,3
39415,3
39417,3
39418,6
39419,6
39425,1
39426,1
39427,1
39428,1
39429,1
39430,1
39431,1
39432,1
39433,1
39434,1
39435,1
39436,1
39437,1
39438,1
39439,1
39440,1
39441,1
39442,1
39443,1
39444,1
39445,1
39446,7
39447,7
39448,7
39449,7
39450,7
39452,6
39453,6
39454,6
39455,6
39456,6
39457,6
39458,6
39459,6
39460,6
39461,6
39462,6
39463,6
39464,6
39465,6
39467,3
39468,3
39469,3
39471,2
39472,2
39473,2
39474,2
39475,2
39476,2
39477,2
39478,2
39479,2
39480,2
39484,2
39485,2
39486,2
39487,2
39488,2
39489,2
39490,2
39491,2
39492,2
39493,2
39494,2
39495,2
39496,2
39497,2
39498,2
39499,2
39500,2
39501,2
39502,2
39503,2
39504,2
39505,2
39506,2
39507,2
39508,2
39509,2
39510,2
39511,2
39512,2
39513,2
39514,2
39515,3
39516,3
39517,3
39518,3
39520,3
39521,3
39522,3
39528,3
39529,3
39530,3
39531,3
39532,3
39533,3
39534,3
39535,6
39536,6
39537,6
39539,1
39540,1
39541,1
39543,1
39544,1
39545,1
39546,1
39547,1
39548,1
39549,1
39550,1
39551,1
39552,1
39556,1
39557,1
39558,1
39559,1
39560,1
39561,1
39562,1
39563,1
39564,1
39565,1
39566,1
39567,1
39568,1
39569,1
39570,1
39571,1
39572,1
39573,1
39574,1
39575,1
39576,1
39577,1
39578,1
39579,1
39580,1
39581,1
39629,3
39630,3
39631,3
39632,3
39633,3
39634,3
39635,3
39636,3
39637,3
39638,3
39639,3
39640,3
39641,3
39642,3
39643,3
39644,3
39645,3
39646,3
39647,3
39648,3
39649,3
39650,3
39651,3
39652,3
39653,3
39674,3
39675,3
39676,3
39677,3
39678,3
39692,3
39693,3
39694,3
39695,3
39696,3
39697,3
39698,3
39699,3
39700,3
39733,3
39734,3
39735,3
39736,3
39737,3
39741,3
39742,3
39743,3
39744,3
39745,3
39746,3
39795,3
39796,3
39797,3
39798,3
39799,3
39800,3
39801,3
39802,3
39803,3
39804,3
39805,3
39806,3
39807,3
39840,3
39841,3
39842,3
39843,3
39844,3
39845,3
39846,3
39847,3
39848,3
39849,3
39855,3
39856,3
39857,3
39858,3
39859,3
39860,3
39861,3
39862,3
39863,3
39864,3
39897,3
39898,3
39899,3
39900,3
39901,3
39902,3
39903,3
39904,3
39905,3
39906,3
39907,3
39913,3
39914,3
39915,3
39916,3
39917,3
39918,3
39919,3
39920,3
39926,3
39927,3
39928,3
39929,3
39930,3
39931,3
39932,3
39933,3
39939,3
39940,3
39941,3
39942,3
39943,3
39944,3
39945,3
39946,3
39952,3
39953,3
39954,3
39955,3
39956,3
39957,3
39958,3
39959,3
39965,3
39966,3
39967,3
39968,3
39969,3
39970,3
39971,3
39972,3
39978,3
39979,3
39980,3
39981,3
39982,3
39983,3
39984,3
39985,3
39991,3
39992,3
39993,3
39994,3
39995,3
39996,3
39997,3
39998,3
40004,3
40005,3
40006,3
40007,3
40008,3
40009,3
40010,3
40011,3
40017,3
40018,3
40019,3
40020,3
40021,3
40022,3
40023,3
40024,3
