15952,1
15953,1
15954,1
15955,1
15956,1
15957,1
15958,1
15959,1
15960,1
15961,1
15962,1
15963,1
15964,1
15965,1
15966,1
15967,1
15968,1
15969,1
15970,1
15971,1
15972,1
15973,1
15974,1
15975,1
15976,1
15977,1
15978,1
15979,1
15980,1
15981,1
15982,1
15983,1
15984,1
15985,1
15986,1
15987,1
15988,1
15989,1
15990,1
15991,1
15992,1
15993,1
15994,1
15995,1
15996,1
15997,1
15998,1
15999,1
16000,1
16001,1
16002,1
16003,1
16004,1
16005,1
16006,1
16007,1
16008,1
16009,1
16010,1
16011,1
16012,1
16013,1
16014,1
16015,1
16016,1
16017,1
16018,1
16019,1
16020,1
16021,1
16022,1
16023,1
16024,1
16025,1
16026,1
16027,1
20997,1
20998,1
20999,1
21000,1
21001,1
21002,1
21003,1
21004,1
21005,1
21006,1
21007,1
21008,1
21009,1
21010,1
21011,1
21012,1
21013,1
21014,1
21015,1
21016,1
21017,1
21018,1
21019,1
21020,1
21021,1
21022,1
21023,1
21024,1
21025,1
21026,1
21027,1
21028,1
21029,1
21030,1
21031,1
21032,1
21033,1
21034,1
21035,1
21036,1
21037,1
21038,1
21039,1
21040,1
21041,1
21042,1
21043,1
21044,1
21045,1
21046,1
21047,1
21048,1
21049,1
21050,1
21051,1
21052,1
21053,1
21054,1
21055,1
21056,1
21057,1
21058,1
21059,1
21288,1
21289,1
21290,1
21291,1
21292,1
21293,1
21294,1
21295,1
21296,1
21297,1
21298,1
21299,1
21300,1
21301,1
21302,1
21303,1
21304,1
21305,1
21306,1
21307,1
21308,1
21309,1
21310,1
21311,1
21317,3
21318,3
21319,3
21320,3
21321,3
21322,3
21323,3
21324,3
21325,3
21326,3
21327,3
21328,3
21329,3
21330,3
21331,3
21332,3
21341,3
21342,3
21343,3
21344,3
21345,3
21346,3
21347,3
21348,3
21349,3
21350,3
21351,3
21352,3
21361,3
21362,3
21363,3
21364,3
21365,3
21366,3
21367,3
21369,1
21370,1
21371,1
21372,2
21373,2
21374,2
21375,2
21376,2
21377,7
21378,7
21379,7
21381,7
21382,7
21383,7
21384,7
21385,7
21386,7
21387,7
21388,7
21389,7
21390,7
21391,7
21393,5
21395,5
21400,5
21401,5
21402,5
21404,2
21405,2
21406,2
21407,2
21409,2
21410,2
21411,2
21412,2
21490,2
21491,2
21492,2
21493,2
21494,2
21495,2
22567,1
22568,1
22569,1
22570,1
22571,1
22572,1
22573,1
22574,1
22575,1
22576,1
22577,1
22578,1
22579,1
22580,1
22581,1
22582,1
22583,1
22584,1
22600,1
22601,1
22602,1
22603,1
22604,1
22605,1
22606,1
22607,1
22608,1
22609,1
22610,1
22611,1
22612,1
22613,1
22614,1
22615,1
22616,1
22617,1
22618,1
22619,1
22620,1
22621,1
22622,1
22623,1
22628,1
22629,1
22630,1
22631,1
22632,1
22633,1
22634,1
22635,2
22636,2
22637,2
22638,2
22639,2
22640,2
22641,2
22642,2
22643,2
22644,2
22645,2
22646,2
22647,2
22648,2
22649,2
22650,2
22651,2
22652,2
22653,2
22654,2
22655,2
22656,2
22657,2
22658,2
22659,2
22660,2
22661,2
22662,2
22663,2
22664,2
22665,2
22666,2
22667,2
22668,2
22669,2
22670,2
22672,1
22673,1
22674,1
22675,1
22676,1
22677,1
22678,1
22679,1
22680,1
22681,1
22682,1
22683,1
22684,1
22685,1
22686,1
22687,1
22688,1
22690,1
22691,1
22697,1
22698,1
22699,1
22700,1
22701,1
22702,1
22703,1
22704,1
22705,1
22706,1
22707,1
22708,1
22709,1
22710,1
22711,1
22712,1
22713,1
22714,1
22715,1
22716,1
22798,2
22799,2
22800,2
22801,2
22802,2
22804,2
22805,2
22806,2
22812,2
22813,2
22814,2
22815,2
22816,2
22817,2
22818,2
22819,2
22820,2
22822,2
22823,2
22824,2
22825,2
22826,2
22827,2
22828,2
22829,2
22835,2
22836,2
22837,2
22838,2
22839,2
22840,2
22841,2
22842,2
22843,2
40464,1
40465,1
40466,1
40467,1
40468,1
40469,1
40470,1
40513,1
40514,1
40515,1
40516,1
40517,1
40518,1
40519,1
40520,1
