1485,1
1486,1
1487,1
1488,1
1489,1
1490,1
1491,1
1497,1
1498,1
1499,1
1500,1
1501,1
1502,1
1503,1
1515,1
1516,1
1517,1
1524,4
1525,4
1526,4
1527,4
1528,4
1529,4
1535,1
1536,1
1537,1
1538,1
1539,1
1540,1
1546,1
1547,1
1548,1
1549,1
1550,1
1551,1
1552,1
1553,1
1554,1
1555,1
1556,1
1557,1
1558,1
1559,1
1607,1
1608,1
1609,1
1610,1
1611,1
1612,1
1613,1
1614,1
1615,1
1616,1
1617,1
1618,1
1619,1
1620,11
1621,11
1622,11
1623,11
1625,10
1626,10
1627,10
1628,10
1629,10
1630,10
1631,10
1632,10
1633,10
1634,10
1635,10
1637,1
1638,1
1639,1
1640,1
1641,1
1642,1
1643,1
1644,1
1645,1
1646,1
1647,1
1648,1
1663,1
1664,1
1665,1
1666,1
1667,1
1668,1
1669,1
1670,1
1671,1
1672,1
1673,1
1674,1
1675,1
1676,1
1677,1
1678,1
1679,1
1680,1
1681,1
1682,1
1689,1
1690,1
1691,1
1692,1
1693,1
1694,1
1695,1
1696,1
1697,1
1698,1
1699,1
1700,1
1701,1
1702,1
1703,1
1704,1
1705,1
1706,1
1707,1
1708,1
1709,1
1710,2
1711,2
1712,2
1713,2
1714,2
1716,1
1717,1
1718,1
1719,1
1720,1
1721,1
1722,1
1723,1
1724,1
1725,1
1726,1
1727,1
1728,1
1734,1
1735,1
1736,1
1737,1
1738,1
1739,1
1740,1
1759,1
1760,1
1761,1
1762,1
1763,1
1764,1
1765,1
1767,1
1768,1
1769,1
1790,1
1791,1
1792,1
1793,1
1794,1
1795,1
1796,1
1797,1
1814,1
1815,1
1816,1
1849,1
1850,1
1852,1
1853,1
1854,1
1855,1
1856,1
1857,1
1858,1
1859,1
1860,1
1861,1
1862,1
1863,1
1864,1
1865,1
1866,1
1872,1
1873,1
1874,1
1875,1
1876,1
1877,1
1878,1
1879,1
1938,1
1939,1
1940,1
1941,1
1942,1
1944,1
1945,1
1946,1
1957,1
1958,1
1959,1
1965,1
1966,1
1967,1
1968,1
1969,1
1970,1
1971,1
1972,1
1973,1
1974,1
1975,1
1976,1
1977,1
1978,1
1979,1
2005,1
2006,1
2007,1
2008,1
2009,1
2010,1
2011,1
2012,1
2013,1
2014,1
2015,1
2016,1
2017,1
2018,1
2019,1
2020,1
2021,1
2022,1
2023,1
2024,1
2025,1
2026,1
2028,1
2029,1
2030,1
2031,1
2032,1
2033,1
2034,1
2035,1
2036,1
2037,1
2038,1
2039,1
2040,1
2041,1
2042,1
2043,1
2044,1
2045,1
2046,1
2052,1
2053,1
2054,1
2055,1
2056,1
2058,1
2059,1
2060,1
2227,1
2228,1
2229,1
2230,1
2231,1
2232,1
2233,1
2234,1
2235,1
2236,1
2237,1
2238,1
2239,1
2240,1
2241,1
2242,1
2243,1
2244,1
2245,1
2246,1
2247,1
2248,1
2254,1
2255,1
2256,1
2257,1
2258,1
2259,1
2260,1
2272,1
2273,1
2274,1
2275,1
2276,1
2277,1
2278,1
2279,1
2311,1
2312,1
2313,1
11275,1
11276,1
11277,1
11278,1
11279,1
11280,1
11281,1
11282,1
11283,1
11284,1
11285,1
11286,1
11287,1
11288,1
11289,1
11290,1
11291,1
11292,1
11293,1
11294,1
11295,1
11296,1
11297,1
11298,1
11300,1
11301,1
11302,1
11303,1
11304,1
11305,1
11306,1
11352,4
11353,4
11354,4
11355,4
11356,4
11357,4
11358,4
11359,4
11360,4
11361,4
11362,4
11363,4
11364,4
11365,4
11366,4
11367,4
11368,4
11370,4
11371,4
11372,4
11373,4
11374,4
11375,4
11376,4
11377,4
11378,4
11393,1
11394,1
11395,1
11396,1
11397,1
11398,1
11399,1
11400,1
11401,1
11402,1
11403,1
11404,1
11405,1
11411,1
11412,1
11413,1
11414,1
11415,1
11416,1
11417,1
11418,1
11419,1
11420,1
11421,1
11422,1
11423,1
11443,1
11444,1
11445,1
11446,1
11447,1
11448,1
11449,1
11450,1
11451,1
11480,1
11481,1
11482,1
11483,1
11484,1
11485,1
11486,1
11487,1
11488,1
11489,1
11490,1
11491,1
11492,1
11493,1
11494,1
11495,1
11496,1
11505,1
11508,1
11509,1
11538,1
11539,1
11540,1
11541,1
11542,1
11543,1
11544,1
11545,1
11546,1
11547,1
11548,1
11549,1
11550,1
11614,1
11615,1
11616,1
11617,1
11618,1
11619,1
11620,1
11621,1
11622,1
11623,1
11624,1
11625,1
11626,1
11627,1
11628,1
11629,1
11630,1
11631,1
11632,1
11633,1
11634,1
11635,1
11636,1
11637,1
11638,1
11662,1
11663,1
11664,1
11665,1
11666,1
11667,1
11668,1
11669,1
11670,1
11671,1
11672,1
11673,1
11674,1
12043,1
12044,1
12045,1
12046,1
12047,1
12052,1
12053,1
12054,1
12055,1
12056,1
12057,1
12058,1
12059,1
12060,1
12061,1
12069,1
12070,1
12155,1
12156,1
12157,1
12158,1
12159,1
12160,1
12161,1
12162,1
12163,1
12164,1
12165,1
12166,1
12167,1
12168,1
12169,1
12170,1
12171,2
12172,2
12173,2
12174,2
12176,1
12177,1
12178,1
12179,1
12180,1
12181,1
12182,1
12183,1
12184,1
12185,1
12186,1
12188,1
12189,1
12190,1
12191,1
12192,1
12193,1
12194,1
12195,1
12196,1
12197,1
12198,1
12200,1
12201,1
12202,1
12203,1
12204,1
12213,1
12214,1
12327,1
12328,1
12329,1
12330,1
12331,1
12332,1
12333,1
12334,1
12335,1
12336,1
12337,1
25212,1
25213,1
25214,1
25215,1
25216,1
25217,1
25218,1
25219,1
25220,1
25221,1
25222,1
25223,1
25224,1
25225,1
25226,1
25361,1
25362,1
25363,1
25364,1
25365,1
25366,1
25367,1
25368,1
25369,1
25370,1
25371,1
25372,1
25373,1
25374,1
25375,1
25376,1
25377,1
25378,1
25379,1
25380,1
25381,1
25382,1
25383,2
25384,2
25385,2
25386,2
25387,2
25389,1
25390,1
25391,1
25392,1
25393,1
25394,1
25395,1
25396,1
25397,1
25398,1
25399,1
25400,1
25401,1
25403,1
25404,1
25405,1
25406,1
25407,1
25418,1
25419,1
25420,1
25421,1
25422,1
25423,1
25424,1
25426,1
25427,1
25428,1
25429,1
25430,1
25431,1
25432,1
25433,1
25434,1
25435,1
25437,1
25446,1
25447,1
25448,1
25449,1
25450,1
25451,1
25452,1
25453,1
25454,1
25455,1
25456,1
25457,1
25458,1
25459,1
25460,1
25471,1
25472,1
25473,1
25474,1
25475,1
25488,1
25489,1
25490,1
25491,1
25492,1
25493,1
25494,1
25495,1
25496,1
25497,1
25498,1
25499,1
25500,1
25501,1
25502,1
25503,1
25504,1
25505,1
25506,1
25507,1
25508,1
25509,1
25510,1
25511,1
25512,1
25513,1
25514,1
25515,1
25516,1
25517,1
25518,1
25519,1
25520,1
25521,1
25522,1
25523,1
25524,1
25525,1
25526,1
25540,1
25541,1
25661,1
25662,1
25663,1
25664,1
25665,1
25666,1
25667,1
25668,1
25670,1
25671,1
25672,1
25673,1
25674,1
25675,1
25676,1
25677,1
25678,1
25684,1
25685,1
25686,1
25687,1
25688,1
25689,1
25708,1
25709,1
25710,1
25716,1
25717,1
25718,1
25719,1
25720,1
25721,1
25722,1
25723,1
25724,1
25725,1
25726,1
25727,1
25728,1
25729,1
30984,10
30985,10
30986,10
30987,10
30988,10
30989,10
30990,10
30991,10
30992,10
30993,10
30999,1
31000,1
31001,1
31002,1
31003,1
31004,1
31005,1
31006,1
31007,1
31008,1
31009,1
31010,1
31011,1
31012,1
31013,1
31014,1
31015,1
31016,1
31017,1
31018,1
31019,1
31020,1
31021,1
31055,2
31056,2
31057,2
31058,2
31059,2
31064,2
31065,2
31066,2
31067,2
31068,2
31073,2
31074,2
31075,2
31076,2
31077,2
31078,2
31079,2
31080,2
31081,2
31082,2
31083,2
31084,2
31085,2
31086,2
31087,2
31089,2
31090,2
31091,2
31092,2
31093,2
31094,2
31095,2
31096,2
31097,2
31101,2
31102,2
31155,1
31156,1
31157,1
31158,1
31159,1
31161,1
31162,1
31167,1
31168,1
31174,1
31175,1
31176,1
31177,1
31178,1
31179,1
31271,1
31272,1
31273,1
31274,1
31275,1
31285,1
31286,1
31303,1
31304,1
31305,1
31306,1
31307,1
31308,1
31314,1
31315,1
31316,1
31317,1
31318,1
31323,1
31326,1
31327,1
31411,1
31412,1
31413,1
31414,1
31415,1
31416,1
31417,1
31418,1
31424,1
31425,1
31426,1
31427,1
31428,1
31429,1
31450,1
31451,1
31452,1
31453,1
31454,1
31455,1
35677,1
35678,1
35679,1
35680,1
35681,1
35682,1
35683,1
35684,1
35685,1
35686,1
35687,1
35688,1
35689,1
35690,1
35691,1
35692,1
35693,1
35694,1
35695,1
35696,1
35697,1
35698,1
35699,1
35700,1
35701,1
35702,1
35703,1
35704,1
35705,1
35706,1
35707,1
35708,1
35709,1
35710,1
35711,1
35712,1
35713,1
35714,1
35715,1
35716,1
35717,1
35718,1
35719,1
35720,1
35721,1
35722,1
35723,1
35724,1
35725,1
35726,1
35727,1
35728,1
35729,1
35730,1
35731,1
35732,1
35733,1
35734,1
35735,1
35736,1
35737,1
38182,6
38183,6
38184,6
38185,6
38186,6
38191,6
38192,6
38193,6
38194,6
38195,6
38196,6
38197,6
38199,3
38200,3
38201,3
38202,3
38203,3
38204,3
38205,3
38206,3
38207,3
38208,3
38209,3
38210,3
38211,3
38212,3
38221,3
38222,3
38223,3
38224,3
