1481,1
1482,1
1483,1
1484,1
1485,1
1486,1
1487,1
1493,1
1494,1
1495,1
1496,1
1497,1
1498,1
1499,1
1511,1
1512,1
1513,1
1520,5
1521,5
1522,5
1523,5
1524,5
1525,5
1531,1
1532,1
1533,1
1534,1
1535,1
1536,1
1542,1
1543,1
1544,1
1545,1
1546,1
1547,1
1548,1
1549,1
1550,1
1551,1
1552,1
1553,1
1554,1
1555,1
1603,1
1604,1
1605,1
1606,1
1607,1
1608,1
1609,1
1610,1
1611,1
1612,1
1613,1
1614,1
1615,1
1617,10
1618,10
1619,10
1620,10
1621,10
1622,10
1623,10
1624,10
1625,10
1626,10
1627,11
1628,11
1629,11
1630,11
1631,11
1633,1
1634,1
1635,1
1636,1
1637,1
1638,1
1639,1
1640,1
1653,1
1654,1
1655,1
1656,1
1657,1
1659,1
1660,1
1661,1
1662,1
1663,1
1664,1
1665,1
1666,1
1667,1
1668,1
1669,1
1670,1
1671,1
1672,1
1673,1
1674,1
1675,1
1676,1
1677,1
1678,1
1685,1
1686,1
1687,1
1688,1
1689,1
1690,1
1691,1
1692,1
1693,1
1694,1
1695,1
1696,1
1697,1
1698,1
1699,1
1700,1
1701,1
1702,1
1703,1
1704,1
1705,1
1706,1
1707,1
1709,1
1710,1
1711,1
1712,1
1713,1
1714,1
1715,1
1716,1
1717,1
1718,1
1719,1
1720,1
1721,1
1729,1
1730,1
1731,1
1732,1
1733,1
1734,1
1735,1
1758,1
1759,1
1760,1
1761,1
1762,1
1763,1
1764,1
1766,1
1767,1
1768,1
1791,1
1792,1
1793,1
1794,1
1795,1
1796,1
1797,1
1798,1
1799,1
1800,1
1817,1
1818,1
1819,1
1852,2
1853,2
1854,2
1855,2
1856,2
1858,1
1859,1
1860,1
1861,1
1862,1
1863,1
1864,1
1865,1
1866,1
1867,1
1868,1
1869,1
1870,1
1871,1
1872,1
1878,1
1879,1
1880,1
1881,1
1882,1
1884,1
1885,1
1886,1
1887,1
1888,1
1889,1
1890,1
1891,1
1892,1
1893,1
1894,1
1895,1
1896,1
1897,1
1913,1
1914,1
1915,1
1916,1
1917,1
1918,1
1919,1
1920,1
1921,1
1922,1
1923,1
1924,1
1937,2
1938,2
1939,2
1940,2
1941,2
1943,1
1944,1
1945,1
1946,1
1947,1
1962,1
1963,1
1964,1
1970,1
1971,1
1972,1
1973,1
1974,1
1975,1
1976,1
1977,1
1978,1
1979,1
1980,1
1981,1
1982,1
1983,1
1984,1
2008,1
2009,1
2010,1
2011,1
2012,1
2013,1
2014,1
2015,1
2016,1
2017,1
2018,1
2019,1
2020,1
2021,1
2022,1
2023,1
2024,1
2025,1
2026,1
2027,1
2028,1
2029,1
2031,1
2032,1
2033,1
2034,1
2035,1
2036,1
2037,1
2038,1
2039,1
2040,1
2041,1
2042,1
2043,1
2044,1
2045,1
2046,1
2047,1
2048,1
2049,1
2055,1
2056,1
2057,1
2058,1
2059,1
2061,1
2062,1
2063,1
2228,1
2229,1
2230,1
2231,1
2232,1
2233,1
2234,1
2235,1
2236,1
2237,1
2238,1
2239,1
2240,1
2241,1
2242,1
2243,1
2244,1
2245,1
2246,1
2247,1
2248,1
2249,1
2255,1
2256,1
2257,1
2258,1
2259,1
2260,1
2261,1
2273,1
2274,1
2275,1
2276,1
2277,1
2278,1
2279,1
2280,1
2312,1
2313,1
2314,1
11236,1
11237,1
11238,1
11239,1
11240,1
11241,1
11242,1
11243,1
11244,1
11245,1
11246,1
11247,1
11248,1
11249,1
11250,1
11251,1
11252,1
11253,1
11254,1
11255,1
11256,1
11257,1
11258,1
11259,1
11261,1
11262,1
11263,1
11264,1
11265,1
11266,1
11267,1
11313,4
11314,4
11315,4
11316,4
11317,4
11318,4
11319,4
11320,4
11321,4
11322,4
11323,4
11324,4
11325,4
11326,4
11327,4
11328,4
11329,4
11331,4
11332,4
11333,4
11334,4
11335,4
11336,4
11337,4
11338,4
11339,4
11354,1
11355,1
11356,1
11357,1
11358,1
11359,1
11360,1
11361,1
11362,1
11363,1
11364,1
11365,1
11366,1
11372,1
11373,1
11374,1
11375,1
11376,1
11377,1
11378,1
11379,1
11380,1
11381,1
11382,1
11383,1
11384,1
11404,1
11405,1
11406,1
11407,1
11408,1
11409,1
11410,1
11411,1
11412,1
11441,2
11442,2
11443,2
11444,2
11445,2
11446,2
11447,2
11448,2
11449,2
11450,2
11451,2
11452,2
11453,2
11454,2
11455,2
11456,2
11457,2
11459,1
11460,1
11461,1
11462,1
11463,1
11464,1
11466,1
11467,1
11468,1
11497,1
11498,1
11499,1
11500,1
11501,1
11502,1
11503,1
11504,1
11505,1
11506,1
11507,1
11508,1
11509,1
11573,1
11574,1
11575,1
11576,1
11577,1
11578,1
11579,1
11580,1
11581,1
11582,1
11583,1
11584,1
11585,1
11586,1
11587,1
11588,1
11589,1
11590,1
11591,1
11592,1
11593,1
11594,1
11595,1
11596,1
11597,1
11621,1
11622,1
11623,1
11624,1
11625,1
11626,1
11627,1
11628,1
11629,1
11630,1
11631,1
11632,1
11633,1
12002,1
12003,1
12004,1
12005,1
12006,1
12011,1
12012,1
12013,1
12014,1
12015,1
12016,1
12017,1
12018,1
12019,1
12020,1
12023,1
12024,1
12025,1
12026,1
12027,1
12028,1
12029,1
12114,1
12115,1
12116,1
12117,1
12118,1
12119,1
12120,1
12121,1
12122,1
12123,1
12124,1
12125,1
12126,1
12127,1
12128,1
12129,1
12131,1
12132,1
12133,1
12134,1
12135,1
12136,1
12137,1
12138,1
12139,1
12140,1
12141,1
12142,1
12144,1
12145,1
12146,1
12147,1
12148,1
12149,1
12150,1
12151,1
12152,1
12153,2
12154,2
12155,2
12156,2
12157,2
12159,1
12160,1
12161,1
12162,1
12163,1
12166,1
12167,1
12168,1
12169,1
12170,1
12171,1
12172,1
12173,1
12286,1
12287,1
12288,1
12289,1
12290,1
12291,1
12292,1
12293,1
12294,1
12295,1
12296,1
25582,1
25583,1
25584,1
25585,1
25586,1
25587,1
25588,1
25589,1
25590,1
25591,1
25592,1
25593,1
25594,1
25595,1
25596,1
25597,1
25598,1
25734,1
25735,1
25736,1
25737,1
25738,1
25739,1
25740,1
25741,1
25742,1
25743,1
25744,1
25745,1
25746,1
25747,1
25748,1
25749,1
25750,1
25751,1
25752,1
25753,1
25754,1
25755,1
25756,1
25757,1
25759,2
25760,2
25761,2
25762,2
25763,2
25764,2
25765,2
25766,2
25767,2
25768,2
25769,2
25770,2
25771,2
25773,2
25774,2
25775,2
25776,2
25777,2
25790,2
25791,2
25792,2
25793,2
25794,2
25795,2
25796,2
25798,1
25799,1
25800,1
25801,1
25802,1
25803,1
25804,1
25805,1
25806,1
25807,1
25809,1
25818,1
25819,1
25820,1
25821,1
25822,1
25823,1
25824,1
25825,1
25826,1
25827,1
25828,1
25829,1
25830,1
25831,1
25832,1
25845,1
25846,1
25847,1
25848,1
25861,1
25862,1
25863,1
25864,1
25865,1
25866,1
25867,1
25868,1
25869,1
25870,1
25871,1
25872,1
25873,1
25874,1
25875,1
25876,1
25877,1
25878,1
25879,1
25880,1
25881,1
25882,1
25883,1
25884,1
25885,1
25886,1
25887,1
25888,1
25889,1
25890,1
25891,1
25892,1
25893,1
25894,1
25895,1
25896,1
25897,1
25914,1
25915,1
25916,1
25917,1
25918,1
25919,1
25920,1
26025,1
26026,1
26027,1
26028,1
26029,1
26030,1
26031,1
26032,1
26033,2
26034,2
26035,2
26036,2
26037,2
26038,2
26039,3
26040,3
26041,3
26042,3
26043,3
26045,1
26046,1
26047,1
26048,1
26049,1
26050,1
26051,1
26052,1
26053,1
26059,2
26060,2
26061,2
26062,2
26063,2
26064,2
26085,2
26086,2
26087,2
26093,1
26094,1
26095,1
26096,1
26097,1
26098,1
26099,1
26100,1
26101,1
26102,1
26103,1
26104,1
26105,1
26106,1
26112,1
26113,1
26114,1
26115,1
26116,1
26117,1
26139,1
26140,1
26141,1
26142,1
26143,1
26144,1
26145,1
26146,1
26147,1
26148,1
26149,1
31384,1
31385,1
31386,1
31387,1
31388,1
31396,1
31397,1
31398,1
31400,1
31401,1
31402,1
31403,1
31404,1
31405,1
31407,1
31408,1
31416,1
31417,1
31418,1
31419,1
31420,1
31421,1
31432,1
31433,1
31434,1
31435,1
31436,1
31437,1
31438,1
31439,1
31440,1
31441,1
31442,1
31468,1
31469,1
31470,1
31471,1
31472,1
31473,1
31484,1
31485,1
31486,1
31487,1
31488,1
31489,1
31490,1
31491,1
31492,1
31498,10
31499,10
31500,10
31501,10
31502,10
31503,10
31504,10
31505,10
31506,10
31507,10
31513,1
31514,1
31515,1
31516,1
31517,1
31518,1
31519,1
31520,1
31521,1
31522,1
31523,1
31524,1
31525,1
31526,1
31527,1
31528,1
31529,1
31530,1
31531,1
31532,1
31533,1
31534,1
31535,1
31567,2
31568,2
31569,2
31570,2
31571,2
31576,2
31577,2
31578,2
31579,2
31580,2
31585,2
31586,2
31587,2
31588,2
31589,2
31590,2
31591,2
31592,2
31593,2
31594,2
31595,2
31596,2
31597,2
31598,2
31599,2
31601,2
31602,2
31603,2
31604,2
31605,2
31606,2
31607,2
31608,2
31609,2
31611,2
31666,1
31667,1
31668,1
31669,1
31670,1
31672,1
31673,1
31678,1
31679,1
31685,1
31686,1
31687,1
31688,1
31689,1
31690,1
31782,1
31783,1
31784,1
31785,1
31786,1
31789,1
31790,1
31791,1
31792,1
31793,1
31794,1
31795,1
31796,1
31797,1
31814,1
31815,1
31816,1
31817,1
31818,1
31819,1
31825,2
31826,2
31827,2
31828,2
31829,2
31835,2
31836,2
31916,1
31917,1
31918,1
31919,1
31920,1
31921,1
31922,1
31923,1
31940,1
31941,1
31942,1
31943,1
31944,1
31947,1
31948,1
31954,1
31955,1
31956,1
31957,1
31958,1
31959,1
31965,1
31966,1
31967,1
31968,1
31969,1
31970,1
32031,1
32032,1
32033,1
32034,1
32035,1
32036,1
32037,1
32038,1
32039,1
35803,1
35804,1
35805,1
35806,1
35807,1
35808,1
35809,1
35810,1
35811,1
35812,1
35813,1
35814,1
35815,1
35816,1
35817,1
35818,1
35819,1
35820,1
35821,1
35822,1
35823,1
35824,1
35825,1
35826,1
35827,1
35828,1
35829,1
35830,1
35831,1
35832,1
35833,1
35834,1
35835,1
35836,1
35837,1
35838,1
35839,1
35840,1
35841,1
35842,1
35843,1
35844,1
35845,1
35846,1
35847,1
35848,1
35849,1
35850,1
35851,1
35852,1
35853,1
35854,1
35855,1
35856,1
35857,1
35858,1
35859,1
35860,1
35861,1
35862,1
35863,1
35864,1
35865,1
35866,1
35867,1
35868,1
35869,1
38695,1
38696,1
38697,1
38698,1
38699,1
38700,1
38701,1
38702,1
38703,1
38704,1
38705,1
38707,1
38708,1
38709,1
38710,1
38711,1
38738,1
38739,1
38740,1
38741,1
38747,7
38748,7
38749,7
38750,7
38751,7
38756,7
38757,7
38758,7
38759,7
38760,7
38761,7
38762,7
38764,3
38765,3
38766,3
38767,3
38768,3
38769,3
38770,3
38771,4
38772,4
38773,4
38774,4
38775,4
38776,4
38777,4
38786,4
38787,4
38788,4
38789,4
