1481,1
1482,1
1483,1
1484,1
1485,1
1486,1
1487,1
1493,1
1494,1
1495,1
1496,1
1497,1
1498,1
1499,1
1511,1
1512,1
1513,1
1520,6
1521,6
1522,6
1523,6
1524,6
1525,6
1531,1
1532,1
1533,1
1534,1
1535,1
1536,1
1561,1
1562,1
1563,1
1564,1
1565,1
1566,1
1567,1
1568,1
1569,1
1570,1
1571,1
1572,1
1573,1
1574,1
1575,1
1576,1
1603,1
1604,1
1605,1
1606,1
1607,1
1608,1
1609,1
1610,1
1611,1
1612,1
1613,1
1614,1
1615,1
1617,11
1618,11
1619,11
1620,11
1621,11
1622,11
1623,11
1624,11
1625,11
1626,11
1627,12
1628,12
1629,12
1630,12
1631,12
1633,1
1634,1
1635,1
1636,1
1637,1
1638,1
1639,1
1640,1
1653,1
1654,1
1655,1
1656,1
1657,1
1659,1
1660,1
1661,1
1662,1
1663,1
1664,1
1665,1
1666,1
1667,1
1668,1
1669,1
1670,1
1671,1
1672,1
1673,1
1674,1
1675,1
1676,1
1677,1
1678,1
1685,1
1686,1
1687,1
1688,1
1689,1
1690,1
1691,1
1692,1
1693,1
1694,1
1695,1
1696,1
1697,1
1698,1
1699,1
1700,1
1701,1
1702,1
1703,1
1704,1
1705,1
1706,1
1707,1
1709,1
1710,1
1711,1
1712,1
1713,1
1714,1
1715,1
1716,1
1717,1
1718,1
1719,1
1720,1
1721,1
1729,1
1730,1
1731,1
1732,1
1733,1
1734,1
1735,1
1758,1
1759,1
1760,1
1761,1
1762,1
1763,1
1764,1
1766,1
1767,1
1768,1
1770,1
1771,1
1772,1
1773,1
1774,1
1775,1
1791,1
1792,1
1793,1
1794,1
1795,1
1796,1
1797,1
1798,1
1799,1
1800,1
1817,1
1818,1
1819,1
1852,2
1853,2
1854,2
1855,2
1856,2
1858,1
1859,1
1860,1
1861,1
1862,1
1863,1
1864,1
1865,1
1866,1
1867,1
1868,1
1869,1
1870,1
1871,1
1872,1
1878,1
1879,1
1880,1
1881,1
1882,1
1884,1
1885,1
1886,1
1887,1
1888,1
1889,1
1890,1
1891,1
1892,1
1893,1
1894,1
1895,1
1896,1
1897,1
1913,1
1914,1
1915,1
1916,1
1917,1
1918,1
1919,1
1920,1
1921,1
1922,1
1923,1
1924,1
1937,2
1938,2
1939,2
1940,2
1941,2
1943,1
1944,1
1945,1
1946,1
1947,1
1962,1
1963,1
1964,1
1970,1
1971,1
1972,1
1973,1
1974,1
1975,1
1976,1
1977,1
1978,1
1979,1
1980,1
1981,1
1982,1
1983,1
1984,1
2008,1
2009,1
2010,1
2011,1
2012,1
2013,1
2014,1
2015,1
2016,1
2017,1
2018,1
2019,1
2020,1
2021,1
2022,1
2023,1
2024,1
2025,1
2026,1
2027,1
2028,1
2029,1
2031,1
2032,1
2033,1
2034,1
2035,1
2036,1
2037,1
2038,1
2039,1
2040,1
2041,1
2042,1
2043,1
2044,1
2045,1
2046,1
2047,1
2048,1
2049,1
2055,1
2056,1
2057,1
2058,1
2059,1
2061,1
2062,1
2063,1
2228,1
2229,1
2230,1
2231,1
2232,1
2233,1
2234,1
2235,1
2236,1
2237,1
2238,1
2239,1
2240,1
2241,1
2242,1
2243,1
2244,1
2245,1
2246,1
2247,1
2248,1
2249,1
2255,1
2256,1
2257,1
2258,1
2259,1
2260,1
2261,1
2273,1
2274,1
2275,1
2276,1
2277,1
2278,1
2279,1
2280,1
2312,1
2313,1
2314,1
10928,1
10929,1
10930,1
10931,1
10932,1
10933,1
10934,1
10935,1
10936,1
10937,1
10938,1
10939,1
10940,1
10941,1
10942,1
10943,1
10944,1
10945,1
10946,1
10947,1
10948,1
10949,1
10950,1
10951,1
10952,1
10953,1
10954,1
10955,1
10956,1
10957,1
10958,1
10959,1
10960,1
10961,1
10962,1
10963,1
10964,1
10965,1
10966,1
10967,1
10968,1
10974,11
10975,11
10976,11
10977,11
10978,11
10979,11
10980,11
10981,11
10982,11
10983,11
10984,11
10985,11
10986,11
10988,6
10989,6
10990,6
10991,6
10992,6
10993,6
10994,6
10995,6
10996,6
10997,6
10998,6
10999,6
11000,11
11001,11
11002,11
11003,11
11004,11
11036,11
11037,11
11038,11
11039,11
11040,11
11041,11
11042,11
11043,11
11044,11
11045,11
11046,11
11047,11
11048,11
11313,2
11314,2
11315,2
11316,2
11317,2
11318,2
11319,2
11320,2
11321,2
11322,2
11323,2
11324,2
11325,2
11326,2
11327,2
11328,2
11329,2
11331,2
11332,2
11333,2
11334,2
11335,2
11336,2
11337,2
11338,2
11339,2
11354,1
11355,1
11356,1
11357,1
11358,1
11359,1
11360,1
11361,1
11362,1
11363,1
11364,1
11365,1
11366,1
11372,1
11373,1
11374,1
11375,1
11376,1
11377,1
11378,1
11379,1
11380,1
11381,1
11382,1
11383,1
11384,1
11404,1
11405,1
11406,1
11407,1
11408,1
11409,1
11410,1
11411,1
11412,1
11441,5
11442,5
11443,5
11444,5
11445,5
11446,5
11447,5
11448,5
11449,5
11450,5
11451,5
11452,5
11453,5
11454,5
11455,5
11456,5
11457,5
11459,1
11460,1
11461,1
11462,1
11463,1
11464,1
11466,1
11467,4
11468,4
11497,1
11498,1
11499,1
11500,1
11501,1
11502,1
11503,1
11504,1
11505,1
11506,1
11507,1
11508,1
11509,1
11573,1
11574,1
11575,1
11576,1
11577,1
11578,1
11579,1
11580,1
11581,1
11582,1
11583,1
11584,1
11585,1
11586,1
11587,1
11588,1
11589,1
11590,1
11591,1
11592,1
11593,1
11594,1
11595,1
11596,1
11597,1
11621,1
11622,1
11623,1
11624,1
11625,1
11626,1
11627,1
11628,1
11629,1
11630,1
11631,1
11632,1
11633,1
11965,1
11966,1
11967,1
11968,1
11969,1
11970,1
11971,1
11972,1
11973,1
11974,1
11975,1
11976,1
12002,1
12003,1
12004,1
12005,1
12006,1
12011,1
12012,1
12013,1
12014,1
12015,1
12016,1
12017,1
12018,1
12019,1
12020,1
12023,1
12024,1
12025,1
12026,1
12027,1
12028,1
12029,1
12060,1
12061,1
12062,1
12063,1
12064,1
12065,1
12066,1
12067,1
12068,1
12069,1
12070,1
12071,1
12114,1
12115,1
12116,1
12117,1
12118,1
12119,1
12120,1
12121,1
12122,1
12123,1
12124,1
12125,1
12126,1
12127,1
12128,1
12129,1
12131,1
12132,1
12133,1
12134,1
12135,1
12136,1
12137,1
12138,1
12139,1
12140,1
12141,1
12142,1
12144,1
12145,1
12146,1
12147,1
12148,1
12149,1
12150,1
12151,1
12152,1
12153,2
12154,2
12155,2
12156,2
12157,2
12159,1
12160,1
12161,1
12162,1
12163,1
12166,1
12167,1
12168,1
12169,1
12170,1
12171,1
12172,1
12173,1
12269,1
12270,1
12271,1
12272,1
12273,1
12274,1
12275,1
12276,1
12277,1
12278,1
12279,1
12280,1
12286,1
12287,1
12288,1
12289,1
12290,1
12291,1
12292,1
12293,1
12294,1
12295,1
12296,1
12302,1
12303,1
12304,1
12305,1
12306,1
12307,1
12308,1
12309,1
12310,1
12311,1
12312,1
12313,1
12332,2
12333,2
12334,2
12335,2
12336,2
12337,2
12338,2
12339,2
12340,2
12341,2
12342,2
12343,2
12344,2
12345,2
12346,2
12347,2
12349,2
12350,2
12351,2
12352,2
12353,2
12354,2
12355,2
12356,2
12357,2
12358,2
12359,2
12360,2
12361,2
12362,2
12372,2
12373,2
12374,2
12375,2
12376,2
12377,2
12378,2
12379,2
12380,2
25582,1
25583,1
25584,1
25585,1
25586,1
25587,1
25588,1
25589,1
25590,1
25591,1
25592,1
25593,1
25594,1
25595,1
25596,1
25597,1
25598,1
25734,1
25735,1
25736,1
25737,1
25738,1
25739,1
25740,1
25741,1
25742,1
25743,1
25744,1
25745,1
25746,1
25747,1
25748,1
25749,1
25750,1
25751,1
25752,1
25753,1
25754,1
25755,1
25756,1
25757,1
25759,2
25760,2
25761,2
25762,2
25763,2
25764,2
25765,2
25766,2
25767,2
25768,2
25769,2
25770,2
25771,2
25773,2
25774,2
25775,2
25776,2
25777,2
25790,2
25791,2
25792,2
25793,2
25794,2
25795,2
25796,2
25914,2
25915,2
25916,2
25917,2
25918,2
25919,2
25920,2
25922,1
25923,1
25924,1
25925,1
25926,1
25934,1
25935,1
25936,1
25937,1
25938,1
25939,1
25940,1
25941,1
25942,1
25943,1
26025,1
26026,1
26027,1
26028,1
26029,1
26030,1
26031,1
26032,1
26033,2
26034,2
26035,2
26036,2
26037,2
26038,2
26039,3
26040,3
26041,3
26042,3
26043,3
26045,1
26046,1
26047,1
26048,1
26049,1
26050,1
26051,1
26052,1
26053,1
26059,2
26060,2
26061,2
26062,2
26063,2
26064,2
26085,2
26086,2
26087,2
26093,1
26094,1
26095,1
26096,1
26097,1
26098,1
26099,1
26100,1
26101,1
26102,1
26103,1
26104,1
26105,1
26106,1
26112,1
26113,1
26114,1
26115,1
26116,1
26117,1
26119,1
26120,1
26122,1
26123,1
26124,1
26125,1
26139,1
26140,1
26141,1
26142,1
26143,1
26144,1
26145,1
26146,1
26147,1
26148,1
26149,1
26155,1
26156,1
26157,1
26158,1
26159,1
26160,1
26162,1
26163,1
26164,1
26165,1
26166,1
26167,1
26173,1
26174,1
26175,1
26176,1
26177,1
26178,1
26179,1
26180,1
26182,1
26183,1
26184,1
26185,1
26186,1
26187,1
26188,1
26189,1
26190,1
26191,1
26192,1
26193,1
26194,1
26195,1
26196,1
26197,1
26198,1
26199,1
26200,1
26201,1
26202,1
26598,1
26599,1
26600,1
26601,1
26602,1
26603,1
26604,1
26605,1
26606,1
26607,1
26608,1
26609,1
26610,1
26611,1
26612,1
26613,1
26614,1
26615,1
26616,1
26617,1
26618,1
26619,1
26620,1
26621,1
26622,1
26623,1
26624,1
26625,1
26626,1
26627,1
26628,1
26629,1
26630,1
26631,1
26632,1
26633,1
26634,1
26635,1
26636,1
26637,1
26638,1
26639,1
26640,1
26641,1
26642,1
26643,1
26644,1
26645,1
26646,1
26647,1
26648,1
26649,1
26650,1
26651,1
26652,1
26653,1
26654,1
26655,1
26656,1
26657,1
26658,1
26659,1
26660,1
26661,1
26662,1
26663,1
26664,1
26665,1
26666,1
26667,1
26668,1
26669,1
26670,1
26671,1
26672,1
26673,1
26674,1
26675,1
26676,1
26677,1
26678,1
26679,1
26680,1
26681,1
26682,1
26683,1
26684,1
26685,1
26686,1
26687,1
26688,1
26689,1
26690,1
26691,1
26692,1
26693,1
26694,1
26695,1
26696,1
26697,1
26698,1
26699,1
26700,1
26701,1
26702,1
26703,1
26704,1
26705,1
26706,1
26707,1
26708,1
26709,1
26710,1
26711,1
26712,1
26713,1
26714,1
26715,1
26716,1
26717,1
26718,1
26719,1
26720,1
26721,1
26722,1
26723,1
26724,1
26725,1
26726,1
26727,1
26728,1
26729,1
26730,1
26731,1
26732,1
26733,1
26734,1
26735,1
26736,1
26737,1
26738,1
26739,1
26740,1
26741,1
26742,1
26743,1
26744,1
26745,1
26746,1
26747,1
26748,1
26749,1
26750,1
26751,1
26752,1
26753,1
26754,1
26755,1
26756,1
26757,1
26758,1
26759,1
26760,1
26761,1
26762,1
26763,1
26764,1
26765,1
26766,1
26767,1
26768,1
26769,1
26770,1
26771,1
26772,1
26773,1
26774,1
26775,1
26776,1
26777,1
26778,1
26779,1
26780,1
26781,1
26782,1
26783,1
26784,1
26785,1
26786,1
26787,1
26788,1
26789,1
26790,1
26791,1
26792,1
26793,1
26794,1
26795,1
26796,1
26797,1
26798,1
26799,1
26800,1
26801,1
26802,1
26803,1
26804,1
26805,1
26806,1
26807,1
26808,1
26809,1
26810,1
26811,1
26812,1
26813,1
26814,1
26815,1
26816,1
26817,1
26818,1
26819,1
26820,1
26821,1
26822,1
26823,1
26824,1
26825,1
26826,1
26827,1
26828,1
26829,1
26830,1
26831,1
26832,1
26833,1
26834,1
26835,1
26836,1
26837,1
26838,1
26839,1
26840,1
26841,1
26842,1
26843,1
26844,1
26845,1
26846,1
26847,1
26848,1
26849,1
26850,1
26851,1
26852,1
26853,1
26854,1
26855,1
26856,1
26857,1
26858,1
26859,1
26860,1
26861,1
26862,1
26863,1
26864,1
26865,1
26866,1
26867,1
26868,1
26869,1
26870,1
26871,1
26872,1
26873,1
26874,1
26875,1
26876,1
26877,1
26878,1
26879,1
26880,1
26881,1
26882,1
26883,1
26884,1
26885,1
26886,1
26887,1
26888,1
26889,1
26890,1
26891,1
26892,1
26893,1
26894,1
26895,1
26896,1
26897,1
26898,1
26899,1
26900,1
26901,1
26902,1
26903,1
26904,1
26905,1
26906,1
26907,1
26908,1
26909,1
26910,1
26911,1
26912,1
26913,1
26914,1
26915,1
26916,1
26917,1
26918,1
26919,1
26920,1
26921,1
26922,1
26923,1
26924,1
26925,1
26926,1
26927,1
26928,1
26929,1
26930,1
26931,1
26932,1
26933,1
26934,1
26935,1
26936,1
26937,1
26938,1
26939,1
26940,1
26941,1
26942,1
26943,1
26944,1
26945,1
26946,1
26947,1
26948,1
26949,1
26950,1
26951,1
26952,1
26953,1
26954,1
26955,1
26956,1
26957,1
26958,1
26959,1
26960,1
26961,1
26962,1
26963,1
26964,1
26965,1
26966,1
26967,1
26968,1
26969,1
26970,1
26971,1
26972,1
26973,1
26974,1
26975,1
26976,1
26977,1
26978,1
26979,1
26980,1
26981,1
26982,1
26983,1
26984,1
26985,1
26986,1
31301,11
31302,11
31303,11
31304,11
31305,11
31306,11
31307,11
31308,11
31309,11
31310,11
31311,11
31312,11
31313,11
31314,11
31315,11
31316,11
31317,11
31323,11
31324,11
31325,11
31326,11
31327,11
31328,11
31329,11
31330,11
31331,11
31332,11
31333,11
31334,11
31335,11
31336,11
31337,11
31338,11
31339,11
31340,11
31341,11
31342,11
31343,11
31344,11
31345,11
31346,11
31347,11
31348,11
31349,11
31350,11
31351,11
31352,11
31353,11
31354,11
31355,11
31356,11
31357,11
31358,11
31359,11
31360,11
31361,11
31362,11
31363,11
31364,11
31365,11
31371,11
31372,11
31373,11
31374,11
31375,11
31376,11
31377,11
31378,11
31384,1
31385,1
31386,1
31387,1
31388,1
31396,1
31397,1
31398,1
31400,1
31401,1
31402,1
31403,1
31404,1
31405,1
31407,1
31408,1
31416,1
31417,1
31418,1
31419,1
31420,1
31421,1
31432,1
31433,1
31434,1
31435,1
31436,1
31437,1
31438,1
31439,1
31440,1
31441,1
31442,1
31468,1
31469,1
31470,1
31471,1
31472,1
31473,1
31484,1
31485,1
31486,1
31487,1
31488,1
31489,1
31490,1
31491,1
31492,1
31498,11
31499,11
31500,11
31501,11
31502,11
31503,11
31504,11
31505,11
31506,11
31507,11
31513,1
31514,1
31515,1
31516,1
31517,1
31518,1
31519,1
31520,1
31521,1
31522,1
31523,1
31524,1
31525,1
31526,1
31527,1
31528,1
31529,1
31530,1
31531,1
31532,1
31533,1
31534,1
31535,1
31567,2
31568,2
31569,2
31570,2
31571,2
31573,2
31574,2
31575,2
31666,12
31667,12
31668,12
31669,12
31670,12
31675,12
31676,12
31677,12
31678,12
31679,12
31685,6
31686,6
31687,6
31688,6
31689,6
31690,6
31696,2
31697,2
31698,2
31699,2
31700,2
31701,2
31782,1
31783,1
31784,1
31785,1
31786,1
31789,1
31790,1
31791,1
31792,1
31793,1
31794,1
31795,1
31796,1
31797,1
31814,1
31815,1
31816,1
31817,1
31818,1
31819,1
31825,3
31826,3
31827,3
31828,3
31829,3
31835,3
31836,3
31902,11
31903,11
31904,11
31905,11
31906,11
31908,6
31909,5
31910,5
31916,1
31917,1
31918,1
31919,1
31920,1
31921,1
31922,1
31923,1
31940,1
31941,1
31942,1
31943,1
31944,1
31947,1
31948,1
31954,12
31955,12
31956,12
31957,12
31958,12
31959,12
31965,1
31966,1
31967,1
31968,1
31969,1
31970,1
32031,1
32032,1
32033,1
32034,1
32035,1
32036,1
32037,1
32038,1
32039,1
32076,11
32077,11
32078,11
32079,11
32080,11
32081,11
32082,11
32083,11
32084,11
32085,11
32091,11
32092,11
32093,11
32094,11
32095,11
32096,11
32097,11
32098,11
32099,11
32100,11
32121,11
32122,11
32123,11
32124,11
32125,11
32126,11
32127,11
32128,11
32129,11
32130,11
32136,11
32137,11
32138,11
32139,11
32140,11
32141,11
32142,11
32143,11
32144,11
32145,11
32151,11
32152,11
32153,11
32154,11
32155,11
32156,11
32157,11
32158,11
32159,11
32160,11
32166,11
32167,11
32168,11
32169,11
32170,11
32171,11
32172,11
32173,11
32174,11
32175,11
32197,11
32198,11
32199,11
32200,11
32201,11
32202,11
32203,11
32204,11
32205,11
32206,11
38695,1
38696,1
38697,1
38698,1
38699,1
38700,1
38701,1
38702,1
38703,1
38704,1
38705,1
38707,1
38708,1
38709,1
38710,1
38711,1
38738,1
38739,1
38740,1
38741,1
38747,9
38748,9
38749,9
38750,9
38751,9
38756,9
38757,9
38758,9
38759,9
38760,9
38761,9
38762,9
38771,9
38772,9
38773,9
38774,9
38775,9
38776,9
38777,9
38779,6
38780,6
38781,6
38782,6
38783,6
38784,6
38785,6
38786,3
38787,3
38788,3
38789,3
38807,11
38808,11
38809,11
38810,11
38811,11
38812,11
38813,11
38814,11
38815,11
38821,11
38822,11
38823,11
38824,11
38825,11
38826,11
38827,11
38828,11
38835,11
38836,11
38842,11
38843,11
38844,11
38845,11
38846,11
38851,11
38852,11
38853,11
38854,11
38855,11
38857,11
38858,11
38859,11
38860,11
38861,11
38862,11
38863,11
38864,11
38865,11
38866,11
38867,11
38868,11
38869,11
38963,11
38964,11
38965,11
38966,11
39022,11
39023,11
39024,11
39025,11
39026,11
39027,11
39028,11
39029,11
39030,11
39031,11
39032,11
39033,11
39039,11
39040,11
39041,11
39042,11
39043,11
39044,11
39045,11
39046,11
39047,11
39048,11
39049,11
39050,11
39051,11
39052,11
39053,11
39054,11
39055,11
39056,11
39057,11
39058,11
39059,11
39060,11
39061,11
39062,11
39063,11
39064,11
39065,11
39066,11
39067,11
39068,11
39069,11
39070,11
39071,11
39072,11
39073,11
39074,11
39075,11
39076,11
39077,11
39078,11
39079,11
39080,11
39081,11
39082,11
39083,11
39084,11
39085,11
39086,11
39087,11
39088,11
39089,11
39090,11
39091,11
39092,11
39093,11
39094,11
39095,11
39096,11
39097,11
39098,11
39099,11
39100,11
39101,11
39102,11
39103,11
39104,11
39105,11
39118,11
39119,11
39120,11
39121,11
39122,11
39123,11
39124,11
39125,11
39131,2
39132,2
39133,2
39134,2
39135,2
39136,2
39137,2
39138,2
39143,6
39144,6
39145,6
39146,6
39147,6
39150,5
39151,6
39152,6
39153,6
39154,6
39155,6
39156,6
39189,3
39190,3
39191,3
39192,3
39193,3
39194,3
39195,3
39196,3
39197,3
39198,3
39199,3
39264,11
39265,11
39266,11
39267,11
39268,11
39269,11
39270,11
39271,11
39272,11
39273,11
39274,11
39275,11
39276,11
39277,11
39278,11
39279,11
39280,11
39281,11
39282,11
39283,11
39284,11
39285,11
39286,11
39287,11
39288,11
39289,11
39290,11
39291,11
39292,11
39297,6
39298,6
39299,6
39300,6
39301,6
39302,6
39303,6
39304,6
39305,6
39306,6
39312,11
39313,11
39314,11
39315,11
39316,11
39317,11
39318,11
39319,11
39320,11
39321,11
39327,6
39328,6
39329,6
39330,6
39331,6
39332,6
39333,6
39334,6
39335,6
39336,6
