1485,1
1486,1
1487,1
1488,1
1489,1
1490,1
1491,1
1497,1
1498,1
1499,1
1500,1
1501,1
1502,1
1503,1
1515,1
1516,1
1517,1
1524,10
1525,10
1526,10
1527,10
1528,10
1529,10
1535,1
1536,1
1537,1
1538,1
1539,1
1540,1
1546,1
1547,1
1548,1
1549,1
1550,1
1551,1
1552,1
1553,1
1554,1
1555,1
1556,1
1557,1
1558,1
1559,1
1607,1
1608,1
1609,1
1610,1
1611,1
1612,1
1613,1
1614,1
1615,1
1616,1
1617,1
1618,1
1619,1
1620,3
1621,3
1622,3
1623,3
1625,2
1626,2
1627,2
1628,2
1629,2
1630,2
1631,2
1632,2
1633,2
1634,2
1635,2
1637,1
1638,1
1639,1
1640,1
1641,1
1642,1
1643,1
1644,1
1645,1
1646,1
1647,1
1648,1
1663,1
1664,1
1665,1
1666,1
1667,1
1668,1
1669,1
1670,1
1671,1
1672,1
1673,1
1674,1
1675,1
1676,1
1677,1
1678,1
1679,1
1680,1
1681,1
1682,1
1689,1
1690,1
1691,1
1692,1
1693,1
1694,1
1695,1
1696,1
1697,1
1698,1
1699,1
1700,1
1701,1
1702,1
1703,1
1704,1
1705,1
1706,1
1707,1
1708,1
1709,1
1710,3
1711,3
1712,3
1713,3
1714,3
1716,2
1717,2
1718,2
1719,2
1720,2
1721,2
1722,2
1723,2
1724,2
1725,2
1726,2
1727,2
1728,2
1734,2
1735,2
1736,2
1737,2
1738,2
1739,2
1740,2
1759,2
1760,2
1761,2
1762,2
1763,2
1764,2
1765,2
1767,2
1768,2
1769,2
1790,2
1791,2
1792,2
1793,2
1794,2
1795,2
1796,2
1797,2
1814,2
1815,2
1816,2
1849,2
1850,2
1852,1
1853,1
1854,1
1855,1
1856,1
1857,1
1858,1
1859,1
1860,1
1861,1
1862,1
1863,1
1864,1
1865,1
1866,1
1872,2
1873,2
1874,2
1875,4
1876,4
1877,4
1878,4
1879,4
1881,3
1882,3
1883,3
1884,3
1885,3
1886,3
1887,3
1888,3
1889,3
1890,3
1891,3
1892,3
1893,3
1894,3
1896,1
1897,1
1898,1
1899,1
1900,1
1902,1
1903,1
1904,1
1905,1
1906,1
1907,1
1908,1
1910,2
1911,2
1912,2
1913,2
1914,2
1915,2
1916,2
1917,2
1918,2
1919,2
1920,2
1921,2
1935,2
1936,2
1938,2
1939,2
1940,2
1941,2
1942,2
1957,2
1958,2
1959,2
1965,2
1966,2
1967,2
1968,2
1969,2
1970,2
1971,2
1972,2
1973,2
1974,2
1975,2
1976,2
1977,2
1978,2
1979,2
2005,2
2006,2
2007,2
2008,2
2009,2
2010,2
2011,2
2012,2
2013,2
2014,2
2015,2
2016,2
2017,2
2018,2
2019,2
2020,2
2021,2
2022,2
2023,2
2024,2
2025,2
2026,2
2028,2
2029,2
2030,2
2031,2
2032,2
2033,2
2034,2
2035,2
2036,2
2037,2
2038,2
2039,2
2040,2
2041,2
2042,2
2043,2
2044,2
2045,2
2046,2
2052,1
2053,1
2054,1
2055,1
2056,1
2058,1
2059,1
2060,1
2227,1
2228,1
2229,1
2230,1
2231,1
2232,1
2233,1
2234,1
2235,1
2236,1
2237,1
2238,1
2239,1
2240,1
2241,1
2242,1
2243,1
2244,1
2245,1
2246,1
2247,1
2248,1
2254,2
2255,2
2256,2
2257,2
2258,2
2259,2
2260,2
2272,2
2273,2
2274,2
2275,2
2276,2
2277,2
2278,2
2279,2
2311,2
2312,2
2313,2
2591,1
2592,1
2593,1
2594,1
2595,1
2596,1
2597,1
2598,1
2599,1
2600,1
2601,1
2602,1
2603,1
2604,1
2605,1
2606,1
2607,1
2608,1
2609,1
2610,1
2611,1
2612,1
2613,1
2614,1
2615,1
2616,1
2617,1
2618,1
2619,1
2620,1
2621,1
2622,1
2623,1
2624,1
2625,1
2626,1
2627,1
2628,1
2629,1
2630,1
2631,1
2632,1
2633,1
2634,1
2635,1
2636,1
2637,1
2638,1
2639,1
2640,1
2641,1
2642,1
2643,1
2644,1
2645,1
2646,1
2647,1
2648,1
2649,1
2650,1
2651,1
2652,1
2653,1
2654,1
2655,1
2656,1
2657,1
2658,1
2659,1
2660,1
2661,1
3857,1
3858,1
3859,1
3860,1
3861,1
3862,1
3863,1
3864,1
3865,1
3866,1
3867,1
3868,1
10969,1
10970,1
10971,1
10972,1
10973,1
10974,1
10975,1
10976,1
10977,1
10978,1
10979,1
10980,1
10981,1
10982,1
10983,1
10984,1
10985,1
10986,1
10987,1
10988,1
10989,1
10990,1
10991,1
10992,1
10993,1
10994,1
10995,1
10996,1
10997,1
10998,1
10999,1
11000,1
11001,1
11002,1
11003,1
11004,1
11005,1
11006,1
11007,1
11013,2
11014,2
11015,2
11016,2
11017,2
11018,2
11019,2
11020,2
11021,2
11022,2
11023,2
11024,2
11025,2
11039,2
11040,2
11041,2
11042,2
11043,2
11075,2
11076,2
11077,2
11078,2
11079,2
11080,2
11081,2
11082,2
11083,2
11084,2
11085,2
11086,2
11087,2
11352,4
11353,4
11354,4
11355,4
11356,4
11357,4
11358,4
11359,4
11360,4
11361,4
11362,4
11363,4
11364,4
11365,4
11366,4
11367,4
11368,4
11370,4
11371,4
11372,4
11373,4
11374,4
11375,4
11376,4
11377,4
11378,4
11393,2
11394,2
11395,2
11396,2
11397,2
11398,2
11399,2
11400,2
11401,2
11402,2
11403,2
11404,2
11405,2
11411,1
11412,1
11413,1
11414,1
11415,1
11416,1
11417,1
11418,1
11419,1
11420,1
11421,1
11422,1
11423,1
11443,1
11444,1
11445,1
11446,1
11447,1
11448,1
11449,1
11450,1
11451,1
11480,7
11481,7
11482,7
11483,7
11484,7
11485,7
11486,7
11487,7
11488,7
11489,7
11490,7
11491,7
11492,7
11493,7
11494,7
11495,7
11496,7
11498,2
11499,2
11500,2
11501,2
11502,2
11503,2
11505,5
11507,2
11508,7
11509,7
11538,1
11539,1
11540,1
11541,1
11542,1
11543,1
11544,1
11545,1
11546,1
11547,1
11548,1
11549,1
11550,1
11614,1
11615,1
11616,1
11617,1
11618,1
11619,1
11620,1
11621,1
11622,1
11623,1
11624,1
11625,1
11626,1
11627,1
11628,1
11629,1
11630,1
11631,1
11632,1
11633,1
11634,1
11635,1
11636,1
11637,1
11638,1
11662,2
11663,2
11664,2
11665,2
11666,2
11667,2
11668,2
11669,2
11670,2
11671,2
11672,2
11673,2
11674,2
11735,2
11736,2
11737,2
11738,2
11739,2
11740,2
11741,2
11742,1
11743,1
11744,1
11745,1
11746,1
11747,1
11748,1
11749,1
11750,1
11751,1
11752,1
11753,1
11754,1
11755,1
11756,1
11757,1
11758,1
11759,1
11760,1
11761,1
11762,1
11763,1
11764,1
11765,1
11766,1
11767,1
11768,1
11769,1
11770,1
11771,1
11772,1
11773,1
11774,1
11775,1
11776,1
11777,1
11778,1
11779,1
11780,1
11781,1
12043,2
12044,2
12045,2
12046,2
12047,2
12052,2
12053,2
12054,2
12055,2
12056,2
12057,2
12058,2
12059,2
12060,2
12061,2
12064,2
12065,2
12066,2
12067,2
12068,2
12069,2
12070,2
12155,2
12156,2
12157,2
12158,2
12159,2
12160,2
12161,2
12162,2
12163,2
12164,2
12165,2
12166,2
12167,2
12168,2
12169,2
12170,2
12171,6
12172,6
12173,6
12174,6
12176,4
12177,4
12178,4
12179,4
12180,4
12181,4
12182,4
12183,4
12184,4
12185,4
12186,4
12188,2
12189,2
12190,2
12191,2
12192,2
12193,2
12194,2
12195,2
12196,2
12197,4
12198,4
12200,2
12201,2
12202,2
12203,2
12204,2
12207,2
12208,2
12209,2
12210,2
12211,2
12212,2
12213,2
12214,2
12254,2
12255,2
12256,2
12257,2
12258,2
12263,2
12264,2
12265,2
12266,2
12267,2
12268,2
12269,2
12270,2
12271,2
12272,2
12277,2
12278,2
12279,2
12280,2
12281,2
12282,2
12283,2
12284,2
12285,2
12286,1
12287,1
12289,1
12290,1
12291,1
12293,2
12294,2
12295,2
12296,2
12297,2
12298,2
12299,2
12300,2
12301,2
12302,2
12303,1
12304,1
12306,1
12307,1
12308,1
12373,2
12374,2
12375,2
12376,2
12377,2
12378,2
12379,2
12380,2
12381,2
12382,2
12383,2
12384,2
12385,2
12386,2
12387,2
12388,2
12389,3
12390,3
12391,3
12392,3
12394,3
12395,3
12396,3
12397,3
12398,3
12399,3
12400,3
12401,3
12402,3
12403,3
12404,3
12405,3
12406,3
12408,1
12409,1
12410,1
12411,1
12412,1
12413,1
12414,1
12416,2
12417,2
12418,2
12419,2
12420,1
12421,1
25212,1
25213,1
25214,1
25215,1
25216,1
25217,1
25218,1
25219,1
25220,1
25221,1
25222,1
25223,1
25224,1
25225,1
25226,1
25361,1
25362,1
25363,1
25364,1
25365,1
25366,1
25367,1
25368,1
25369,1
25370,1
25371,1
25372,1
25373,1
25374,1
25375,1
25376,1
25377,1
25378,1
25379,1
25380,1
25381,1
25382,1
25383,5
25384,5
25385,5
25386,5
25387,5
25389,4
25390,4
25391,4
25392,4
25393,4
25394,4
25395,4
25396,4
25397,4
25398,4
25399,4
25400,4
25401,4
25403,4
25404,4
25405,4
25406,4
25407,4
25418,4
25419,4
25420,4
25421,4
25422,4
25423,4
25424,4
25543,4
25544,4
25545,4
25546,4
25547,4
25548,4
25549,4
25551,2
25552,2
25553,2
25554,2
25555,2
25563,2
25564,2
25565,2
25566,2
25567,2
25568,2
25569,2
25570,2
25653,2
25654,2
25655,2
25656,2
25657,2
25658,2
25659,2
25660,2
25661,4
25662,4
25663,4
25664,4
25665,4
25666,4
25667,4
25668,4
25670,1
25671,1
25672,1
25673,1
25674,1
25675,1
25676,1
25677,1
25678,1
25684,4
25685,4
25686,4
25687,4
25688,4
25689,4
25708,4
25709,4
25710,4
25716,1
25717,1
25718,1
25719,1
25720,1
25721,1
25722,1
25723,1
25724,1
25725,1
25726,1
25727,1
25728,1
25729,1
25735,2
25736,2
25737,2
25738,2
25739,2
25740,2
25762,2
25763,2
25764,2
25765,2
25766,2
25767,2
25768,2
25769,2
25770,2
25771,2
25772,2
25778,2
25779,2
25780,2
25781,2
25782,2
25783,2
25796,2
25797,2
25798,2
25799,2
25800,2
25801,2
25802,2
25803,2
25805,2
25806,2
25807,2
25808,2
25809,2
25810,2
25811,2
25812,2
25813,2
25814,2
25815,2
25816,2
25817,2
25818,2
25819,2
25820,2
25821,2
25822,2
25823,2
25824,2
25825,2
30645,2
30646,2
30647,2
30648,2
30649,2
30650,2
30651,2
30652,2
30653,2
30654,2
30655,2
30656,2
30662,2
30663,2
30664,2
30665,2
30666,2
30667,2
30668,2
30669,2
30670,2
30671,2
30672,2
30673,2
30674,2
30675,2
30676,2
30677,2
30678,2
30679,2
30680,2
30681,2
30682,2
30683,2
30684,2
30685,2
30686,2
30687,2
30688,2
30689,2
30690,2
30691,2
30692,2
30693,2
30694,2
30695,2
30696,2
30697,2
30698,2
30699,2
30700,2
30701,2
30702,2
30703,2
30704,2
30705,2
30706,2
30707,2
30708,2
30709,2
30710,2
30711,2
30712,2
30713,2
30714,2
30715,2
30716,2
30717,2
30718,2
30719,2
30720,2
30721,2
30722,2
30723,2
30724,2
30725,2
30726,2
30727,2
30728,2
30729,2
30730,2
30731,2
30732,2
30733,2
30734,2
30735,2
30736,2
30737,2
30738,2
30739,2
30740,2
30741,2
30742,2
30743,2
30744,2
30745,2
30746,2
30747,2
30748,2
30749,2
30750,2
30751,2
30752,2
30753,2
30754,2
30755,2
30756,2
30757,2
30758,2
30759,2
30760,2
30873,2
30874,2
30875,2
30876,2
30877,2
30885,2
30886,2
30887,2
30889,2
30890,2
30891,2
30892,2
30893,2
30894,2
30896,2
30899,2
30900,2
30906,2
30907,2
30908,2
30909,2
30910,2
30911,2
30922,2
30923,2
30924,2
30925,2
30926,2
30927,2
30928,2
30929,2
30930,2
30931,2
30932,2
30954,2
30955,2
30956,2
30957,2
30958,2
30959,2
30970,2
30971,2
30972,2
30973,2
30974,2
30975,2
30976,2
30977,2
30978,2
30984,2
30985,2
30986,2
30987,2
30988,2
30989,2
30990,2
30991,2
30992,2
30993,2
30999,2
31000,2
31001,2
31002,2
31003,2
31004,2
31005,2
31006,2
31007,2
31008,2
31009,2
31010,2
31011,2
31012,2
31013,2
31014,2
31015,2
31016,2
31017,2
31018,2
31019,2
31020,2
31021,2
31055,4
31056,4
31057,4
31058,4
31059,4
31061,2
31062,2
31063,2
31064,2
31065,2
31066,2
31067,2
31068,2
31073,2
31074,2
31075,2
31076,2
31077,2
31078,2
31079,2
31080,2
31081,2
31082,2
31083,2
31084,2
31085,2
31086,2
31087,2
31089,2
31090,2
31091,2
31092,2
31093,2
31094,2
31095,2
31096,2
31097,2
31100,2
31101,2
31102,2
31155,4
31156,4
31157,4
31158,4
31159,4
31164,4
31165,4
31166,4
31167,4
31168,4
31174,1
31175,1
31176,1
31177,1
31178,1
31179,1
31185,3
31186,3
31187,3
31188,3
31189,3
31190,3
31196,2
31197,2
31198,2
31199,2
31200,2
31201,2
31271,2
31272,2
31273,2
31274,2
31275,2
31278,2
31279,2
31280,2
31281,2
31282,2
31283,2
31284,2
31285,2
31286,2
31303,2
31304,2
31305,2
31306,2
31307,2
31308,2
31314,4
31315,4
31316,4
31317,4
31318,4
31323,4
31326,4
31327,4
31396,2
31397,2
31398,2
31399,2
31400,2
31403,2
31404,2
31405,2
31411,2
31412,2
31413,2
31414,2
31415,2
31416,2
31417,2
31418,2
31435,2
31436,2
31437,2
31438,2
31439,2
31442,2
31443,2
31444,2
31450,4
31451,4
31452,4
31453,4
31454,4
31455,4
31461,2
31462,2
31463,2
31464,2
31465,2
31466,2
31525,2
31526,2
31527,2
31528,2
31529,2
31530,2
31531,2
31532,2
31533,2
31822,2
31823,2
31824,2
31825,2
31826,2
31827,2
31828,2
31829,2
31830,2
31831,2
31832,2
38130,2
38131,2
38132,2
38133,2
38134,2
38135,2
38136,2
38137,2
38138,2
38139,2
38140,2
38142,2
38143,2
38144,2
38145,2
38146,2
38173,2
38174,2
38175,2
38176,2
38182,13
38183,13
38184,13
38185,13
38186,13
38191,13
38192,13
38193,13
38194,13
38195,13
38196,13
38197,13
38206,13
38207,13
38208,13
38209,13
38210,13
38211,13
38212,13
38214,9
38215,9
38216,9
38217,9
38218,9
38219,9
38220,9
38221,4
38222,4
38223,4
38224,4
38253,2
38254,2
38255,2
38256,2
38257,2
38258,2
38259,2
38260,2
38261,2
38267,2
38268,2
38269,2
38270,2
38271,2
38272,2
38273,2
38274,2
38280,2
38283,2
38284,2
38290,2
38291,2
38292,2
38293,2
38294,2
38299,2
38300,2
38301,2
38302,2
38303,2
38305,2
38306,2
38307,2
38308,2
38309,2
38310,2
38311,2
38312,2
38313,2
38314,2
38315,2
38316,2
38317,2
38345,2
38346,2
38414,2
38415,2
38416,2
38417,2
38874,2
38875,2
38876,2
38877,2
38878,2
38879,2
38880,2
38881,1
38882,1
38883,1
38884,1
38885,1
38886,1
38887,1
38888,1
38889,1
38890,1
38891,1
38892,1
38893,1
38894,1
38895,1
38896,1
38897,1
38898,1
38899,1
38900,1
38901,1
38902,1
38903,1
38904,1
38905,1
38906,1
38907,1
38908,1
38909,1
38911,1
38912,1
38913,1
39135,2
39136,2
39137,2
39138,2
39139,2
39140,2
39141,2
39147,2
39148,2
39149,2
39150,2
39159,2
39160,2
39161,2
39162,2
39171,2
39172,2
39173,2
39174,2
39183,2
39184,2
39185,2
39186,2
39188,2
39189,2
39190,2
39191,2
39192,2
39193,1
39194,1
39266,1
39267,1
39268,1
39270,2
39271,2
39272,2
39273,2
39274,2
39275,2
39276,2
39277,2
39278,2
39279,2
39280,1
39281,1
39283,1
39284,1
39285,1
39342,2
39343,2
39344,2
39345,2
39346,2
39359,2
39360,2
39361,2
39362,2
39391,4
39392,4
39393,4
39394,4
39395,4
39397,4
39399,4
39401,4
39403,2
39405,2
39407,2
39409,2
39411,2
39413,2
39415,2
39417,2
39418,4
39419,4
39425,1
39426,1
39427,1
39428,1
39429,1
39430,1
39431,1
39432,1
39433,1
39434,1
39435,1
39436,1
39437,1
39438,1
39439,1
39440,1
39441,1
39442,1
39443,1
39444,1
39445,1
39446,5
39447,5
39448,5
39449,5
39450,5
39452,4
39453,4
39454,4
39455,4
39456,4
39457,4
39458,4
39459,4
39460,4
39461,4
39462,4
39463,4
39464,4
39465,4
39467,2
39468,2
39469,2
39471,1
39472,1
39473,1
39474,1
39475,1
39476,1
39477,1
39478,1
39479,1
39480,1
39484,1
39485,1
39486,1
39487,1
39488,1
39489,1
39490,1
39491,1
39492,1
39493,1
39494,1
39495,1
39496,1
39497,1
39498,1
39499,1
39500,1
39501,1
39502,1
39503,1
39504,1
39505,1
39506,1
39507,1
39508,1
39509,1
39510,1
39511,1
39512,1
39513,1
39514,1
39515,2
39516,2
39517,2
39518,2
39520,2
39521,2
39522,2
39528,2
39529,2
39530,2
39531,2
39532,2
39533,2
39534,2
39535,4
39536,4
39537,4
39539,1
39540,1
39541,1
39543,1
39544,1
39545,1
39546,1
39547,1
39548,1
39549,1
39550,1
39551,1
39552,1
39556,1
39557,1
39558,1
39559,1
39560,1
39561,1
39562,1
39563,1
39564,1
39565,1
39566,1
39567,1
39568,1
39569,1
39570,1
39571,1
39572,1
39573,1
39574,1
39575,1
39576,1
39577,1
39578,1
39579,1
39580,1
39581,1
39629,2
39630,2
39631,2
39632,2
39633,2
39634,2
39635,2
39636,2
39637,2
39638,2
39639,2
39640,2
39641,2
39642,2
39643,2
39644,2
39645,2
39646,2
39647,2
39648,2
39649,2
39650,2
39651,2
39652,2
39653,2
39674,2
39675,2
39676,2
39677,2
39678,2
39692,2
39693,2
39694,2
39695,2
39696,2
39697,2
39698,2
39699,2
39700,2
39733,2
39734,2
39735,2
39736,2
39737,2
39741,2
39742,2
39743,2
39744,2
39745,2
39746,2
39795,2
39796,2
39797,2
39798,2
39799,2
39800,2
39801,2
39802,2
39803,2
39804,2
39805,2
39806,2
39807,2
39840,2
39841,2
39842,2
39843,2
39844,2
39845,2
39846,2
39847,2
39848,2
39849,2
39855,2
39856,2
39857,2
39858,2
39859,2
39860,2
39861,2
39862,2
39863,2
39864,2
39897,2
39898,2
39899,2
39900,2
39901,2
39902,2
39903,2
39904,2
39905,2
39906,2
39907,2
39913,2
39914,2
39915,2
39916,2
39917,2
39918,2
39919,2
39920,2
39926,2
39927,2
39928,2
39929,2
39930,2
39931,2
39932,2
39933,2
39939,2
39940,2
39941,2
39942,2
39943,2
39944,2
39945,2
39946,2
39952,2
39953,2
39954,2
39955,2
39956,2
39957,2
39958,2
39959,2
39965,2
39966,2
39967,2
39968,2
39969,2
39970,2
39971,2
39972,2
39978,2
39979,2
39980,2
39981,2
39982,2
39983,2
39984,2
39985,2
39991,2
39992,2
39993,2
39994,2
39995,2
39996,2
39997,2
39998,2
40004,2
40005,2
40006,2
40007,2
40008,2
40009,2
40010,2
40011,2
40017,2
40018,2
40019,2
40020,2
40021,2
40022,2
40023,2
40024,2
