10928,1
10929,1
10930,1
10931,1
10932,1
10933,1
10934,1
10935,1
10936,1
10937,1
10938,1
10939,1
10940,1
10941,1
10942,1
10943,1
10944,1
10945,1
10946,1
10947,1
10948,1
10949,1
10950,1
10951,1
10952,1
10953,1
10954,1
10955,1
10956,1
10957,1
10958,1
10959,1
10960,1
10961,1
10962,1
10963,1
10964,1
10965,1
10966,1
10967,1
10968,1
10974,1
10975,1
10976,1
10977,1
10978,1
10979,1
10980,1
10981,1
10982,1
10983,1
10984,1
10985,1
10986,1
10988,1
10989,1
10990,1
10991,1
10992,1
10993,1
10994,1
10995,1
10996,1
10997,1
10998,1
10999,1
11000,1
11001,1
11002,1
11003,1
11004,1
11036,1
11037,1
11038,1
11039,1
11040,1
11041,1
11042,1
11043,1
11044,1
11045,1
11046,1
11047,1
11048,1
11098,1
11099,1
11100,1
11101,1
11102,1
11103,1
11104,1
11105,1
11106,1
11107,1
11108,1
11109,1
11110,1
11111,1
11112,1
11113,1
11114,1
11115,1
11116,1
11117,1
11118,1
11119,1
11120,1
11121,1
11122,1
11497,1
11498,1
11499,1
11500,1
11501,1
11502,1
11503,1
11504,1
11505,1
11506,1
11507,1
11508,1
11509,1
19993,1
19994,1
19995,1
19996,1
19997,1
19998,1
19999,1
20000,1
20001,1
20002,1
20003,1
20004,1
20005,1
20006,1
20007,1
20008,1
20009,1
20010,1
20011,1
20012,1
20013,1
20014,1
20015,1
20016,1
20017,1
20018,1
20019,1
20020,1
20021,1
20022,1
20023,1
20024,1
20025,1
20026,1
20027,1
20028,1
20029,1
20030,1
20031,1
20032,1
20033,1
20034,1
20035,1
20036,1
20037,1
20038,1
20039,1
20040,1
20041,1
20042,1
20043,1
20044,1
20045,1
20046,1
20047,1
20048,1
20049,1
20050,1
20051,1
20052,1
20053,1
20054,1
20055,1
20056,1
20057,1
20058,1
20059,1
20060,1
20061,1
20062,1
20063,1
20064,1
20065,1
20066,1
20067,1
20068,1
20069,1
20070,1
20071,1
20072,1
20073,1
20074,1
20075,1
20076,1
20077,1
20078,1
20079,1
20080,1
20081,1
20082,1
20083,1
20084,1
20085,1
20086,1
20087,1
20088,1
20089,1
20090,1
20091,1
20092,1
20093,1
20094,1
20095,1
20096,1
20097,1
20098,1
20099,1
20100,1
20101,1
20102,1
20103,1
20104,1
20105,1
20106,1
20107,1
20108,1
20109,1
20110,1
20111,1
20112,1
20113,1
20114,1
20115,1
20116,1
20117,1
20118,1
20119,1
20120,1
20121,1
20122,1
20123,1
20124,1
20125,1
20126,1
20127,1
20128,1
20129,1
20130,1
20131,1
20132,1
20133,1
20134,1
20135,1
20136,1
20137,1
20138,1
20139,1
20140,1
20141,1
20142,1
20143,1
20144,1
20145,1
20146,1
20147,1
20148,1
20149,1
20150,1
20151,1
20152,1
20153,1
21629,4
21630,4
21631,4
21632,4
21633,4
21634,4
21635,4
21636,4
21637,4
21638,4
21639,4
21640,4
21641,4
21642,4
21643,4
21644,4
21645,4
21646,4
21647,4
21648,4
21649,4
21650,4
21651,4
21652,4
21658,9
21659,9
21660,9
21661,9
21662,9
21663,9
21664,9
21665,9
21666,9
21667,9
21668,9
21669,9
21670,9
21671,9
21672,9
21673,9
21682,9
21683,9
21684,9
21685,9
21686,9
21687,9
21688,9
21689,9
21690,9
21691,9
21692,9
21693,9
21702,9
21703,9
21704,9
21705,9
21706,9
21707,9
21708,9
21710,4
21711,4
21712,4
21713,5
21714,5
21715,5
21716,5
21717,5
21719,56
21720,56
21721,56
21722,56
21723,56
21724,56
21725,56
21726,56
21727,56
21728,56
21729,56
21731,51
21733,51
21738,51
21739,51
21740,51
21741,56
21742,56
21743,56
21745,5
21746,5
21747,5
21748,5
21750,5
21751,5
21752,5
21753,5
21809,1
21810,1
21811,1
21812,1
21813,1
21814,1
21831,5
21832,5
21833,5
21834,5
21835,5
21836,5
21842,2
21843,2
21844,2
21845,2
21846,2
21847,2
21853,1
21854,1
21855,1
21856,1
21857,1
21858,1
21864,2
21865,2
21866,2
21867,2
21868,2
21869,2
21968,1
21969,1
21970,1
21971,1
21972,1
21973,1
21974,1
21975,1
21976,1
21977,1
21978,1
21979,1
21980,1
21981,1
21982,1
21983,1
21984,1
21985,1
21986,1
21987,1
21988,1
21989,1
21990,1
21991,1
21992,1
21993,1
21994,1
21995,1
21996,1
21997,1
21998,1
21999,1
22000,1
22006,1
22007,1
22008,1
22009,1
22010,1
22011,1
22012,1
22013,1
22014,1
22015,1
22016,1
22017,1
22018,1
22020,1
22021,1
22022,1
22033,1
22034,1
22035,1
22052,1
22053,1
22054,1
22055,1
22056,1
22057,1
22058,1
22059,1
22060,1
22061,1
22062,1
22063,1
22064,1
22066,1
22067,1
22068,1
22070,1
22071,1
22072,1
22073,1
22074,1
22075,1
22076,1
22077,1
22078,1
22079,1
22080,1
22081,1
22082,1
22083,1
22084,1
22085,1
22086,1
22087,1
22088,1
22089,1
22090,1
22091,1
22092,1
22093,1
22094,1
22095,1
22096,1
22098,1
22099,1
22100,1
22102,1
22103,1
22104,1
22105,1
22106,1
22107,1
22108,1
22109,1
22110,1
22111,1
22112,1
22113,1
22114,1
22229,1
22230,1
22231,1
22232,1
22233,1
22234,1
22235,1
22236,1
22237,1
22238,1
22239,1
22240,1
22241,1
22242,1
22243,1
22244,1
22245,1
22246,1
22247,1
22248,1
22249,1
22250,1
22251,1
22252,1
22253,1
22254,1
22255,1
22256,1
22257,1
22258,1
22259,1
22260,1
22261,1
22262,1
22263,1
22264,1
22265,1
22266,1
22267,1
22273,1
22274,1
22275,1
22276,1
22277,1
22278,1
22279,1
22280,1
22281,1
22282,1
22283,1
22284,1
22285,1
22286,1
22287,1
22288,1
22289,1
22290,1
22291,1
22292,1
22293,1
22294,1
22295,1
22296,1
22297,1
22298,1
22299,1
22300,1
22301,1
22302,1
22303,1
22304,1
22305,1
22306,1
22307,1
22308,1
22309,1
22310,1
22311,1
22312,1
22313,1
22314,1
22315,1
22316,1
22317,1
22488,3
22489,3
22490,3
22491,3
22492,3
22493,3
22494,3
22495,3
22496,3
22497,3
22498,3
22499,3
22500,3
22501,3
22502,3
22503,3
22504,3
22505,3
22506,3
22507,3
22508,3
22509,3
22510,3
22511,3
22512,3
22513,3
22514,3
22515,3
22516,3
22517,3
22518,3
22519,3
22520,3
22521,3
22522,3
22523,3
22524,3
22525,3
22526,3
22527,3
22533,2
22534,2
22535,2
22536,2
22537,2
22538,2
22539,2
22540,2
22541,2
22542,2
22543,2
22544,2
22545,2
22546,2
22547,2
22548,2
22549,2
22550,2
22556,1
22557,1
22558,1
22559,1
22560,1
22561,1
22562,1
22563,1
22564,1
22565,1
22566,1
22567,1
22568,1
22569,1
22570,1
22571,1
22572,1
22573,1
22574,1
22575,1
22576,1
22577,1
22578,1
22579,1
22580,1
22581,1
22582,1
22583,1
22584,1
22585,1
22586,1
22587,1
22588,1
22589,1
22590,1
22591,1
22592,1
22593,1
22594,1
22595,1
22597,1
22598,1
22599,1
22600,1
22601,1
22602,1
22603,1
22604,1
22605,1
22606,1
22607,1
22608,1
22609,1
22610,1
22611,1
22613,1
22614,1
22615,1
22616,1
22617,1
22618,1
22619,1
22620,1
22621,1
22622,1
22623,1
22624,1
22625,1
22626,1
22627,1
22628,1
22629,1
22656,1
22657,1
22658,1
22659,1
22660,1
22661,1
22662,1
22663,1
22664,1
22665,1
22666,1
22667,1
22668,1
22669,1
22670,1
22671,1
22672,1
22673,1
22674,1
22675,1
22676,1
22677,1
22678,1
22680,1
22681,1
22682,1
22683,1
22684,1
22685,1
22686,1
22687,1
22688,1
22689,1
22690,1
22691,1
22692,1
22693,1
22694,1
22695,1
22696,1
22697,1
22698,1
22699,1
22700,1
22701,1
22766,1
22767,1
22768,1
22769,1
22770,1
22771,1
22772,1
22773,1
22774,1
22775,1
22776,1
22777,1
22778,1
22780,1
22781,1
22782,1
22786,1
22787,1
22788,2
22789,2
22790,2
22791,2
22792,2
22794,1
22795,1
22796,1
22797,1
22798,1
22799,1
22800,1
22801,1
22802,1
22803,1
22805,1
22806,1
22807,1
22808,1
22809,1
22810,1
22811,1
22812,1
22813,1
22814,1
22815,1
22816,1
22817,1
22818,1
22819,1
22820,1
22821,1
22822,1
22823,1
22824,1
22825,1
22826,1
22827,1
22828,1
22829,1
22830,1
22831,1
22832,1
22847,1
22848,1
22849,1
22850,1
22851,1
22852,1
22853,1
22854,1
22855,1
22856,1
22857,1
22858,1
22859,1
22860,1
22861,1
22862,1
22863,1
22865,1
22866,1
22867,1
22868,1
22869,1
22870,1
22871,1
22872,1
22873,1
22874,1
22875,1
22876,1
22877,1
22878,1
22879,1
22880,1
22881,1
22882,1
22883,1
22884,1
22885,1
22886,1
22887,1
22888,1
22889,1
22890,1
22891,1
22892,1
22902,2
22903,2
22904,2
22905,2
22906,2
22908,1
22909,1
22910,1
22911,1
22917,4
22918,4
22919,4
22920,4
22921,4
22922,4
22923,4
22924,4
22925,4
22926,4
22927,4
22928,4
22929,4
22930,4
22931,4
22932,4
22933,4
22934,4
22936,2
22937,2
22938,2
22939,2
22940,2
22941,2
22942,2
22943,2
22944,2
22945,2
22946,2
22947,2
22948,2
22949,2
22950,2
22951,2
22952,2
22953,2
22954,2
22955,2
22956,2
22957,2
22958,2
22959,2
22960,2
22961,2
22962,2
22963,2
22964,2
22965,2
22966,2
22967,2
22968,2
22969,2
22970,2
22971,2
22972,2
22973,2
22975,1
22976,1
22977,1
22978,2
22979,2
22980,2
22981,2
22982,2
22983,2
22984,2
22985,5
22986,5
22987,5
22988,5
22989,5
22990,5
22991,5
22992,5
22993,5
22994,5
22995,5
22996,5
22997,5
22998,5
22999,5
23000,5
23001,5
23002,5
23003,5
23004,5
23005,5
23006,5
23007,5
23008,5
23009,5
23010,5
23011,5
23012,5
23013,5
23014,5
23015,5
23016,5
23017,5
23018,5
23019,5
23020,5
23021,5
23023,2
23024,2
23025,2
23026,2
23027,2
23028,2
23029,2
23030,2
23031,2
23032,2
23033,2
23034,3
23035,3
23036,3
23037,3
23038,3
23039,3
23041,3
23042,3
23044,2
23045,2
23046,2
23047,2
23048,3
23049,3
23050,3
23051,3
23052,3
23053,3
23054,3
23055,3
23056,3
23057,3
23058,3
23059,3
23060,3
23061,3
23062,3
23063,3
23064,3
23065,3
23066,3
23067,3
23068,3
23069,3
23076,3
23077,3
23078,3
23079,3
23080,3
23081,3
23082,3
23083,3
23084,3
23085,3
23086,3
23087,3
23088,3
23089,3
23090,3
23091,3
23092,3
23093,3
23094,3
23095,3
23096,3
23097,3
23098,3
23099,3
23101,3
23102,3
23103,3
23116,3
23117,3
23118,3
23119,3
23120,3
23121,3
23122,3
23123,3
23124,3
23125,3
23126,3
23127,3
23128,3
23129,3
23130,3
23131,6
23132,6
23133,6
23134,6
23135,6
23136,6
23137,6
23139,3
23140,3
23145,3
23146,3
23147,3
23148,3
23154,7
23155,7
23156,7
23157,7
23158,7
23160,7
23161,7
23162,7
23168,7
23169,7
23170,7
23171,7
23172,7
23173,7
23174,7
23175,7
23177,4
23178,4
23179,4
23180,11
23181,11
23182,11
23184,11
23185,11
23186,11
23187,11
23188,11
23189,11
23190,11
23191,11
23193,7
23194,7
23195,7
23196,7
23197,7
23198,7
23199,7
23200,7
23201,7
31323,1
31324,1
31325,1
31326,1
31327,1
31328,1
31329,1
31330,1
31331,1
31332,1
31333,1
31334,1
31335,1
31336,1
31337,1
31338,1
31339,1
31340,1
31341,1
31342,1
31343,1
31344,1
31345,1
31346,1
31347,1
31348,1
31349,1
31350,1
31351,1
31352,1
31353,1
31354,1
31355,1
31356,1
31357,1
31358,1
31359,1
31360,1
31361,1
31362,1
31363,1
31364,1
31365,1
31371,1
31372,1
31373,1
31374,1
31375,1
31376,1
31377,1
31378,1
31641,2
31642,2
31643,2
31644,2
31645,2
31646,2
31666,1
31667,1
31668,1
31669,1
31670,1
31675,1
31676,1
31677,1
31678,1
31679,1
31685,2
31686,2
31687,2
31688,2
31689,2
31690,2
31696,2
31697,2
31698,2
31699,2
31700,2
31701,2
31825,1
31826,1
31827,1
31828,1
31829,1
31831,1
31832,1
31834,1
31902,2
31903,2
31904,2
31905,2
31906,2
31908,2
31954,1
31955,1
31956,1
31957,1
31958,1
31959,1
38807,1
38808,1
38809,1
38810,1
38811,1
38812,1
38813,1
38814,1
38815,1
38821,1
38822,1
38823,1
38824,1
38825,1
38826,1
38827,1
38828,1
38835,1
38836,1
38842,1
38843,1
38844,1
38845,1
38846,1
38851,1
38852,1
38853,1
38854,1
38855,1
38857,1
38858,1
38859,1
38860,1
38861,1
38862,1
38863,1
38864,1
38865,1
38866,1
38867,1
38868,1
38869,1
38963,1
38964,1
38965,1
38966,1
