7222,1
7223,1
7224,1
7225,1
7226,1
7227,1
7228,1
7229,1
7230,1
7231,1
7232,1
7233,1
7234,1
7235,1
7236,1
7237,1
7238,1
7239,1
7240,1
7241,1
7242,1
7243,1
7244,1
7245,1
7246,1
7247,1
7248,1
7249,1
7250,1
7251,1
7252,1
7253,1
7254,1
7255,1
7256,1
7257,1
7258,1
7259,1
7260,1
7261,1
7262,1
7263,1
7264,1
7265,1
7266,1
7267,1
7268,1
7269,1
7270,1
7271,1
7272,1
7273,1
7274,1
7275,1
7276,1
7277,1
7278,1
7279,1
7280,1
7281,1
7282,1
7283,1
7284,1
7285,1
7286,1
7287,1
7288,1
7289,1
7290,1
7291,1
7292,1
7293,1
7294,1
7295,1
7296,1
7297,1
7298,1
7299,1
10969,1
10970,1
10971,1
10972,1
10973,1
10974,1
10975,1
10976,1
10977,1
10978,1
10979,1
10980,1
10981,1
10982,1
10983,1
10984,1
10985,1
10986,1
10987,1
10988,1
10989,1
10990,1
10991,1
10992,1
10993,1
10994,1
10995,1
10996,1
10997,1
10998,1
10999,1
11000,1
11001,1
11002,1
11003,1
11004,1
11005,1
11006,1
11007,1
11013,2
11014,2
11015,2
11016,2
11017,2
11018,2
11019,2
11020,2
11021,2
11022,2
11023,2
11024,2
11025,2
11027,1
11028,1
11029,1
11030,1
11031,1
11032,1
11033,1
11034,1
11035,1
11036,1
11037,1
11038,1
11039,2
11040,2
11041,2
11042,2
11043,2
11075,2
11076,2
11077,2
11078,2
11079,2
11080,2
11081,2
11082,2
11083,2
11084,2
11085,2
11086,2
11087,2
11275,2
11276,2
11277,2
11278,2
11279,2
11280,2
11281,2
11282,2
11283,2
11284,2
11285,2
11286,2
11287,2
11288,2
11289,2
11290,2
11291,2
11292,2
11293,2
11294,2
11295,2
11296,2
11297,2
11298,2
11307,2
11308,2
11309,2
11310,2
11311,2
11312,2
11313,2
11314,2
11315,2
11316,4
11317,4
11318,4
11319,4
11321,2
11322,2
11323,2
11324,2
11325,2
11326,2
11327,2
11328,2
11329,2
11330,2
11331,2
11333,2
11334,2
11335,2
11336,2
11337,2
11338,2
11339,2
11340,2
11341,2
11343,2
11344,2
11345,2
11346,2
11352,1
11353,1
11354,1
11355,1
11356,1
11357,1
11358,1
11359,1
11360,1
11361,1
11362,1
11363,1
11364,1
11365,1
11366,1
11367,1
11368,1
11370,1
11371,1
11372,1
11373,1
11374,1
11375,1
11376,1
11377,1
11378,1
11393,1
11394,1
11395,1
11396,1
11397,1
11398,1
11399,1
11400,1
11401,1
11402,1
11403,1
11404,1
11405,1
11411,1
11412,1
11413,1
11414,1
11415,1
11416,1
11417,1
11418,1
11419,1
11420,1
11421,1
11422,1
11423,1
11443,1
11444,1
11445,1
11446,1
11447,1
11448,1
11449,1
11450,1
11451,1
11457,1
11458,1
11459,1
11460,1
11461,1
11462,1
11463,1
11464,1
11465,1
11466,1
11467,1
11468,1
11469,1
11470,1
11471,1
11472,1
11473,1
11474,1
11515,1
11516,1
11517,1
11518,1
11519,1
11520,1
11521,1
11522,1
11523,1
11524,1
11525,1
11526,1
11527,1
11528,1
11529,1
11530,1
11531,1
11532,1
11614,1
11615,1
11616,1
11617,1
11618,1
11619,1
11620,1
11621,1
11622,1
11623,1
11624,1
11625,1
11626,1
11627,1
11628,1
11629,1
11630,1
11631,1
11632,1
11633,1
11634,1
11635,1
11636,1
11637,1
11638,1
11662,1
11663,1
11664,1
11665,1
11666,1
11667,1
11668,1
11669,1
11670,1
11671,1
11672,1
11673,1
11674,1
12327,2
12328,2
12329,2
12330,2
12331,2
12332,2
12333,2
12334,2
12335,2
12336,2
12337,2
12343,2
12344,2
12345,2
12346,2
12347,2
12348,2
12349,2
12350,2
12351,2
12352,2
12353,2
12354,2
12373,2
12374,2
12375,2
12376,2
12377,2
12378,2
12379,2
12380,2
12381,2
12382,2
12383,2
12384,2
12385,2
12386,2
12387,2
12388,2
12389,3
12390,3
12391,3
12392,3
12394,2
12395,2
12396,2
12397,2
12398,2
12399,2
12400,2
12401,2
12402,2
12403,2
12404,2
12405,2
12406,2
12408,2
12409,2
12410,2
12411,2
12412,2
12413,2
12414,2
12416,1
12417,1
12418,1
12419,1
12420,1
12421,1
12423,1
12424,1
12425,1
17563,2
17564,2
17565,2
17566,2
17567,2
17584,2
17585,2
17586,2
17592,1
17593,1
17594,1
17595,1
17596,1
17597,1
17598,1
17610,1
17611,1
17612,1
17677,2
17678,2
17679,2
17680,2
17681,2
17682,2
17684,2
17685,2
17686,2
17687,2
17688,2
17689,2
17690,2
17691,2
17692,2
18012,1
18013,1
18014,1
18015,1
18016,1
18017,1
18018,1
18019,1
18020,1
18021,1
18022,1
18023,1
18024,1
18025,1
18035,1
18036,1
18037,1
18038,1
18039,1
18059,1
18060,1
18061,1
18062,1
18063,1
18064,1
18065,1
18066,1
18070,1
18071,1
18072,1
18073,1
18074,1
18075,1
18076,1
18077,1
18078,1
18079,1
18080,1
18081,1
18082,1
18083,1
18084,1
18085,1
18086,1
18087,1
18088,1
18089,1
18090,1
18096,1
18097,1
18098,1
18099,1
18100,1
18101,1
18102,1
18103,1
18104,1
18105,1
18106,1
18107,1
18108,1
18109,1
18110,1
18111,1
18112,1
18113,1
18114,1
18115,1
18116,1
18117,1
18118,1
18119,1
18120,1
18121,1
18122,1
18123,1
18124,1
18125,1
18126,1
18134,1
18135,1
18136,1
18137,1
18138,1
18139,1
18140,1
18146,1
18147,1
18148,1
18149,1
18150,1
18152,1
18153,1
18154,1
18311,1
18312,1
18313,1
18314,1
18315,1
18316,1
18317,1
18318,1
18319,1
18320,1
18321,1
18322,1
18323,1
18324,1
18325,1
18326,1
18327,1
18328,1
18329,1
18330,1
18331,1
18361,1
18362,1
18363,1
18365,1
18366,1
18367,1
18368,1
18369,1
18370,1
18371,1
18372,1
18386,1
18387,1
18388,1
18389,1
18390,1
18391,1
18392,1
18393,1
18395,1
18396,1
18397,1
18398,1
18399,1
18400,1
18624,1
18625,1
18626,1
18632,1
18633,1
18634,1
18635,1
18636,1
18637,1
18638,1
18639,1
18640,1
18641,1
18642,1
18653,1
18654,1
18655,1
18656,1
18657,1
18658,1
18659,1
18666,1
18667,1
18668,1
18669,1
18693,1
18694,1
18695,1
18696,1
18697,1
18698,1
18699,1
18708,1
18709,1
18710,1
18711,1
18712,1
18713,1
18714,1
18716,1
18717,1
18718,1
18719,1
18720,1
18722,1
18723,1
18724,1
18725,1
18726,1
18727,1
18735,1
18736,1
18737,1
18738,1
18749,1
18750,1
18751,1
19099,1
19100,1
19101,1
19102,1
19103,1
19104,1
19105,1
19106,1
19107,1
19108,1
19109,1
19110,1
19111,1
19138,1
19139,1
19140,1
19141,1
19142,1
19143,1
19144,1
19145,1
19146,1
19147,1
19148,1
19149,1
19150,1
19151,1
19152,1
19153,1
19159,1
19160,1
19161,1
19162,1
19163,1
19164,1
19165,1
19166,1
19167,1
19168,1
19169,1
19170,1
19171,1
19172,1
19173,1
19174,1
19175,1
19176,1
19177,1
19178,1
19179,1
19180,1
19181,1
19182,1
19183,1
19184,1
19185,1
19186,1
19187,1
19188,1
19189,1
19190,1
19191,1
19192,1
19193,1
19194,1
19195,1
19196,1
19197,1
19198,1
19199,1
19200,1
19201,1
19202,1
19203,1
19204,1
19205,1
19220,1
19221,1
19222,1
19223,1
19224,1
19225,1
19226,1
19227,1
19228,1
19229,1
19230,1
19232,1
19233,1
19234,1
19235,1
19236,1
19237,1
19238,1
19239,1
19240,1
19241,2
19242,2
19243,2
19245,1
19246,1
19247,1
19248,1
19249,1
19250,1
19251,1
19252,1
19253,1
19254,1
19255,1
19256,1
19257,1
19258,1
19259,1
19261,1
19262,1
19263,1
19264,1
19265,1
19266,1
19267,1
19268,1
19269,1
19270,1
19271,1
19272,1
19273,1
19274,1
19275,1
19276,1
19277,1
19278,1
19279,1
19341,1
19342,1
19343,1
19344,1
19345,1
19346,1
19347,1
19359,1
19360,1
19361,1
19362,1
19363,1
19364,1
19365,1
19366,1
19398,1
19399,1
19400,1
30790,2
30791,2
30792,2
30793,2
30794,2
30795,2
30796,2
30797,2
30798,2
30799,2
30800,2
30801,2
30802,2
30803,2
30804,2
30805,2
30806,2
30812,2
30813,2
30814,2
30815,2
30816,2
30817,2
30818,2
30819,2
30820,2
30821,2
30822,2
30823,2
30824,2
30825,2
30826,2
30827,2
30828,2
30829,2
30830,2
30831,2
30832,2
30833,2
30834,2
30835,2
30836,2
30837,2
30838,2
30839,2
30840,2
30841,2
30842,2
30843,2
30844,2
30845,2
30846,2
30847,2
30848,2
30849,2
30850,2
30851,2
30852,2
30853,2
30854,2
30860,2
30861,2
30862,2
30863,2
30864,2
30865,2
30866,2
30867,2
30999,1
31000,1
31001,1
31002,1
31003,1
31004,1
31005,1
31006,1
31007,1
31008,1
31009,1
31010,1
31011,1
31012,1
31013,1
31014,1
31015,1
31016,1
31017,1
31018,1
31019,1
31020,1
31021,1
31055,1
31056,1
31057,1
31058,1
31059,1
31061,1
31062,1
31063,1
31155,3
31156,3
31157,3
31158,3
31159,3
31161,2
31162,2
31164,1
31165,1
31166,1
31167,3
31168,3
31174,3
31175,3
31176,3
31177,3
31178,3
31179,3
31185,2
31186,2
31187,2
31188,2
31189,2
31190,2
31314,1
31315,1
31316,1
31317,1
31318,1
31320,1
31321,1
31325,1
31326,1
31327,1
31396,2
31397,2
31398,2
31399,2
31400,2
31403,1
31404,2
31405,2
31450,3
31451,3
31452,3
31453,3
31454,3
31455,3
31570,2
31571,2
31572,2
31573,2
31574,2
31575,2
31576,2
31577,2
31578,2
31579,2
31585,2
31586,2
31587,2
31588,2
31589,2
31590,2
31591,2
31592,2
31593,2
31594,2
31615,2
31616,2
31617,2
31618,2
31619,2
31620,2
31621,2
31622,2
31623,2
31624,2
31630,2
31631,2
31632,2
31633,2
31634,2
31635,2
31636,2
31637,2
31638,2
31639,2
31645,2
31646,2
31647,2
31648,2
31649,2
31650,2
31651,2
31652,2
31653,2
31654,2
31660,2
31661,2
31662,2
31663,2
31664,2
31665,2
31666,2
31667,2
31668,2
31669,2
31691,2
31692,2
31693,2
31694,2
31695,2
31696,2
31697,2
31698,2
31699,2
31700,2
38182,8
38183,8
38184,8
38185,8
38186,8
38191,8
38192,8
38193,8
38194,8
38195,8
38196,8
38197,8
38206,8
38207,8
38208,8
38209,8
38210,8
38211,8
38212,8
38214,3
38215,3
38216,3
38217,3
38218,3
38219,3
38220,3
38221,5
38222,5
38223,5
38224,5
38253,1
38254,1
38255,1
38256,1
38257,1
38258,1
38259,1
38260,1
38261,1
38267,1
38268,1
38269,1
38270,1
38271,1
38272,1
38273,1
38274,1
38280,1
38283,1
38284,1
38290,2
38291,2
38292,2
38293,2
38294,2
38296,1
38297,1
38298,1
38299,1
38300,1
38301,1
38302,1
38303,1
38305,1
38306,1
38307,1
38308,1
38309,1
38310,1
38311,1
38312,1
38313,1
38314,1
38315,1
38316,1
38317,1
38345,1
38346,1
38414,1
38415,1
38416,1
38417,1
38423,1
38424,1
38425,1
38426,1
38441,1
38442,1
38443,1
38444,1
38445,1
38446,1
38451,1
38452,1
38453,1
38454,1
38455,1
38456,1
38457,1
38458,1
38459,1
38460,1
38461,1
38462,1
38468,2
38469,2
38470,2
38471,2
38472,2
38473,2
38474,2
38475,2
38476,2
38477,2
38478,2
38479,2
38480,2
38481,2
38482,2
38483,2
38484,2
38485,2
38486,2
38487,2
38488,2
38489,2
38490,2
38491,2
38492,2
38493,2
38494,2
38495,2
38496,2
38497,2
38498,2
38499,2
38500,2
38501,2
38502,2
38503,2
38504,2
38505,2
38506,2
38507,2
38508,2
38509,2
38510,2
38511,2
38512,2
38513,2
38514,2
38515,2
38516,2
38517,2
38518,2
38519,2
38520,2
38521,2
38522,2
38523,2
38524,2
38525,2
38526,2
38527,2
38528,2
38529,2
38530,2
38531,2
38532,2
38533,2
38534,2
38535,2
38536,2
38537,2
38538,2
38550,2
38551,2
38552,2
38553,2
38559,1
38560,1
38561,1
38562,1
38563,1
38564,1
38565,1
38566,1
38692,2
38693,2
38694,2
38695,2
38696,2
38697,2
38698,2
38699,2
38700,2
38701,2
38702,2
38703,2
38704,2
38705,2
38706,2
38707,2
38708,2
38709,2
38710,2
38711,2
38712,2
38713,2
38714,2
38715,2
38716,2
38717,2
38718,2
38719,2
38720,2
38755,1
38756,1
38757,1
38758,1
38759,1
38760,1
38761,1
38762,1
38763,1
38764,1
