3857,1
3858,1
3859,1
3860,1
3861,1
3862,1
3863,1
3864,1
3865,1
3866,1
3867,1
3868,1
10718,1
10719,1
10720,1
10721,1
10722,1
10723,1
10724,1
10725,1
10726,1
10727,1
10728,1
10729,1
10730,1
10731,1
10732,1
10733,1
10734,1
10735,1
10736,1
10737,1
10738,1
10739,1
10740,1
10741,1
10742,1
10743,1
10744,1
10745,1
10746,1
10747,1
10748,1
10749,1
10750,3
10751,3
10752,3
10753,3
10754,3
10756,2
10757,2
10758,2
10759,2
10760,2
10761,2
10762,2
10763,2
10764,2
10765,2
10766,2
10767,2
10768,2
10769,2
10770,2
10771,2
10772,2
10773,2
10774,2
10775,2
10776,2
10777,2
10778,2
10779,2
10780,2
10781,2
10782,2
10783,2
10785,1
10786,1
10787,1
10788,1
10789,1
10790,1
10791,1
10793,1
10794,1
10795,1
10796,1
10797,1
10798,1
10799,1
10800,1
10801,1
10802,1
10803,1
10804,1
10805,1
10811,1
10812,1
10813,1
10814,1
10815,1
10816,1
10817,1
10818,1
10819,1
10820,1
10821,1
10822,1
10823,1
10824,1
10825,1
10826,1
10827,1
10828,1
10829,1
10830,1
10831,1
10832,1
10833,1
10834,1
10835,1
10870,1
10871,1
10872,1
10873,1
10874,1
10875,1
10876,1
10877,1
10878,1
10879,1
10880,1
10881,1
10882,1
10883,1
10884,1
10885,1
10886,1
10887,1
10969,1
10970,1
10971,1
10972,1
10973,1
10974,1
10975,1
10976,1
10977,1
10978,1
10979,1
10980,1
10981,1
10982,1
10983,1
10984,1
10985,1
10986,1
10987,1
10988,1
10989,1
10990,1
10991,1
10992,1
10993,1
10994,1
10995,1
10996,1
10997,1
10998,1
10999,1
11000,1
11001,1
11002,1
11003,1
11004,1
11005,1
11006,1
11007,1
11013,2
11014,2
11015,2
11016,2
11017,2
11018,2
11019,2
11020,2
11021,2
11022,2
11023,2
11024,2
11025,2
11027,2
11028,2
11029,2
11030,2
11031,2
11032,2
11033,2
11034,2
11035,2
11036,2
11037,2
11038,2
11039,2
11040,2
11041,2
11042,2
11043,2
11075,2
11076,2
11077,2
11078,2
11079,2
11080,2
11081,2
11082,2
11083,2
11084,2
11085,2
11086,2
11087,2
11275,1
11276,1
11277,1
11278,1
11279,1
11280,1
11281,1
11282,1
11283,1
11284,1
11285,1
11286,1
11287,1
11288,1
11289,1
11290,1
11291,1
11292,1
11293,1
11294,1
11295,1
11296,1
11297,1
11298,1
11307,1
11308,1
11309,1
11310,1
11311,1
11312,1
11313,1
11314,1
11315,1
11316,3
11317,3
11318,3
11319,3
11321,2
11322,2
11323,2
11324,2
11325,2
11326,2
11327,2
11328,2
11329,2
11330,2
11331,2
11333,2
11334,2
11335,2
11336,2
11337,2
11338,2
11339,2
11340,2
11341,2
11343,1
11344,1
11345,1
11346,1
11411,1
11412,1
11413,1
11414,1
11415,1
11416,1
11417,1
11418,1
11419,1
11420,1
11421,1
11422,1
11423,1
11443,1
11444,1
11445,1
11446,1
11447,1
11448,1
11449,1
11450,1
11451,1
11457,1
11458,1
11459,1
11460,1
11461,1
11462,1
11463,1
11464,1
11465,1
11466,1
11467,1
11468,1
11469,1
11470,1
11471,1
11472,1
11473,1
11474,1
11614,1
11615,1
11616,1
11617,1
11618,1
11619,1
11620,1
11621,1
11622,1
11623,1
11624,1
11625,1
11626,1
11627,1
11628,1
11629,1
11630,1
11631,1
11632,1
11633,1
11634,1
11635,1
11636,1
11637,1
11638,1
17491,1
17492,1
17493,1
17494,1
17495,1
17496,1
17497,1
17498,1
17499,1
17500,1
17501,1
17502,1
17503,1
17504,1
17505,1
17506,1
17507,1
17677,1
17678,1
17679,1
17680,1
17681,1
17682,1
17684,1
17685,1
17686,1
17687,1
17688,1
17689,1
17690,1
17691,1
17692,1
17841,1
17842,1
17843,1
17844,1
17845,1
17846,1
17847,1
17848,1
17850,1
17851,1
17852,1
17853,1
17854,1
17867,1
17868,1
17869,1
18012,1
18013,1
18014,1
18015,1
18016,1
18017,1
18018,1
18019,1
18020,1
18021,1
18022,1
18023,1
18024,1
18025,1
18035,1
18036,1
18037,1
18038,1
18039,1
18041,1
18042,1
18043,1
18044,1
18045,1
18046,1
18048,1
18049,1
18050,1
18051,1
18052,1
18053,1
18054,1
18055,1
18056,1
18057,1
18058,1
18092,1
18093,1
18094,1
18632,1
18633,1
18634,1
18635,1
18636,1
18637,1
18638,1
18639,1
18640,1
18641,1
18642,1
18653,1
18654,1
18655,1
18656,1
18657,1
18658,1
18659,1
18666,1
18667,1
18668,1
18669,1
18693,1
18694,1
18695,1
18696,1
18697,1
18698,1
18699,1
18701,1
18702,1
18703,1
18704,1
18705,1
18753,1
18754,1
18755,1
19099,1
19100,1
19101,1
19102,1
19103,1
19104,1
19105,1
19106,1
19107,1
19108,1
19109,1
19113,1
19114,1
19115,1
19138,1
19139,1
19140,1
19141,1
19142,1
19143,1
19144,1
19145,1
19146,1
19147,1
19148,1
19149,1
19150,1
19151,1
19155,1
19156,1
19157,1
19159,1
19160,1
19161,1
19162,1
19163,1
19164,1
19165,1
19166,1
19167,1
19168,1
19169,1
19170,1
19171,1
19172,1
19173,1
19174,1
19175,1
19176,1
19177,1
19178,1
19179,1
19180,1
19181,1
19182,1
19183,1
19184,1
19185,1
19186,1
19187,1
19188,1
19189,1
19190,1
19191,1
19192,1
19193,1
19194,1
19195,1
19196,1
19197,1
19198,1
19199,1
19200,1
19201,1
19202,1
19203,1
19204,1
19205,1
19220,1
19221,1
19222,1
19223,1
19224,1
19225,1
19226,1
19227,1
19228,1
19229,1
19230,1
19232,1
19233,1
19234,1
19235,1
19236,1
19237,1
19238,1
19239,1
19240,1
19241,1
19242,1
19243,1
19245,1
19246,1
19247,1
19248,1
19249,1
19250,1
19251,1
19252,1
19253,1
19254,1
19255,1
19281,1
19282,1
19283,1
25843,1
25844,1
25845,1
25846,1
25847,1
25848,1
25849,1
25850,1
25851,1
25852,1
25853,1
25854,1
25855,1
25856,1
25857,1
25858,1
25859,1
25860,1
25861,1
25862,1
25863,1
25864,1
25865,1
25866,1
25867,1
25868,1
25869,1
25870,1
25871,1
25872,1
25873,1
25874,1
25875,1
25876,1
25877,1
25878,1
25879,1
25880,1
25881,1
25882,1
25888,1
25889,1
25890,1
25891,1
25892,1
25893,1
25894,1
25895,1
25896,1
25897,1
25898,1
25899,1
25900,1
25901,1
25902,1
25903,1
25904,1
25905,1
25911,1
25912,1
25913,1
30634,2
30635,2
30636,2
30637,2
30638,2
30639,2
30640,2
30645,2
30646,2
30647,2
30648,2
30649,2
30650,2
30651,2
30652,2
30653,2
30654,2
30655,2
30656,2
30662,2
30663,2
30664,2
30665,2
30666,2
30667,2
30668,2
30669,2
30670,2
30671,2
30672,2
30673,2
30674,2
30675,2
30676,2
30677,2
30678,2
30679,2
30680,2
30681,2
30682,2
30683,2
30684,2
30685,2
30686,2
30687,2
30688,2
30689,2
30690,2
30691,2
30692,2
30693,2
30694,2
30695,2
30696,2
30697,2
30698,2
30699,2
30700,2
30701,2
30702,2
30703,2
30704,2
30705,2
30706,2
30707,2
30708,2
30709,2
30710,2
30711,2
30712,2
30713,2
30714,2
30715,2
30716,2
30717,2
30718,2
30719,2
30720,2
30721,2
30722,2
30723,2
30724,2
30725,2
30726,2
30727,2
30728,2
30729,2
30730,2
30731,2
30732,2
30733,2
30734,2
30735,2
30736,2
30737,2
30738,2
30739,2
30740,2
30741,2
30742,2
30743,2
30744,2
30745,2
30746,2
30747,2
30748,2
30749,2
30750,2
30751,2
30752,2
30753,2
30754,2
30755,2
30756,2
30757,2
30758,2
30759,2
30760,2
31155,2
31156,2
31157,2
31158,2
31159,2
31161,2
31162,2
31167,2
31168,2
31174,2
31175,2
31176,2
31177,2
31178,2
31179,2
31396,2
31397,2
31398,2
31399,2
31400,2
31404,2
31405,2
31450,2
31451,2
31452,2
31453,2
31454,2
31455,2
31822,2
31823,2
31824,2
31825,2
31826,2
31827,2
31828,2
31829,2
31830,2
31831,2
31832,2
38182,2
38183,2
38184,2
38185,2
38186,2
38191,2
38192,2
38193,2
38194,2
38195,2
38196,2
38197,2
38199,2
38200,2
38201,2
38202,2
38203,2
38204,2
38205,2
38290,2
38291,2
38292,2
38293,2
38294,2
38296,2
38297,2
38298,2
39629,2
39630,2
39631,2
39632,2
39633,2
39634,2
39635,2
39636,2
39637,2
39638,2
39639,2
39640,2
39641,2
39642,2
39643,2
39644,2
39645,2
39646,2
39647,2
39648,2
39649,2
39650,2
39651,2
39652,2
39653,2
39674,2
39675,2
39676,2
39677,2
39678,2
39680,2
39681,2
39692,2
39693,2
39694,2
39695,2
39696,2
39697,2
39698,2
39699,2
39700,2
39765,2
39766,2
39767,2
39768,2
39769,2
39770,2
39771,2
39772,2
39773,2
39774,2
39795,2
39796,2
39797,2
39798,2
39799,2
39800,2
39801,2
39802,2
39803,2
39804,2
39805,2
39806,2
39807,2
39897,2
39898,2
39899,2
39900,2
39901,2
39902,2
39903,2
39904,2
39905,2
39906,2
39907,2
39913,2
39914,2
39915,2
39916,2
39917,2
39918,2
39919,2
39920,2
39926,2
39927,2
39928,2
39929,2
39930,2
39931,2
39932,2
39933,2
39939,2
39940,2
39941,2
39942,2
39943,2
39944,2
39945,2
39946,2
39952,2
39953,2
39954,2
39955,2
39956,2
39957,2
39958,2
39959,2
39965,2
39966,2
39967,2
39968,2
39969,2
39970,2
39971,2
39972,2
39978,2
39979,2
39980,2
39981,2
39982,2
39983,2
39984,2
39985,2
39991,2
39992,2
39993,2
39994,2
39995,2
39996,2
39997,2
39998,2
40004,2
40005,2
40006,2
40007,2
40008,2
40009,2
40010,2
40011,2
40017,2
40018,2
40019,2
40020,2
40021,2
40022,2
40023,2
40024,2
