10969,1
10970,1
10971,1
10972,1
10973,1
10974,1
10975,1
10976,1
10977,1
10978,1
10979,1
10980,1
10981,1
10982,1
10983,1
10984,1
10985,1
10986,1
10987,1
10988,1
10989,1
10990,1
10991,1
10992,1
10993,1
10994,1
10995,1
10996,1
10997,1
10998,1
10999,1
11000,1
11001,1
11002,1
11003,1
11004,1
11005,1
11006,1
11007,1
11013,1
11014,1
11015,1
11016,1
11017,1
11018,1
11019,1
11020,1
11021,1
11022,1
11023,1
11024,1
11025,1
11039,1
11040,1
11041,1
11042,1
11043,1
11075,1
11076,1
11077,1
11078,1
11079,1
11080,1
11081,1
11082,1
11083,1
11084,1
11085,1
11086,1
11087,1
11116,1
11117,1
11118,1
11119,1
11120,1
11121,1
11122,1
11123,1
11124,1
11125,1
11126,1
11127,1
11128,1
11129,1
11130,1
11131,1
11137,1
11138,1
11139,1
11140,1
11141,1
11142,1
11143,1
11144,1
11145,1
11146,1
11147,1
11148,1
11149,1
11150,1
11151,1
11152,1
11153,1
11154,1
11155,1
11156,1
11157,1
11158,1
11159,1
11160,1
11161,1
11538,1
11539,1
11540,1
11541,1
11542,1
11543,1
11544,1
11545,1
11546,1
11547,1
11548,1
11549,1
11550,1
14205,1
14206,1
14207,1
14208,1
14209,1
14210,1
14211,1
14212,1
14213,1
14214,1
14215,1
14216,1
14217,1
14218,1
14219,1
14220,1
14221,1
14222,1
14223,1
14224,1
14225,1
14226,1
14227,1
14228,1
14229,1
14230,1
14231,1
14232,1
14233,1
14234,1
14235,1
14236,1
14237,1
14238,1
14239,1
14240,1
14241,1
14242,1
14243,1
14244,1
14245,1
14246,1
14247,1
14248,1
14249,1
14250,1
14251,1
14252,1
14253,1
14254,1
14255,1
14256,1
14257,1
14258,1
14259,1
14260,1
14261,1
14262,1
14263,1
14264,1
14265,1
14266,1
14267,1
14268,1
14269,1
14270,1
14271,1
14272,1
14273,1
14274,1
14275,1
14276,1
14277,1
14278,1
14279,1
14280,1
14281,1
14282,1
14283,1
14284,1
14285,1
14286,1
14287,1
14288,1
14289,1
14290,1
14291,1
14292,1
14293,1
14294,1
14295,1
14296,1
14297,1
14298,1
14299,1
14300,1
14301,1
14302,1
14303,1
14304,1
14305,1
14306,1
14307,1
14308,1
14309,1
14310,1
14311,1
14312,1
14313,1
14314,1
14315,1
14316,1
14317,1
14318,1
14319,1
14320,1
14321,1
14322,1
14323,1
14324,1
14325,1
14326,1
14327,1
14328,1
14329,1
14330,1
14331,1
14332,1
14333,1
14334,1
14335,1
14336,1
14337,1
14338,1
14339,1
14340,1
14341,1
14342,1
14343,1
14344,1
14345,1
20997,1
20998,1
20999,1
21000,1
21001,1
21002,1
21003,1
21004,1
21005,1
21006,1
21007,1
21008,1
21009,1
21010,1
21011,1
21012,1
21013,1
21014,1
21015,1
21016,1
21017,1
21018,1
21019,1
21020,1
21021,1
21022,1
21023,1
21024,1
21025,1
21026,1
21027,1
21028,1
21029,1
21030,1
21031,1
21032,1
21033,1
21034,1
21035,1
21036,1
21037,1
21038,1
21039,1
21040,1
21041,1
21042,1
21043,1
21044,1
21045,1
21046,1
21047,1
21048,1
21049,1
21050,1
21051,1
21052,1
21053,1
21054,1
21055,1
21056,1
21057,1
21058,1
21059,1
21288,2
21289,2
21290,2
21291,2
21292,2
21293,2
21294,2
21295,2
21296,2
21297,2
21298,2
21299,2
21300,2
21301,2
21302,2
21303,2
21304,2
21305,2
21306,2
21307,2
21308,2
21309,2
21310,2
21311,2
21317,4
21318,4
21319,4
21320,4
21321,4
21322,4
21323,4
21324,4
21325,4
21326,4
21327,4
21328,4
21329,4
21330,4
21331,4
21332,4
21341,4
21342,4
21343,4
21344,4
21345,4
21346,4
21347,4
21348,4
21349,4
21350,4
21351,4
21352,4
21361,4
21362,4
21363,4
21364,4
21365,4
21366,4
21367,4
21369,4
21370,4
21371,4
21501,2
21502,2
21503,2
21504,2
21505,2
21506,2
21512,1
21513,1
21514,1
21515,1
21516,1
21517,1
21523,2
21524,2
21525,2
21526,2
21527,2
21528,2
21627,1
21628,1
21629,1
21630,1
21631,1
21632,1
21633,1
21634,1
21635,1
21636,1
21637,1
21638,1
21639,1
21640,1
21641,1
21642,1
21643,1
21644,1
21645,1
21646,1
21647,1
21648,1
21649,1
21650,1
21651,1
21652,1
21653,1
21654,1
21655,1
21656,1
21657,1
21658,1
21659,1
21665,1
21666,1
21667,1
21668,1
21669,1
21670,1
21671,1
21672,1
21673,1
21674,1
21675,1
21676,1
21677,1
21679,1
21680,1
21681,1
21692,1
21693,1
21694,1
21709,1
21710,1
21711,1
21712,1
21713,1
21714,1
21715,1
21716,1
21717,1
21718,1
21719,1
21720,1
21721,1
21723,1
21724,1
21725,1
21727,1
21728,1
21729,1
21730,1
21731,1
21732,1
21733,1
21734,1
21735,1
21736,1
21737,1
21738,1
21739,1
21740,1
21741,1
21742,1
21743,1
21744,1
21745,1
21746,1
21747,1
21748,1
21749,1
21750,1
21751,1
21752,1
21753,1
21755,1
21756,1
21757,1
21759,1
21760,1
21761,1
21762,1
21763,1
21764,1
21765,1
21766,1
21767,1
21768,1
21769,1
21770,1
21771,1
21886,1
21887,1
21888,1
21889,1
21890,1
21891,1
21892,1
21893,1
21894,1
21895,1
21896,1
21897,1
21898,1
21899,1
21900,1
21901,1
21902,1
21903,1
21904,1
21905,1
21906,1
21907,1
21908,1
21909,1
21910,1
21911,1
21912,1
21913,1
21914,1
21915,1
21916,1
21917,1
21918,1
21919,1
21920,1
21921,1
21922,1
21923,1
21924,1
21930,1
21931,1
21932,1
21933,1
21934,1
21935,1
21936,1
21937,1
21938,1
21939,1
21940,1
21941,1
21942,1
21943,1
21944,1
21945,1
21946,1
21947,1
21948,1
21949,1
21950,1
21951,1
21952,1
21953,1
21954,1
21955,1
21956,1
21957,1
21958,1
21959,1
21960,1
21961,1
21962,1
21963,1
21964,1
21965,1
21966,1
21967,1
21968,1
21969,1
21970,1
21971,1
21972,1
21973,1
22142,3
22143,3
22144,3
22145,3
22146,3
22147,3
22148,3
22149,3
22150,3
22151,3
22152,3
22153,3
22154,3
22155,3
22156,3
22157,3
22158,3
22159,3
22160,3
22161,3
22162,3
22163,3
22164,3
22165,3
22166,3
22167,3
22168,3
22169,3
22170,3
22171,3
22172,3
22173,3
22174,3
22175,3
22176,3
22177,3
22178,3
22179,3
22180,3
22181,3
22187,2
22188,2
22189,2
22190,2
22191,2
22192,2
22193,2
22194,2
22195,2
22196,2
22197,2
22198,2
22199,2
22200,2
22201,2
22202,2
22203,2
22204,2
22210,1
22211,1
22212,1
22213,1
22214,1
22215,1
22216,1
22217,1
22218,1
22219,1
22220,1
22221,1
22222,1
22223,1
22224,1
22225,1
22226,1
22227,1
22228,1
22229,1
22230,1
22231,1
22232,1
22233,1
22234,1
22235,1
22236,1
22237,1
22238,1
22239,1
22240,1
22241,1
22242,1
22243,1
22244,1
22245,1
22246,1
22247,1
22248,1
22249,1
22251,1
22252,1
22253,1
22254,1
22255,1
22256,1
22257,1
22258,1
22259,1
22260,1
22261,1
22262,1
22263,1
22264,1
22265,1
22266,2
22267,2
22268,2
22269,2
22271,1
22272,1
22273,1
22274,1
22275,1
22276,1
22277,1
22278,1
22279,1
22280,1
22281,1
22282,1
22283,1
22284,1
22285,1
22286,1
22311,1
22312,1
22313,1
22314,1
22315,1
22316,1
22317,1
22318,1
22319,1
22320,1
22321,1
22322,1
22323,1
22324,1
22325,1
22326,1
22327,1
22328,1
22329,1
22330,1
22331,1
22332,1
22333,1
22352,1
22353,1
22354,1
22355,1
22356,1
22419,1
22420,1
22421,1
22422,1
22423,1
22424,1
22425,1
22426,1
22427,1
22428,1
22429,1
22430,1
22431,1
22433,1
22434,1
22435,1
22439,1
22440,1
22441,1
22442,1
22444,1
22445,1
22446,1
22447,1
22448,1
22449,1
22450,1
22451,1
22452,1
22453,2
22454,2
22455,2
22456,2
22458,1
22459,1
22460,1
22461,1
22462,1
22463,1
22464,1
22465,1
22466,1
22467,1
22468,1
22469,1
22470,1
22471,1
22472,1
22473,1
22474,1
22475,1
22476,1
22477,1
22478,1
22479,1
22480,1
22481,1
22482,1
22483,1
22484,1
22485,1
22500,1
22501,1
22502,1
22503,1
22504,1
22505,1
22506,1
22507,1
22508,1
22509,1
22510,1
22511,1
22512,1
22513,1
22514,1
22515,1
22516,1
22518,1
22519,1
22520,1
22521,1
22522,1
22523,1
22524,1
22525,1
22526,1
22527,1
22528,1
22529,1
22530,1
22531,1
22532,1
22533,1
22534,1
22535,1
22536,1
22537,1
22538,1
22539,1
22540,1
22541,1
22542,1
22543,1
22544,1
22545,1
22555,1
22556,1
22558,1
22559,1
22560,1
22561,1
22567,4
22568,4
22569,4
22570,4
22571,4
22572,4
22573,4
22574,4
22575,4
22576,4
22577,4
22578,4
22579,4
22580,4
22581,4
22582,4
22583,4
22584,4
22586,4
22587,4
22588,4
22589,4
22590,4
22591,4
22592,4
22593,4
22594,4
22595,4
22596,4
22597,4
22598,4
22599,4
22723,3
22724,3
22725,3
22726,3
22727,3
22728,3
22729,3
22730,3
22731,3
22732,3
22733,3
22734,3
22735,3
22736,3
22737,3
22738,3
22739,3
22740,3
22741,3
22742,3
22743,3
22744,3
22745,6
22746,6
22747,6
22748,6
22749,6
22750,6
22751,6
22753,3
22754,3
22755,3
22766,3
22767,3
22768,3
22769,3
22770,3
22771,3
22772,3
22773,3
22774,3
22775,3
22776,3
22777,3
22778,3
22779,3
22780,3
22782,3
22783,3
22789,3
22790,3
22791,3
22792,3
22798,4
22799,4
22800,4
22801,4
22802,4
22804,4
22805,4
22806,4
22808,1
22809,1
22810,1
22811,1
22812,3
22813,3
22814,3
22815,3
22816,3
22817,3
22818,3
22819,3
22820,3
22822,3
22823,3
22824,3
22825,3
22826,3
22827,3
22828,3
22829,3
22835,3
22836,3
22837,3
22838,3
22839,3
22840,3
22841,3
22842,3
22843,3
30812,1
30813,1
30814,1
30815,1
30816,1
30817,1
30818,1
30819,1
30820,1
30821,1
30822,1
30823,1
30824,1
30825,1
30826,1
30827,1
30828,1
30829,1
30830,1
30831,1
30832,1
30833,1
30834,1
30835,1
30836,1
30837,1
30838,1
30839,1
30840,1
30841,1
30842,1
30843,1
30844,1
30845,1
30846,1
30847,1
30848,1
30849,1
30850,1
30851,1
30852,1
30853,1
30854,1
30860,1
30861,1
30862,1
30863,1
30864,1
30865,1
30866,1
30867,1
31130,2
31131,2
31132,2
31133,2
31134,2
31135,2
31155,1
31156,1
31157,1
31158,1
31159,1
31164,1
31165,1
31166,1
31167,1
31168,1
31185,2
31186,2
31187,2
31188,2
31189,2
31190,2
31314,1
31315,1
31316,1
31317,1
31318,1
31320,1
31321,1
31325,1
31326,1
31327,1
31396,2
31397,2
31398,2
31399,2
31400,2
31403,2
31404,2
31405,2
31450,1
31451,1
31452,1
31453,1
31454,1
31455,1
38253,1
38254,1
38255,1
38256,1
38257,1
38258,1
38259,1
38260,1
38261,1
38267,1
38268,1
38269,1
38270,1
38271,1
38272,1
38273,1
38274,1
38280,1
38283,1
38284,1
38290,1
38291,1
38292,1
38293,1
38294,1
38299,1
38300,1
38301,1
38302,1
38303,1
38305,1
38306,1
38307,1
38308,1
38309,1
38310,1
38311,1
38312,1
38313,1
38314,1
38315,1
38316,1
38317,1
38345,1
38346,1
38414,1
38415,1
38416,1
38417,1
40464,1
40465,1
40466,1
40467,1
40468,1
40469,1
40470,1
40513,1
40514,1
40515,1
40516,1
40517,1
40518,1
40519,1
40520,1
