1497,1
1498,1
1499,1
1500,1
1501,1
1502,1
1503,1
1515,1
1516,1
1517,1
1524,8
1525,8
1526,8
1527,8
1528,8
1529,8
1535,1
1536,1
1537,1
1538,1
1539,1
1540,1
1546,1
1547,1
1548,1
1549,1
1550,1
1551,1
1552,1
1553,1
1554,1
1555,1
1556,1
1557,1
1558,1
1559,1
1607,1
1608,1
1609,1
1610,1
1611,1
1612,1
1613,1
1614,1
1615,1
1616,1
1617,1
1618,1
1619,1
1620,8
1621,8
1622,8
1623,8
1625,7
1626,7
1627,7
1628,7
1629,7
1630,7
1631,7
1632,7
1633,7
1634,7
1635,7
1637,1
1638,1
1639,1
1640,1
1641,1
1642,1
1643,1
1644,1
1645,4
1646,4
1647,4
1648,4
1650,3
1651,3
1652,3
1653,3
1654,3
1655,3
1656,3
1657,3
1658,3
1659,3
1660,3
1661,3
1663,1
1664,1
1665,1
1666,1
1667,1
1668,1
1669,1
1670,1
1671,1
1672,1
1673,1
1674,1
1675,1
1676,1
1677,1
1678,1
1679,1
1680,1
1681,1
1682,1
1689,1
1690,1
1691,1
1692,1
1693,1
1694,1
1695,1
1696,1
1697,1
1698,1
1699,1
1700,1
1701,1
1702,1
1703,1
1704,1
1705,1
1706,1
1707,1
1708,1
1709,1
1710,3
1711,3
1712,3
1713,3
1714,3
1716,2
1717,2
1718,2
1719,2
1720,2
1721,2
1722,2
1723,2
1724,2
1725,2
1726,2
1727,2
1728,2
1734,2
1735,2
1736,2
1737,2
1738,2
1739,2
1740,2
1759,2
1760,2
1761,2
1762,2
1763,2
1764,2
1765,2
1767,2
1768,2
1769,2
1790,2
1791,2
1792,2
1793,2
1794,2
1795,2
1796,2
1797,2
1814,2
1815,2
1816,2
1849,2
1850,2
1852,1
1853,1
1854,1
1855,1
1856,1
1857,1
1858,1
1859,1
1860,1
1861,1
1862,1
1863,1
1864,1
1865,1
1866,1
1965,2
1966,2
1967,2
1968,2
1969,2
1970,2
1971,2
1972,2
1973,2
1974,2
1975,2
1976,2
1977,2
1978,2
1979,2
2005,2
2006,2
2007,2
2008,2
2009,2
2010,2
2011,2
2012,2
2013,2
2014,2
2015,2
2016,2
2017,2
2018,2
2019,2
2020,2
2021,2
2022,2
2023,2
2024,2
2025,2
2026,2
2036,2
2037,2
2038,2
2039,2
2040,2
2041,2
2042,2
2043,2
2044,2
2045,2
2046,2
2052,1
2053,1
2054,1
2055,1
2056,1
2058,1
2059,1
2060,1
2227,1
2228,1
2229,1
2230,1
2231,1
2232,1
2233,1
2234,1
2235,1
2236,1
2237,1
2238,1
2239,1
2240,1
2241,1
2242,1
2243,1
2244,1
2245,1
2246,1
2247,1
2248,1
2254,2
2255,2
2256,2
2257,2
2258,2
2259,2
2260,2
2272,2
2273,2
2274,2
2275,2
2276,2
2277,2
2278,2
2279,2
2281,1
2282,1
2283,1
2284,1
2285,1
2286,1
2287,1
2288,1
2289,1
2290,1
2291,1
2292,1
2293,1
2294,1
2304,1
2305,1
2306,1
2307,1
2308,1
2309,1
2310,1
2311,2
2312,2
2313,2
11275,2
11276,2
11277,2
11278,2
11279,2
11280,2
11281,2
11282,2
11283,2
11284,2
11285,2
11286,2
11287,2
11288,2
11289,2
11290,2
11291,2
11292,2
11293,2
11294,2
11295,2
11296,2
11297,2
11298,2
11300,2
11301,2
11302,2
11303,2
11304,2
11305,2
11306,2
11352,4
11353,4
11354,4
11355,4
11356,4
11357,4
11358,4
11359,4
11360,4
11361,4
11362,4
11363,4
11364,4
11365,4
11366,4
11367,4
11368,4
11379,4
11380,4
11381,4
11382,4
11383,4
11384,4
11385,4
11386,4
11387,4
11393,3
11394,3
11395,3
11396,3
11397,3
11398,3
11399,3
11400,3
11401,3
11402,3
11403,3
11404,3
11405,3
11411,1
11412,1
11413,1
11414,1
11415,1
11416,1
11417,1
11418,1
11419,1
11420,1
11421,1
11422,1
11423,1
11443,1
11444,1
11445,1
11446,1
11447,1
11448,1
11449,1
11450,1
11451,1
11480,2
11481,2
11482,2
11483,2
11484,2
11485,2
11486,2
11487,2
11488,2
11489,2
11490,2
11491,2
11492,2
11493,2
11494,2
11495,2
11496,2
11498,2
11499,2
11500,2
11501,2
11502,2
11503,2
11505,2
11508,2
11509,2
11538,1
11539,1
11540,1
11541,1
11542,1
11543,1
11544,1
11545,1
11546,1
11547,1
11548,1
11549,1
11550,1
11614,1
11615,1
11616,1
11617,1
11618,1
11619,1
11620,1
11621,1
11622,1
11623,1
11624,1
11625,1
11626,1
11627,1
11628,1
11629,1
11630,1
11631,1
11632,1
11633,1
11634,1
11635,1
11636,1
11637,1
11638,1
11662,2
11663,2
11664,2
11665,2
11666,2
11667,2
11668,2
11669,2
11670,2
11671,2
11672,2
11673,2
11674,2
11680,1
11681,1
11682,1
11683,1
11684,1
11685,1
12327,5
12328,5
12329,5
12330,5
12331,5
12332,5
12333,5
12334,5
12335,5
12336,5
12337,5
12343,5
12344,5
12345,5
12346,5
12347,5
12348,5
12349,5
12350,5
12351,5
12352,5
12353,5
12354,5
12373,5
12374,5
12375,5
12376,5
12377,5
12378,5
12379,5
12380,5
12381,5
12382,5
12383,5
12384,5
12385,5
12386,5
12387,5
12388,5
12389,12
12390,12
12391,12
12392,12
12394,9
12395,9
12396,9
12397,9
12398,9
12399,9
12400,9
12401,9
12402,9
12403,9
12404,9
12405,9
12406,9
12408,7
12409,7
12410,7
12411,7
12412,7
12413,7
12414,7
12416,2
12417,2
12418,2
12419,2
12420,7
12421,7
12423,3
12424,3
12425,3
25361,1
25362,1
25363,1
25364,1
25365,1
25366,1
25367,1
25368,1
25369,1
25370,1
25371,1
25372,1
25373,1
25374,1
25375,1
25376,1
25377,1
25378,1
25379,1
25380,1
25381,1
25382,1
25383,3
25384,3
25385,3
25386,3
25387,3
25389,2
25390,2
25391,2
25392,2
25393,2
25394,2
25395,2
25396,2
25397,2
25398,2
25399,2
25400,2
25401,2
25403,2
25404,2
25405,2
25406,2
25407,2
25418,2
25419,2
25420,2
25421,2
25422,2
25423,2
25424,2
25426,2
25427,2
25428,2
25429,2
25430,2
25431,2
25432,2
25433,2
25434,2
25435,2
25437,2
25446,2
25447,2
25448,2
25449,2
25450,2
25451,2
25452,2
25453,2
25454,2
25455,2
25456,2
25457,2
25458,2
25459,2
25460,2
25471,2
25472,2
25473,2
25474,2
25475,2
25488,2
25489,2
25490,2
25491,2
25492,2
25493,2
25494,2
25495,2
25496,2
25497,2
25498,2
25499,2
25500,2
25501,2
25502,2
25503,2
25504,2
25505,2
25506,2
25507,2
25508,2
25509,2
25510,2
25511,2
25512,2
25513,2
25514,2
25515,2
25516,2
25517,2
25518,2
25519,2
25520,2
25521,2
25522,2
25523,2
25524,2
25525,2
25526,2
25540,2
25541,2
25661,2
25662,2
25663,2
25664,2
25665,2
25666,2
25667,2
25668,2
25670,1
25671,1
25672,1
25673,1
25674,1
25675,1
25676,1
25677,1
25678,1
25684,2
25685,2
25686,2
25687,2
25688,2
25689,2
25708,2
25709,2
25710,2
25716,1
25717,1
25718,1
25719,1
25720,1
25721,1
25722,1
25723,1
25724,1
25725,1
25726,1
25727,1
25728,1
25729,1
28990,1
28991,1
28992,1
28993,1
28994,1
28995,1
28996,1
28997,1
28998,1
28999,1
29000,1
29001,1
29002,1
29003,1
29004,1
29005,1
29006,1
29007,1
29008,1
29009,1
29010,1
29011,1
29012,1
29013,1
29014,1
29015,1
29016,1
29017,1
29018,1
29019,1
29020,1
29021,1
29022,1
29023,1
29024,1
29025,1
29026,1
29027,1
29028,1
29029,1
29030,1
29031,1
29032,1
29033,1
29034,1
29035,1
29036,1
29037,1
29038,1
29039,1
29040,1
29041,1
29042,1
29043,1
29044,1
29045,1
29046,1
29047,1
29048,1
29049,1
29050,1
29051,1
29052,1
29053,1
29054,1
29055,1
29056,1
29057,1
29058,1
29059,1
29060,1
29061,1
29062,1
29063,1
29064,1
29065,1
29066,1
29067,1
29068,1
29069,1
29070,1
29071,1
29072,1
29073,1
29074,1
29075,1
29076,1
29077,1
29078,1
29079,1
29080,1
29081,1
29082,1
29083,1
29084,1
29085,1
29086,1
29087,1
29088,1
29089,1
29090,1
30984,7
30985,7
30986,7
30987,7
30988,7
30989,7
30990,7
30991,7
30992,7
30993,7
30999,2
31000,2
31001,2
31002,2
31003,2
31004,2
31005,2
31006,2
31007,2
31008,2
31009,2
31010,2
31011,2
31012,2
31013,2
31014,2
31015,2
31016,2
31017,2
31018,2
31019,2
31020,2
31021,2
31055,3
31056,3
31057,3
31058,3
31059,3
31061,2
31062,2
31063,2
31064,1
31065,1
31066,1
31067,1
31068,1
31073,1
31074,1
31075,1
31076,1
31077,1
31078,1
31079,1
31080,1
31081,1
31082,1
31083,1
31084,1
31085,1
31086,1
31087,1
31100,1
31101,1
31102,1
31155,4
31156,4
31157,4
31158,4
31159,4
31164,4
31165,4
31166,4
31167,4
31168,4
31174,9
31175,9
31176,9
31177,9
31178,9
31179,9
31185,9
31186,9
31187,9
31188,9
31189,9
31190,9
31314,2
31315,2
31316,2
31317,2
31318,2
31320,2
31321,2
31325,2
31326,2
31327,2
31450,2
31451,2
31452,2
31453,2
31454,2
31455,2
38182,13
38183,13
38184,13
38185,13
38186,13
38191,13
38192,13
38193,13
38194,13
38195,13
38196,13
38197,13
38199,6
38200,6
38201,6
38202,6
38203,6
38204,6
38205,6
38206,7
38207,7
38208,7
38209,7
38210,7
38211,7
38212,7
38221,7
38222,7
38223,7
38224,7
40257,1
40258,1
40259,1
40260,1
40261,1
40262,1
40283,4
40284,4
40285,4
40286,4
40287,4
40289,3
40290,3
40291,3
40292,3
40293,3
40294,3
40295,3
40296,1
40297,1
40298,1
40299,1
40320,1
40321,1
40322,1
40323,1
40324,1
40325,1
40326,1
40327,1
40328,1
40329,1
