33350,1
33351,1
33352,1
33353,1
33354,1
33355,1
33356,1
33357,1
33358,1
33359,1
33360,1
33361,1
33362,1
33363,1
33364,1
33365,1
33366,1
33367,1
33368,1
33369,1
33370,1
33371,1
33372,1
38931,1
38932,1
38933,1
38934,1
38935,1
38936,1
38937,1
38938,1
38939,1
38940,1
38941,1
39135,1
39136,1
39137,1
39138,1
39139,1
39140,1
39141,1
39147,1
39148,1
39149,1
39150,1
39159,1
39160,1
39161,1
39162,1
39171,1
39172,1
39173,1
39174,1
39183,1
39184,1
39185,1
39186,1
39195,1
39196,1
39197,1
39198,1
39200,1
39201,1
39202,1
39203,1
39204,1
39205,1
39206,1
