1485,1
1486,1
1487,1
1488,1
1489,1
1490,1
1491,1
1497,1
1498,1
1499,1
1500,1
1501,1
1502,1
1503,1
1515,1
1516,1
1517,1
1524,6
1525,6
1526,6
1527,6
1528,6
1529,6
1535,1
1536,1
1537,1
1538,1
1539,1
1540,1
1565,1
1566,1
1567,1
1568,1
1569,1
1570,1
1571,1
1572,1
1573,1
1574,1
1575,1
1576,1
1577,1
1578,1
1579,1
1580,1
1607,1
1608,1
1609,1
1610,1
1611,1
1612,1
1613,1
1614,1
1615,1
1616,1
1617,1
1618,1
1619,1
1620,12
1621,12
1622,12
1623,12
1625,11
1626,11
1627,11
1628,11
1629,11
1630,11
1631,11
1632,11
1633,11
1634,11
1635,11
1637,1
1638,1
1639,1
1640,1
1641,1
1642,1
1643,1
1644,1
1645,1
1646,1
1647,1
1648,1
1663,1
1664,1
1665,1
1666,1
1667,1
1668,1
1669,1
1670,1
1671,1
1672,1
1673,1
1674,1
1675,1
1676,1
1677,1
1678,1
1679,1
1680,1
1681,1
1682,1
1689,1
1690,1
1691,1
1692,1
1693,1
1694,1
1695,1
1696,1
1697,1
1698,1
1699,1
1700,1
1701,1
1702,1
1703,1
1704,1
1705,1
1706,1
1707,1
1708,1
1709,1
1710,2
1711,2
1712,2
1713,2
1714,2
1716,1
1717,1
1718,1
1719,1
1720,1
1721,1
1722,1
1723,1
1724,1
1725,1
1726,1
1727,1
1728,1
1734,1
1735,1
1736,1
1737,1
1738,1
1739,1
1740,1
1759,1
1760,1
1761,1
1762,1
1763,1
1764,1
1765,1
1767,1
1768,1
1769,1
1771,1
1772,1
1773,1
1774,1
1775,1
1776,1
1790,1
1791,1
1792,1
1793,1
1794,1
1795,1
1796,1
1797,1
1814,1
1815,1
1816,1
1849,1
1850,1
1852,1
1853,1
1854,1
1855,1
1856,1
1857,1
1858,1
1859,1
1860,1
1861,1
1862,1
1863,1
1864,1
1865,1
1866,1
1872,1
1873,1
1874,1
1875,2
1876,2
1877,2
1878,2
1879,2
1881,1
1882,1
1883,1
1884,1
1885,1
1886,1
1887,1
1888,1
1889,1
1890,1
1891,1
1892,1
1893,1
1894,1
1910,1
1911,1
1912,1
1913,1
1914,1
1915,1
1916,1
1917,1
1918,1
1919,1
1920,1
1921,1
1935,1
1936,1
1938,1
1939,1
1940,1
1941,1
1942,1
1957,1
1958,1
1959,1
1965,1
1966,1
1967,1
1968,1
1969,1
1970,1
1971,1
1972,1
1973,1
1974,1
1975,1
1976,1
1977,1
1978,1
1979,1
2005,1
2006,1
2007,1
2008,1
2009,1
2010,1
2011,1
2012,1
2013,1
2014,1
2015,1
2016,1
2017,1
2018,1
2019,1
2020,1
2021,1
2022,1
2023,1
2024,1
2025,1
2026,1
2028,1
2029,1
2030,1
2031,1
2032,1
2033,1
2034,1
2035,1
2036,1
2037,1
2038,1
2039,1
2040,1
2041,1
2042,1
2043,1
2044,1
2045,1
2046,1
2052,1
2053,1
2054,1
2055,1
2056,1
2058,1
2059,1
2060,1
2227,1
2228,1
2229,1
2230,1
2231,1
2232,1
2233,1
2234,1
2235,1
2236,1
2237,1
2238,1
2239,1
2240,1
2241,1
2242,1
2243,1
2244,1
2245,1
2246,1
2247,1
2248,1
2254,1
2255,1
2256,1
2257,1
2258,1
2259,1
2260,1
2272,1
2273,1
2274,1
2275,1
2276,1
2277,1
2278,1
2279,1
2311,1
2312,1
2313,1
10969,1
10970,1
10971,1
10972,1
10973,1
10974,1
10975,1
10976,1
10977,1
10978,1
10979,1
10980,1
10981,1
10982,1
10983,1
10984,1
10985,1
10986,1
10987,1
10988,1
10989,1
10990,1
10991,1
10992,1
10993,1
10994,1
10995,1
10996,1
10997,1
10998,1
10999,1
11000,1
11001,1
11002,1
11003,1
11004,1
11005,1
11006,1
11007,1
11013,11
11014,11
11015,11
11016,11
11017,11
11018,11
11019,11
11020,11
11021,11
11022,11
11023,11
11024,11
11025,11
11027,6
11028,6
11029,6
11030,6
11031,6
11032,6
11033,6
11034,6
11035,6
11036,6
11037,6
11038,6
11039,11
11040,11
11041,11
11042,11
11043,11
11075,11
11076,11
11077,11
11078,11
11079,11
11080,11
11081,11
11082,11
11083,11
11084,11
11085,11
11086,11
11087,11
11352,2
11353,2
11354,2
11355,2
11356,2
11357,2
11358,2
11359,2
11360,2
11361,2
11362,2
11363,2
11364,2
11365,2
11366,2
11367,2
11368,2
11370,2
11371,2
11372,2
11373,2
11374,2
11375,2
11376,2
11377,2
11378,2
11393,1
11394,1
11395,1
11396,1
11397,1
11398,1
11399,1
11400,1
11401,1
11402,1
11403,1
11404,1
11405,1
11411,1
11412,1
11413,1
11414,1
11415,1
11416,1
11417,1
11418,1
11419,1
11420,1
11421,1
11422,1
11423,1
11443,1
11444,1
11445,1
11446,1
11447,1
11448,1
11449,1
11450,1
11451,1
11480,5
11481,5
11482,5
11483,5
11484,5
11485,5
11486,5
11487,5
11488,5
11489,5
11490,5
11491,5
11492,5
11493,5
11494,5
11495,5
11496,5
11498,1
11499,1
11500,1
11501,1
11502,1
11503,1
11505,4
11507,1
11508,5
11509,5
11538,1
11539,1
11540,1
11541,1
11542,1
11543,1
11544,1
11545,1
11546,1
11547,1
11548,1
11549,1
11550,1
11614,1
11615,1
11616,1
11617,1
11618,1
11619,1
11620,1
11621,1
11622,1
11623,1
11624,1
11625,1
11626,1
11627,1
11628,1
11629,1
11630,1
11631,1
11632,1
11633,1
11634,1
11635,1
11636,1
11637,1
11638,1
11662,1
11663,1
11664,1
11665,1
11666,1
11667,1
11668,1
11669,1
11670,1
11671,1
11672,1
11673,1
11674,1
12006,1
12007,1
12008,1
12009,1
12010,1
12011,1
12012,1
12013,1
12014,1
12015,1
12016,1
12017,1
12043,1
12044,1
12045,1
12046,1
12047,1
12052,1
12053,1
12054,1
12055,1
12056,1
12057,1
12058,1
12059,1
12060,1
12061,1
12064,1
12065,1
12066,1
12067,1
12068,1
12069,1
12070,1
12101,1
12102,1
12103,1
12104,1
12105,1
12106,1
12107,1
12108,1
12109,1
12110,1
12111,1
12112,1
12155,1
12156,1
12157,1
12158,1
12159,1
12160,1
12161,1
12162,1
12163,1
12164,1
12165,1
12166,1
12167,1
12168,1
12169,1
12170,1
12171,2
12172,2
12173,2
12174,2
12176,1
12177,1
12178,1
12179,1
12180,1
12181,1
12182,1
12183,1
12184,1
12185,1
12186,1
12188,1
12189,1
12190,1
12191,1
12192,1
12193,1
12194,1
12195,1
12196,1
12197,1
12198,1
12200,1
12201,1
12202,1
12203,1
12204,1
12207,1
12208,1
12209,1
12210,1
12211,1
12212,1
12213,1
12214,1
12310,1
12311,1
12312,1
12313,1
12314,1
12315,1
12316,1
12317,1
12318,1
12319,1
12320,1
12321,1
12327,1
12328,1
12329,1
12330,1
12331,1
12332,1
12333,1
12334,1
12335,1
12336,1
12337,1
12343,1
12344,1
12345,1
12346,1
12347,1
12348,1
12349,1
12350,1
12351,1
12352,1
12353,1
12354,1
12373,2
12374,2
12375,2
12376,2
12377,2
12378,2
12379,2
12380,2
12381,2
12382,2
12383,2
12384,2
12385,2
12386,2
12387,2
12388,2
12389,2
12390,2
12391,2
12392,2
12394,2
12395,2
12396,2
12397,2
12398,2
12399,2
12400,2
12401,2
12402,2
12403,2
12404,2
12405,2
12406,2
12416,2
12417,2
12418,2
12419,2
25212,1
25213,1
25214,1
25215,1
25216,1
25217,1
25218,1
25219,1
25220,1
25221,1
25222,1
25223,1
25224,1
25225,1
25226,1
25361,1
25362,1
25363,1
25364,1
25365,1
25366,1
25367,1
25368,1
25369,1
25370,1
25371,1
25372,1
25373,1
25374,1
25375,1
25376,1
25377,1
25378,1
25379,1
25380,1
25381,1
25382,1
25383,3
25384,3
25385,3
25386,3
25387,3
25389,2
25390,2
25391,2
25392,2
25393,2
25394,2
25395,2
25396,2
25397,2
25398,2
25399,2
25400,2
25401,2
25403,2
25404,2
25405,2
25406,2
25407,2
25418,2
25419,2
25420,2
25421,2
25422,2
25423,2
25424,2
25543,2
25544,2
25545,2
25546,2
25547,2
25548,2
25549,2
25551,1
25552,1
25553,1
25554,1
25555,1
25563,1
25564,1
25565,1
25566,1
25567,1
25568,1
25569,1
25570,1
25653,1
25654,1
25655,1
25656,1
25657,1
25658,1
25659,1
25660,1
25661,2
25662,2
25663,2
25664,2
25665,2
25666,2
25667,2
25668,2
25670,1
25671,1
25672,1
25673,1
25674,1
25675,1
25676,1
25677,1
25678,1
25684,2
25685,2
25686,2
25687,2
25688,2
25689,2
25708,2
25709,2
25710,2
25716,1
25717,1
25718,1
25719,1
25720,1
25721,1
25722,1
25723,1
25724,1
25725,1
25726,1
25727,1
25728,1
25729,1
25735,1
25736,1
25737,1
25738,1
25739,1
25740,1
25742,1
25743,1
25745,1
25746,1
25747,1
25748,1
25762,1
25763,1
25764,1
25765,1
25766,1
25767,1
25768,1
25769,1
25770,1
25771,1
25772,1
25778,1
25779,1
25780,1
25781,1
25782,1
25783,1
25785,1
25786,1
25787,1
25788,1
25789,1
25790,1
25796,1
25797,1
25798,1
25799,1
25800,1
25801,1
25802,1
25803,1
25805,1
25806,1
25807,1
25808,1
25809,1
25810,1
25811,1
25812,1
25813,1
25814,1
25815,1
25816,1
25817,1
25818,1
25819,1
25820,1
25821,1
25822,1
25823,1
25824,1
25825,1
26221,1
26222,1
26223,1
26224,1
26225,1
26226,1
26227,1
26228,1
26229,1
26230,1
26231,1
26232,1
26233,1
26234,1
26235,1
26236,1
26237,1
26238,1
26239,1
26240,1
26241,1
26242,1
26243,1
26244,1
26245,1
26246,1
26247,1
26248,1
26249,1
26250,1
26251,1
26252,1
26253,1
26254,1
26255,1
26256,1
26257,1
26258,1
26259,1
26260,1
26261,1
26262,1
26263,1
26264,1
26265,1
26266,1
26267,1
26268,1
26269,1
26270,1
26271,1
26272,1
26273,1
26274,1
26275,1
26276,1
26277,1
26278,1
26279,1
26280,1
26281,1
26282,1
26283,1
26284,1
26285,1
26286,1
26287,1
26288,1
26289,1
26290,1
26291,1
26292,1
26293,1
26294,1
26295,1
26296,1
26297,1
26298,1
26299,1
26300,1
26301,1
26302,1
26303,1
26304,1
26305,1
26306,1
26307,1
26308,1
26309,1
26310,1
26311,1
26312,1
26313,1
26314,1
26315,1
26316,1
26317,1
26318,1
26319,1
26320,1
26321,1
26322,1
26323,1
26324,1
26325,1
26326,1
26327,1
26328,1
26329,1
26330,1
26331,1
26332,1
26333,1
26334,1
26335,1
26336,1
26337,1
26338,1
26339,1
26340,1
26341,1
26342,1
26343,1
26344,1
26345,1
26346,1
26347,1
26348,1
26349,1
26350,1
26351,1
26352,1
26353,1
26354,1
26355,1
26356,1
26357,1
26358,1
26359,1
26360,1
26361,1
26362,1
26363,1
26364,1
26365,1
26366,1
26367,1
26368,1
26369,1
26370,1
26371,1
26372,1
26373,1
26374,1
26375,1
26376,1
26377,1
26378,1
26379,1
26380,1
26381,1
26382,1
26383,1
26384,1
26385,1
26386,1
26387,1
26388,1
26389,1
26390,1
26391,1
26392,1
26393,1
26394,1
26395,1
26396,1
26397,1
26398,1
26399,1
26400,1
26401,1
26402,1
26403,1
26404,1
26405,1
26406,1
26407,1
26408,1
26409,1
26410,1
26411,1
26412,1
26413,1
26414,1
26415,1
26416,1
26417,1
26418,1
26419,1
26420,1
26421,1
26422,1
26423,1
26424,1
26425,1
26426,1
26427,1
26428,1
26429,1
26430,1
26431,1
26432,1
26433,1
26434,1
26435,1
26436,1
26437,1
26438,1
26439,1
26440,1
26441,1
26442,1
26443,1
26444,1
26445,1
26446,1
26447,1
26448,1
26449,1
26450,1
26451,1
26452,1
26453,1
26454,1
26455,1
26456,1
26457,1
26458,1
26459,1
26460,1
26461,1
26462,1
26463,1
26464,1
26465,1
26466,1
26467,1
26468,1
26469,1
26470,1
26471,1
26472,1
26473,1
26474,1
26475,1
26476,1
26477,1
26478,1
26479,1
26480,1
26481,1
26482,1
26483,1
26484,1
26485,1
26486,1
26487,1
26488,1
26489,1
26490,1
26491,1
26492,1
26493,1
26494,1
26495,1
26496,1
26497,1
26498,1
26499,1
26500,1
26501,1
26502,1
26503,1
26504,1
26505,1
26506,1
26507,1
26508,1
26509,1
26510,1
26511,1
26512,1
26513,1
26514,1
26515,1
26516,1
26517,1
26518,1
26519,1
26520,1
26521,1
26522,1
26523,1
26524,1
26525,1
26526,1
26527,1
26528,1
26529,1
26530,1
26531,1
26532,1
26533,1
26534,1
26535,1
26536,1
26537,1
26538,1
26539,1
26540,1
26541,1
26542,1
26543,1
26544,1
26545,1
26546,1
26547,1
26548,1
26549,1
26550,1
26551,1
26552,1
26553,1
26554,1
26555,1
26556,1
26557,1
26558,1
26559,1
26560,1
26561,1
26562,1
26563,1
26564,1
26565,1
26566,1
26567,1
26568,1
26569,1
26570,1
26571,1
26572,1
26573,1
26574,1
26575,1
26576,1
26577,1
26578,1
26579,1
26580,1
26581,1
26582,1
26583,1
26584,1
26585,1
26586,1
26587,1
26588,1
26589,1
26590,1
26591,1
26592,1
26593,1
26594,1
26595,1
26596,1
26597,1
26598,1
26599,1
26600,1
26601,1
26602,1
26603,1
26604,1
26605,1
26606,1
26607,1
26608,1
26609,1
30790,11
30791,11
30792,11
30793,11
30794,11
30795,11
30796,11
30797,11
30798,11
30799,11
30800,11
30801,11
30802,11
30803,11
30804,11
30805,11
30806,11
30812,11
30813,11
30814,11
30815,11
30816,11
30817,11
30818,11
30819,11
30820,11
30821,11
30822,11
30823,11
30824,11
30825,11
30826,11
30827,11
30828,11
30829,11
30830,11
30831,11
30832,11
30833,11
30834,11
30835,11
30836,11
30837,11
30838,11
30839,11
30840,11
30841,11
30842,11
30843,11
30844,11
30845,11
30846,11
30847,11
30848,11
30849,11
30850,11
30851,11
30852,11
30853,11
30854,11
30860,11
30861,11
30862,11
30863,11
30864,11
30865,11
30866,11
30867,11
30873,1
30874,1
30875,1
30876,1
30877,1
30885,1
30886,1
30887,1
30889,1
30890,1
30891,1
30892,1
30893,1
30894,1
30896,1
30899,1
30900,1
30906,1
30907,1
30908,1
30909,1
30910,1
30911,1
30922,1
30923,1
30924,1
30925,1
30926,1
30927,1
30928,1
30929,1
30930,1
30931,1
30932,1
30954,1
30955,1
30956,1
30957,1
30958,1
30959,1
30970,1
30971,1
30972,1
30973,1
30974,1
30975,1
30976,1
30977,1
30978,1
30984,11
30985,11
30986,11
30987,11
30988,11
30989,11
30990,11
30991,11
30992,11
30993,11
30999,1
31000,1
31001,1
31002,1
31003,1
31004,1
31005,1
31006,1
31007,1
31008,1
31009,1
31010,1
31011,1
31012,1
31013,1
31014,1
31015,1
31016,1
31017,1
31018,1
31019,1
31020,1
31021,1
31055,2
31056,2
31057,2
31058,2
31059,2
31061,2
31062,2
31063,2
31155,12
31156,12
31157,12
31158,12
31159,12
31164,12
31165,12
31166,12
31167,12
31168,12
31174,6
31175,6
31176,6
31177,6
31178,6
31179,6
31185,2
31186,2
31187,2
31188,2
31189,2
31190,2
31271,1
31272,1
31273,1
31274,1
31275,1
31278,1
31279,1
31280,1
31281,1
31282,1
31283,1
31284,1
31285,1
31286,1
31303,1
31304,1
31305,1
31306,1
31307,1
31308,1
31314,3
31315,3
31316,3
31317,3
31318,3
31323,3
31326,3
31327,3
31396,11
31397,11
31398,11
31399,11
31400,11
31403,5
31404,11
31405,11
31411,1
31412,1
31413,1
31414,1
31415,1
31416,1
31417,1
31418,1
31435,1
31436,1
31437,1
31438,1
31439,1
31442,1
31443,1
31444,1
31450,12
31451,12
31452,12
31453,12
31454,12
31455,12
31461,1
31462,1
31463,1
31464,1
31465,1
31466,1
31525,1
31526,1
31527,1
31528,1
31529,1
31530,1
31531,1
31532,1
31533,1
31570,11
31571,11
31572,11
31573,11
31574,11
31575,11
31576,11
31577,11
31578,11
31579,11
31585,11
31586,11
31587,11
31588,11
31589,11
31590,11
31591,11
31592,11
31593,11
31594,11
31615,11
31616,11
31617,11
31618,11
31619,11
31620,11
31621,11
31622,11
31623,11
31624,11
31630,11
31631,11
31632,11
31633,11
31634,11
31635,11
31636,11
31637,11
31638,11
31639,11
31645,11
31646,11
31647,11
31648,11
31649,11
31650,11
31651,11
31652,11
31653,11
31654,11
31660,11
31661,11
31662,11
31663,11
31664,11
31665,11
31666,11
31667,11
31668,11
31669,11
31691,11
31692,11
31693,11
31694,11
31695,11
31696,11
31697,11
31698,11
31699,11
31700,11
38130,1
38131,1
38132,1
38133,1
38134,1
38135,1
38136,1
38137,1
38138,1
38139,1
38140,1
38142,1
38143,1
38144,1
38145,1
38146,1
38173,1
38174,1
38175,1
38176,1
38182,9
38183,9
38184,9
38185,9
38186,9
38191,9
38192,9
38193,9
38194,9
38195,9
38196,9
38197,9
38206,9
38207,9
38208,9
38209,9
38210,9
38211,9
38212,9
38214,6
38215,6
38216,6
38217,6
38218,6
38219,6
38220,6
38221,3
38222,3
38223,3
38224,3
38253,11
38254,11
38255,11
38256,11
38257,11
38258,11
38259,11
38260,11
38261,11
38267,11
38268,11
38269,11
38270,11
38271,11
38272,11
38273,11
38274,11
38280,11
38283,11
38284,11
38290,11
38291,11
38292,11
38293,11
38294,11
38299,11
38300,11
38301,11
38302,11
38303,11
38305,11
38306,11
38307,11
38308,11
38309,11
38310,11
38311,11
38312,11
38313,11
38314,11
38315,11
38316,11
38317,11
38345,11
38346,11
38414,11
38415,11
38416,11
38417,11
38451,11
38452,11
38453,11
38454,11
38455,11
38456,11
38457,11
38458,11
38459,11
38460,11
38461,11
38462,11
38468,11
38469,11
38470,11
38471,11
38472,11
38473,11
38474,11
38475,11
38476,11
38477,11
38478,11
38479,11
38480,11
38481,11
38482,11
38483,11
38484,11
38485,11
38486,11
38487,11
38488,11
38489,11
38490,11
38491,11
38492,11
38493,11
38494,11
38495,11
38496,11
38497,11
38498,11
38499,11
38500,11
38501,11
38502,11
38503,11
38504,11
38505,11
38506,11
38507,11
38508,11
38509,11
38510,11
38511,11
38512,11
38513,11
38514,11
38515,11
38516,11
38517,11
38518,11
38519,11
38520,11
38521,11
38522,11
38523,11
38524,11
38525,11
38526,11
38527,11
38528,11
38529,11
38530,11
38531,11
38532,11
38533,11
38534,11
38535,11
38536,11
38537,11
38538,11
38550,11
38551,11
38552,11
38553,11
38559,2
38560,2
38561,2
38562,2
38563,2
38564,2
38565,2
38566,2
38571,6
38572,6
38573,6
38574,6
38575,6
38578,5
38579,6
38580,6
38581,6
38582,6
38583,6
38584,6
38617,3
38618,3
38619,3
38620,3
38621,3
38622,3
38623,3
38624,3
38625,3
38626,3
38627,3
38692,11
38693,11
38694,11
38695,11
38696,11
38697,11
38698,11
38699,11
38700,11
38701,11
38702,11
38703,11
38704,11
38705,11
38706,11
38707,11
38708,11
38709,11
38710,11
38711,11
38712,11
38713,11
38714,11
38715,11
38716,11
38717,11
38718,11
38719,11
38720,11
38725,6
38726,6
38727,6
38728,6
38729,6
38730,6
38731,6
38732,6
38733,6
38734,6
38740,11
38741,11
38742,11
38743,11
38744,11
38745,11
38746,11
38747,11
38748,11
38749,11
38755,6
38756,6
38757,6
38758,6
38759,6
38760,6
38761,6
38762,6
38763,6
38764,6
