1497,2
1498,2
1499,2
1500,2
1501,2
1502,2
1503,2
1515,2
1516,2
1517,2
1524,10
1525,10
1526,10
1527,10
1528,10
1529,10
1535,2
1536,2
1537,2
1538,2
1539,2
1540,2
1546,2
1547,2
1548,2
1549,2
1550,2
1551,2
1552,2
1553,2
1554,2
1555,2
1556,2
1557,2
1558,2
1559,2
1607,2
1608,2
1609,2
1610,2
1611,2
1612,2
1613,2
1614,2
1615,2
1616,2
1617,2
1618,2
1619,2
1620,16
1621,16
1622,16
1623,16
1625,14
1626,14
1627,14
1628,14
1629,14
1630,14
1631,14
1632,14
1633,14
1634,14
1635,14
1637,2
1638,2
1639,2
1640,2
1641,2
1642,2
1643,2
1644,2
1645,8
1646,8
1647,8
1648,8
1650,6
1651,6
1652,6
1653,6
1654,6
1655,6
1656,6
1657,6
1658,6
1659,6
1660,6
1661,6
1663,2
1664,2
1665,2
1666,2
1667,2
1668,2
1669,2
1670,2
1671,2
1672,2
1673,2
1674,2
1675,2
1676,2
1677,2
1678,2
1679,2
1680,2
1681,2
1682,2
1689,2
1690,2
1691,2
1692,2
1693,2
1694,2
1695,2
1696,2
1697,2
1698,2
1699,2
1700,2
1701,2
1702,2
1703,2
1704,2
1705,2
1706,2
1707,2
1708,2
1709,2
1710,4
1711,4
1712,4
1713,4
1714,4
1716,2
1717,2
1718,2
1719,2
1720,2
1721,2
1722,2
1723,2
1724,2
1725,2
1726,2
1727,2
1728,2
1734,2
1735,2
1736,2
1737,2
1738,2
1739,2
1740,2
1759,2
1760,2
1761,2
1762,2
1763,2
1764,2
1765,2
1767,2
1768,2
1769,2
1790,2
1791,2
1792,2
1793,2
1794,2
1795,2
1796,2
1797,2
1814,2
1815,2
1816,2
1849,2
1850,2
1852,2
1853,2
1854,2
1855,2
1856,2
1857,2
1858,2
1859,2
1860,2
1861,2
1862,2
1863,2
1864,2
1865,2
1866,2
1965,2
1966,2
1967,2
1968,2
1969,2
1970,2
1971,2
1972,2
1973,2
1974,2
1975,2
1976,2
1977,2
1978,2
1979,2
2005,2
2006,2
2007,2
2008,2
2009,2
2010,2
2011,2
2012,2
2013,2
2014,2
2015,2
2016,2
2017,2
2018,2
2019,2
2020,2
2021,2
2022,2
2023,2
2024,2
2025,2
2026,2
2036,2
2037,2
2038,2
2039,2
2040,2
2041,2
2042,2
2043,2
2044,2
2045,2
2046,2
2052,2
2053,2
2054,2
2055,2
2056,2
2058,2
2059,2
2060,2
2227,2
2228,2
2229,2
2230,2
2231,2
2232,2
2233,2
2234,2
2235,2
2236,2
2237,2
2238,2
2239,2
2240,2
2241,2
2242,2
2243,2
2244,2
2245,2
2246,2
2247,2
2248,2
2254,2
2255,2
2256,2
2257,2
2258,2
2259,2
2260,2
2272,2
2273,2
2274,2
2275,2
2276,2
2277,2
2278,2
2279,2
2281,2
2282,2
2283,2
2284,2
2285,2
2286,2
2287,2
2288,2
2289,2
2290,2
2291,2
2292,2
2293,2
2294,2
2304,2
2305,2
2306,2
2307,2
2308,2
2309,2
2310,2
2311,2
2312,2
2313,2
11275,2
11276,2
11277,2
11278,2
11279,2
11280,2
11281,2
11282,2
11283,2
11284,2
11285,2
11286,2
11287,2
11288,2
11289,2
11290,2
11291,2
11292,2
11293,2
11294,2
11295,2
11296,2
11297,2
11298,2
11300,2
11301,2
11302,2
11303,2
11304,2
11305,2
11306,2
11352,4
11353,4
11354,4
11355,4
11356,4
11357,4
11358,4
11359,4
11360,4
11361,4
11362,4
11363,4
11364,4
11365,4
11366,4
11367,4
11368,4
11370,4
11371,4
11372,4
11373,4
11374,4
11375,4
11376,4
11377,4
11378,4
11393,4
11394,4
11395,4
11396,4
11397,4
11398,4
11399,4
11400,4
11401,4
11402,4
11403,4
11404,4
11405,4
11411,2
11412,2
11413,2
11414,2
11415,2
11416,2
11417,2
11418,2
11419,2
11420,2
11421,2
11422,2
11423,2
11443,2
11444,2
11445,2
11446,2
11447,2
11448,2
11449,2
11450,2
11451,2
11480,2
11481,2
11482,2
11483,2
11484,2
11485,2
11486,2
11487,2
11488,2
11489,2
11490,2
11491,2
11492,2
11493,2
11494,2
11495,2
11496,2
11505,2
11508,2
11509,2
11538,2
11539,2
11540,2
11541,2
11542,2
11543,2
11544,2
11545,2
11546,2
11547,2
11548,2
11549,2
11550,2
11614,2
11615,2
11616,2
11617,2
11618,2
11619,2
11620,2
11621,2
11622,2
11623,2
11624,2
11625,2
11626,2
11627,2
11628,2
11629,2
11630,2
11631,2
11632,2
11633,2
11634,2
11635,2
11636,2
11637,2
11638,2
11662,2
11663,2
11664,2
11665,2
11666,2
11667,2
11668,2
11669,2
11670,2
11671,2
11672,2
11673,2
11674,2
12327,2
12328,2
12329,2
12330,2
12331,2
12332,2
12333,2
12334,2
12335,2
12336,2
12337,2
12343,2
12344,2
12345,2
12346,2
12347,2
12348,2
12349,2
12350,2
12351,2
12352,2
12353,2
12354,2
12373,2
12374,2
12375,2
12376,2
12377,2
12378,2
12379,2
12380,2
12381,2
12382,2
12383,2
12384,2
12385,2
12386,2
12387,2
12388,2
12389,2
12390,2
12391,2
12392,2
12394,2
12395,2
12396,2
12397,2
12398,2
12399,2
12400,2
12401,2
12402,2
12403,2
12404,2
12405,2
12406,2
12408,2
12409,2
12410,2
12411,2
12412,2
12413,2
12414,2
12416,2
12417,2
12418,2
12419,2
25361,2
25362,2
25363,2
25364,2
25365,2
25366,2
25367,2
25368,2
25369,2
25370,2
25371,2
25372,2
25373,2
25374,2
25375,2
25376,2
25377,2
25378,2
25379,2
25380,2
25381,2
25382,2
25383,4
25384,4
25385,4
25386,4
25387,4
25389,2
25390,2
25391,2
25392,2
25393,2
25394,2
25395,2
25396,2
25397,2
25398,2
25399,2
25400,2
25401,2
25403,2
25404,2
25405,2
25406,2
25407,2
25418,2
25419,2
25420,2
25421,2
25422,2
25423,2
25424,2
25426,2
25427,2
25428,2
25429,2
25430,2
25431,2
25432,2
25433,2
25434,2
25435,2
25437,2
25446,2
25447,2
25448,2
25449,2
25450,2
25451,2
25452,2
25453,2
25454,2
25455,2
25456,2
25457,2
25458,2
25459,2
25460,2
25471,2
25472,2
25473,2
25474,2
25475,2
25488,2
25489,2
25490,2
25491,2
25492,2
25493,2
25494,2
25495,2
25496,2
25497,2
25498,2
25499,2
25500,2
25501,2
25502,2
25503,2
25504,2
25505,2
25506,2
25507,2
25508,2
25509,2
25510,2
25511,2
25512,2
25513,2
25514,2
25515,2
25516,2
25517,2
25518,2
25519,2
25520,2
25521,2
25522,2
25523,2
25524,2
25525,2
25526,2
25540,2
25541,2
25661,2
25662,2
25663,2
25664,2
25665,2
25666,2
25667,2
25668,2
25670,2
25671,2
25672,2
25673,2
25674,2
25675,2
25676,2
25677,2
25678,2
25684,2
25685,2
25686,2
25687,2
25688,2
25689,2
25708,2
25709,2
25710,2
25716,2
25717,2
25718,2
25719,2
25720,2
25721,2
25722,2
25723,2
25724,2
25725,2
25726,2
25727,2
25728,2
25729,2
29202,1
29203,1
29204,1
29205,1
29206,1
29207,1
29208,1
29209,1
29210,1
29211,1
29212,1
29213,1
29214,1
29215,1
29216,1
29217,1
29218,1
29219,1
29220,1
29221,1
29222,1
29223,1
29224,1
29225,1
29226,1
29227,1
29228,1
29229,1
29230,1
29231,1
29232,1
29233,1
29234,1
29235,1
29236,1
29237,1
29238,1
29239,1
29240,1
29241,1
29242,1
29243,1
29244,1
29245,1
29246,1
29247,1
29248,1
29249,1
29250,1
29251,1
29252,1
29253,1
29254,1
29255,1
29256,1
29257,1
29258,1
29259,1
29260,1
29261,1
29262,1
29263,1
30984,14
30985,14
30986,14
30987,14
30988,14
30989,14
30990,14
30991,14
30992,14
30993,14
30999,2
31000,2
31001,2
31002,2
31003,2
31004,2
31005,2
31006,2
31007,2
31008,2
31009,2
31010,2
31011,2
31012,2
31013,2
31014,2
31015,2
31016,2
31017,2
31018,2
31019,2
31020,2
31021,2
31055,2
31056,2
31057,2
31058,2
31059,2
31061,2
31062,2
31063,2
31155,6
31156,6
31157,6
31158,6
31159,6
31161,6
31162,6
31167,6
31168,6
31174,4
31175,4
31176,4
31177,4
31178,4
31179,4
31185,2
31186,2
31187,2
31188,2
31189,2
31190,2
31314,2
31315,2
31316,2
31317,2
31318,2
31320,2
31321,2
31325,2
31326,2
31327,2
31450,2
31451,2
31452,2
31453,2
31454,2
31455,2
38182,10
38183,10
38184,10
38185,10
38186,10
38191,10
38192,10
38193,10
38194,10
38195,10
38196,10
38197,10
38199,6
38200,6
38201,6
38202,6
38203,6
38204,6
38205,6
38206,4
38207,4
38208,4
38209,4
38210,4
38211,4
38212,4
38221,4
38222,4
38223,4
38224,4
40257,2
40258,2
40259,2
40260,2
40261,2
40262,2
40283,8
40284,8
40285,8
40286,8
40287,8
40289,6
40290,6
40291,6
40292,6
40293,6
40294,6
40295,6
40296,2
40297,2
40298,2
40299,2
40320,2
40321,2
40322,2
40323,2
40324,2
40325,2
40326,2
40327,2
40328,2
40329,2
