10969,1
10970,1
10971,1
10972,1
10973,1
10974,1
10975,1
10976,1
10977,1
10978,1
10979,1
10980,1
10981,1
10982,1
10983,1
10984,1
10985,1
10986,1
10987,1
10988,1
10989,1
10990,1
10991,1
10992,1
10993,1
10994,1
10995,1
10996,1
10997,1
10998,1
10999,1
11000,1
11001,1
11002,1
11003,1
11004,1
11005,1
11006,1
11007,1
11013,9
11014,9
11015,9
11016,9
11017,9
11018,9
11019,9
11020,9
11021,9
11022,9
11023,9
11024,9
11025,9
11027,9
11028,9
11029,9
11030,9
11031,9
11032,9
11033,9
11034,9
11035,9
11036,9
11037,9
11038,9
11039,9
11040,9
11041,9
11042,9
11043,9
11075,9
11076,9
11077,9
11078,9
11079,9
11080,9
11081,9
11082,9
11083,9
11084,9
11085,9
11086,9
11087,9
11393,9
11394,9
11395,9
11396,9
11397,9
11398,9
11399,9
11400,9
11401,9
11402,9
11403,9
11404,9
11405,9
11429,1
11430,1
11431,1
11432,1
11433,1
11434,1
11435,1
11436,1
11437,1
11538,2
11539,2
11540,2
11541,2
11542,2
11543,2
11544,2
11545,2
11546,2
11547,2
11548,2
11549,2
11550,2
13611,1
13612,1
13613,1
13614,1
13615,1
13616,1
13617,1
13618,1
13619,1
13620,1
13621,1
13622,1
13623,1
13624,1
13625,1
13626,1
13627,1
13628,1
13629,1
13630,1
13631,1
13632,1
13633,1
13634,1
13635,1
13636,1
13637,1
13638,1
13639,1
13640,1
13641,1
13642,1
13643,1
13644,1
13645,1
13646,1
13647,1
13648,1
13649,1
13650,1
13651,1
13652,1
13653,1
13654,1
13655,1
13656,1
13657,1
13658,1
13659,1
13660,1
13661,1
13662,1
13663,1
13664,1
13665,1
13666,1
13667,1
13668,1
13669,1
13670,1
13671,1
13672,1
13673,1
13674,1
13675,1
13676,1
13677,1
13678,1
13679,1
13680,1
13681,1
13682,1
13683,1
13684,1
13685,1
13686,1
13687,1
13688,1
13689,1
13690,1
13691,1
13692,1
13693,1
13694,1
13695,1
13696,1
13697,1
13698,1
13699,1
13700,1
13701,1
13702,1
13703,1
13704,1
13705,1
13706,1
13707,1
13708,1
13709,1
13710,1
13711,1
13712,1
13713,1
13714,1
13715,1
13716,1
13717,1
13718,1
13719,1
13720,1
13721,1
13722,1
13723,1
13724,1
13725,1
13726,1
13727,1
13728,1
13729,1
13730,1
13731,1
13732,1
13733,1
13734,1
13735,1
13736,1
13737,1
13738,1
13739,1
13740,1
13741,1
13742,1
13743,1
13744,1
13745,1
13746,1
13747,1
13748,1
13749,1
13750,1
13751,1
13752,1
13753,1
13754,1
13755,1
13756,1
13757,1
13758,1
13759,1
13760,1
13761,1
13762,1
13763,1
13764,1
13765,1
13766,1
13767,1
13768,1
13769,1
13770,1
13771,1
13772,1
13773,1
13774,1
13775,1
13776,1
13777,1
13778,1
13779,1
13780,1
13781,1
13782,1
13783,1
13784,1
13785,1
13786,1
13787,1
13788,1
13789,1
13790,1
13791,1
13792,1
13793,1
13794,1
13795,1
13796,1
13797,1
13798,1
13799,1
13800,1
13801,1
13802,1
13803,1
13804,1
13805,1
13806,1
13807,1
13808,1
13809,1
13810,1
13811,1
13812,1
13813,1
13814,1
13815,1
13816,1
13817,1
13818,1
13819,1
13820,1
13821,1
13822,1
13823,1
13824,1
13825,1
13826,1
13827,1
13828,1
13829,1
13830,1
13831,1
13832,1
13833,1
13834,1
13835,1
13836,1
13837,1
13838,1
13839,1
13840,1
13841,1
13842,1
13843,1
13844,1
13845,1
13846,1
13847,1
13848,1
13849,1
13850,1
13851,1
13852,1
13853,1
13854,1
13855,1
13856,1
13857,1
13858,1
13859,1
13860,1
13861,1
13862,1
13863,1
13864,1
13865,1
13866,1
13867,1
13868,1
13869,1
13870,1
13871,1
13872,1
13873,1
13874,1
13875,1
13876,1
13877,1
13878,1
13879,1
13880,1
13881,1
13882,1
13883,1
13884,1
13885,1
13886,1
13887,1
13888,1
13889,1
13890,1
13891,1
13892,1
13893,1
13894,1
13895,1
13896,1
13897,1
13898,1
13899,1
13900,1
13901,1
13902,1
13903,1
13904,1
13905,1
13906,1
13907,1
13908,1
13909,1
13910,1
13911,1
13912,1
13913,1
13914,1
13915,1
13916,1
13917,1
13918,1
13919,1
13920,1
13921,1
13922,1
13923,1
13924,1
13925,1
13926,1
13927,1
13928,1
13929,1
13930,1
13931,1
13932,1
13933,1
13934,1
13935,1
13936,1
13937,1
13938,1
13939,1
13940,1
13941,1
13942,1
13943,1
13944,1
13945,1
13946,1
13947,1
13948,1
13949,1
13950,1
13951,1
13952,1
13953,1
13954,1
13955,1
13956,1
13957,1
13958,1
13959,1
13960,1
13961,1
13962,1
13963,1
13964,1
13965,1
13966,1
13967,1
13968,1
13969,1
13970,1
13971,1
13972,1
13973,1
13974,1
13975,1
13976,1
13977,1
13978,1
13979,1
13980,1
13981,1
13982,1
13983,1
13984,1
13985,1
13986,1
13987,1
13988,1
13989,1
13990,1
13991,1
13992,1
13993,1
13994,1
13995,1
13996,1
13997,1
13998,1
13999,1
14000,1
14001,1
14002,1
14003,1
14004,1
14005,1
14006,1
14007,1
14008,1
14009,1
14010,1
14011,1
14012,1
14013,1
14014,1
14015,1
14016,1
14017,1
14018,1
14019,1
14020,1
14021,1
14022,1
14023,1
14024,1
14025,1
14026,1
14027,1
14028,1
14029,1
14030,1
14031,1
14032,1
14033,1
14034,1
14035,1
14036,1
14037,1
14038,1
14039,1
14040,1
14041,1
14042,1
14043,1
14044,1
14045,1
14046,1
14047,1
14048,1
14049,1
14050,1
14051,1
14052,1
14053,1
20997,1
20998,1
20999,1
21000,1
21001,1
21002,1
21003,1
21004,1
21005,1
21006,1
21007,1
21008,1
21009,1
21010,1
21011,1
21012,1
21013,1
21014,1
21015,1
21016,1
21017,1
21018,1
21019,1
21020,1
21021,1
21022,1
21023,1
21024,1
21025,1
21026,1
21027,1
21028,1
21029,1
21030,1
21031,1
21032,1
21033,1
21034,1
21035,1
21036,1
21037,1
21038,1
21039,1
21040,1
21041,1
21042,1
21043,1
21044,1
21045,1
21046,1
21047,1
21048,1
21049,1
21050,1
21051,1
21052,1
21053,1
21054,1
21055,1
21056,1
21057,1
21058,1
21059,1
21065,9
21066,9
21067,9
21068,9
21069,9
21070,9
21071,9
21073,9
21074,9
21075,9
21076,9
21077,9
21078,9
21079,9
21080,9
21081,9
21082,9
21083,9
21084,9
21086,8
21087,8
21088,8
21089,8
21090,8
21091,8
21092,8
21093,8
21094,8
21095,8
21096,8
21097,8
21098,8
21100,1
21101,1
21102,1
21103,1
21104,1
21105,1
21106,1
21107,1
21108,1
21109,1
21110,1
21111,1
21112,1
21113,9
21114,9
21115,9
21116,9
21117,9
21119,5
21120,5
21121,5
21129,5
21130,5
21131,5
21132,5
21133,5
21134,5
21136,1
21137,1
21139,4
21140,4
21141,5
21142,5
21143,5
21144,5
21145,5
21146,5
21147,5
21148,5
21149,5
21150,5
21151,5
21152,5
21153,5
21154,5
21160,5
21161,5
21162,5
21163,5
21164,5
21165,5
21166,5
21167,5
21168,5
21169,5
21170,5
21171,9
21172,9
21173,9
21175,9
21176,9
21177,9
21178,9
21179,9
21180,9
21181,9
21182,9
21183,9
21184,9
21288,11
21289,11
21290,11
21291,11
21292,11
21293,11
21294,11
21295,11
21296,11
21297,11
21298,11
21299,11
21300,11
21301,11
21302,11
21303,11
21304,11
21305,11
21306,11
21307,11
21308,11
21309,11
21310,11
21311,11
21317,13
21318,13
21319,13
21320,13
21321,13
21322,13
21323,13
21324,13
21325,13
21326,13
21327,13
21328,13
21329,13
21330,13
21331,13
21332,13
21341,13
21342,13
21343,13
21344,13
21345,13
21346,13
21347,13
21348,13
21349,13
21350,13
21351,13
21352,13
21361,13
21362,13
21363,13
21364,13
21365,13
21366,13
21367,13
21369,12
21370,12
21371,12
21372,1
21373,1
21374,1
21375,1
21376,1
21377,3
21378,3
21379,3
21381,3
21382,3
21383,3
21384,3
21385,3
21386,3
21387,3
21388,3
21389,3
21390,3
21391,3
21393,2
21395,2
21400,2
21401,2
21402,2
21404,1
21405,1
21406,1
21407,1
21409,1
21410,1
21411,1
21412,1
21435,10
21436,10
21437,10
21438,10
21439,10
21440,10
21468,9
21469,9
21470,9
21471,9
21472,9
21473,9
21490,9
21491,9
21492,9
21493,9
21494,9
21495,9
21501,4
21502,4
21503,4
21504,4
21505,4
21506,4
21512,8
21513,8
21514,8
21515,8
21516,8
21517,8
21523,1
21524,1
21525,1
21526,1
21527,1
21528,1
21665,1
21666,1
21667,1
21668,1
21669,1
21670,1
21671,1
21672,1
21673,1
21674,1
21675,1
21676,1
21677,1
21679,1
21680,1
21681,1
21692,1
21693,1
21694,1
21696,1
21697,1
21698,1
21699,1
21700,1
21701,1
21702,1
21703,1
21704,1
21705,1
21706,1
21707,1
21719,1
21720,1
21721,1
21723,1
21724,1
21725,1
21727,1
21728,1
21729,1
21730,1
21731,1
21732,1
21733,1
21734,1
21735,1
21736,1
21737,1
21738,1
21739,1
21740,1
21741,1
21742,1
21743,1
21744,1
21745,1
21746,1
21747,1
21748,1
21749,1
21750,1
21751,1
21752,1
21753,1
21755,1
21756,1
21757,1
21759,1
21760,1
21761,1
21762,1
21763,1
21764,1
21765,1
21766,1
21767,1
21768,1
21769,1
21770,1
21771,1
21886,1
21887,1
21888,1
21889,1
21890,1
21891,1
21892,1
21893,1
21894,1
21895,1
21896,1
21897,1
21898,1
21899,1
21900,1
21901,1
21902,1
21903,1
21904,1
21905,1
21906,1
21907,1
21908,1
21909,1
21910,1
21911,1
21912,1
21913,1
21914,1
21915,1
21916,1
21917,1
21918,1
21919,1
21920,1
21921,1
21922,1
21923,1
21924,1
21979,1
21980,1
21981,1
21982,1
21983,1
21984,1
21985,1
21986,1
21987,1
21988,1
21989,1
21990,1
21991,1
21992,1
21993,1
21994,1
21995,1
21996,1
21997,1
21998,1
21999,1
22000,1
22001,1
22002,1
22003,1
22004,1
22005,1
22006,1
22007,1
22008,1
22009,1
22010,1
22011,1
22012,1
22013,1
22014,1
22015,1
22016,1
22017,1
22018,1
22019,1
22020,1
22021,1
22022,1
22023,1
22025,1
22026,1
22027,1
22028,1
22029,1
22030,1
22031,1
22032,1
22033,1
22034,1
22035,1
22036,1
22037,1
22038,1
22039,1
22040,10
22041,10
22042,10
22043,10
22045,9
22046,9
22047,9
22048,9
22049,9
22050,9
22051,9
22052,9
22053,9
22054,9
22055,9
22056,9
22057,9
22058,9
22059,9
22060,9
22061,9
22087,9
22088,9
22089,9
22090,9
22091,9
22092,9
22093,9
22094,9
22095,9
22096,9
22097,9
22098,9
22099,9
22100,9
22101,9
22102,9
22103,9
22105,8
22106,8
22107,8
22108,8
22109,8
22110,8
22111,8
22112,9
22113,9
22115,1
22116,1
22117,1
22118,1
22119,1
22120,1
22121,1
22122,1
22123,1
22124,1
22125,1
22126,1
22127,1
22128,1
22129,1
22130,1
22131,1
22132,1
22133,1
22134,1
22135,1
22136,1
22142,3
22143,3
22144,3
22145,3
22146,3
22147,3
22148,3
22149,3
22150,3
22151,3
22152,3
22153,3
22154,3
22155,3
22156,3
22157,3
22158,3
22159,3
22160,3
22161,3
22162,3
22163,3
22164,3
22165,3
22166,3
22167,3
22168,3
22169,3
22170,3
22171,3
22172,3
22173,3
22174,3
22175,3
22176,3
22177,3
22178,3
22179,3
22180,3
22181,3
22187,2
22188,2
22189,2
22190,2
22191,2
22192,2
22193,2
22194,2
22195,2
22196,2
22197,2
22198,2
22199,2
22200,2
22201,2
22202,2
22203,2
22204,2
22210,1
22211,1
22212,1
22213,1
22214,1
22215,1
22216,1
22217,1
22218,1
22219,1
22220,1
22221,1
22222,1
22223,1
22224,1
22225,1
22226,1
22227,1
22228,1
22229,1
22230,1
22231,1
22232,1
22233,1
22234,1
22235,1
22236,1
22237,1
22238,1
22239,1
22240,1
22241,1
22242,1
22243,1
22244,1
22245,1
22246,1
22247,1
22248,1
22249,1
22251,1
22252,1
22253,1
22254,1
22255,1
22256,1
22257,1
22258,1
22259,1
22260,1
22261,1
22262,1
22263,1
22264,1
22265,1
22266,10
22267,10
22268,10
22269,10
22271,9
22272,9
22273,9
22274,9
22275,9
22276,9
22277,9
22278,9
22279,9
22280,9
22281,9
22282,9
22283,9
22284,9
22285,9
22286,9
22288,1
22289,1
22290,1
22291,1
22292,1
22293,1
22294,1
22295,1
22296,1
22297,1
22298,1
22299,1
22300,1
22301,1
22302,1
22303,1
22304,1
22305,1
22306,1
22307,1
22308,1
22309,1
22311,8
22312,8
22313,8
22314,8
22315,8
22316,8
22317,8
22318,8
22319,8
22320,8
22321,8
22322,8
22323,8
22324,8
22325,8
22326,8
22327,8
22328,8
22329,8
22330,8
22331,8
22332,8
22333,8
22335,8
22336,8
22337,8
22338,8
22339,8
22340,8
22341,8
22342,8
22343,8
22344,8
22345,8
22346,8
22347,8
22348,8
22349,8
22350,8
22351,8
22352,9
22353,9
22354,9
22355,9
22356,9
22358,5
22359,5
22360,5
22361,5
22362,5
22363,5
22364,5
22365,5
22366,5
22379,5
22380,5
22381,5
22382,5
22383,5
22384,5
22386,5
22387,5
22391,5
22392,5
22393,5
22394,5
22395,5
22396,5
22397,5
22398,5
22399,5
22400,5
22401,5
22402,5
22408,5
22409,5
22410,5
22411,5
22412,5
22413,5
22414,5
22415,5
22416,5
22417,5
22418,5
22419,9
22420,9
22421,9
22422,9
22423,9
22424,9
22425,9
22426,9
22427,9
22428,9
22429,9
22430,9
22431,9
22433,3
22434,3
22435,3
22437,6
22438,6
22439,9
22440,9
22441,9
22442,9
22444,1
22445,1
22446,1
22447,1
22448,1
22449,1
22450,1
22451,1
22452,1
22453,10
22454,10
22455,10
22456,10
22458,9
22459,9
22460,9
22461,9
22462,9
22463,9
22464,9
22465,9
22466,9
22467,9
22468,9
22469,9
22470,9
22471,9
22472,9
22473,9
22474,9
22475,9
22476,9
22477,9
22478,9
22479,9
22480,9
22481,9
22482,9
22483,9
22484,9
22485,9
22487,8
22488,8
22489,8
22490,8
22491,8
22492,8
22493,8
22494,8
22495,8
22496,8
22497,8
22498,8
22499,8
22500,9
22501,9
22502,9
22503,9
22504,9
22505,9
22506,9
22507,9
22508,9
22509,9
22510,9
22511,9
22512,9
22513,9
22514,9
22515,9
22516,9
22518,9
22519,9
22520,9
22521,9
22522,9
22523,9
22524,9
22525,9
22526,9
22527,9
22528,9
22529,9
22530,9
22531,9
22532,9
22533,9
22534,9
22535,9
22536,9
22537,9
22538,9
22539,9
22540,9
22541,9
22542,9
22543,9
22544,9
22545,9
22547,8
22548,8
22549,8
22550,8
22551,8
22552,8
22553,8
22554,8
22555,9
22556,9
22558,1
22559,1
22560,1
22561,1
22567,12
22568,12
22569,12
22570,12
22571,12
22572,12
22573,12
22574,12
22575,12
22576,12
22577,12
22578,12
22579,12
22580,12
22581,12
22582,12
22583,12
22584,12
22586,11
22587,11
22588,11
22589,11
22590,11
22591,11
22592,11
22593,11
22594,11
22595,11
22596,11
22597,11
22598,11
22599,11
22600,1
22601,1
22602,1
22603,1
22604,1
22605,1
22606,1
22607,1
22608,1
22609,1
22610,1
22611,1
22612,1
22613,1
22614,1
22615,1
22616,1
22617,1
22618,1
22619,1
22620,1
22621,1
22622,1
22623,1
22628,1
22629,1
22630,1
22631,1
22632,1
22633,1
22634,1
22635,1
22636,1
22637,1
22638,1
22639,1
22640,1
22641,1
22642,1
22643,1
22644,1
22645,1
22646,1
22647,1
22648,1
22649,1
22650,1
22651,1
22652,1
22653,1
22654,1
22655,1
22656,1
22657,1
22658,1
22659,1
22660,1
22661,1
22662,1
22663,1
22664,1
22665,1
22666,1
22667,1
22668,1
22669,1
22670,1
22672,1
22673,1
22674,1
22675,1
22676,1
22677,1
22678,1
22679,1
22680,1
22681,1
22682,1
22723,3
22724,3
22725,3
22726,3
22727,3
22728,3
22729,3
22730,3
22731,3
22732,3
22733,3
22734,3
22735,3
22736,3
22737,3
22738,3
22739,3
22740,3
22741,3
22742,3
22743,3
22744,3
22745,6
22746,6
22747,6
22748,6
22749,6
22750,6
22751,6
22753,3
22754,3
22755,3
22766,3
22767,3
22768,3
22769,3
22770,3
22771,3
22772,3
22773,3
22774,3
22775,3
22776,3
22777,3
22778,3
22779,3
22780,3
22782,3
22783,3
22789,3
22790,3
22791,3
22792,3
22798,12
22799,12
22800,12
22801,12
22802,12
22804,12
22805,12
22806,12
22812,12
22813,12
22814,12
22815,12
22816,12
22817,12
22818,12
22819,12
22820,12
22822,12
22823,12
22824,12
22825,12
22826,12
22827,12
22828,12
22829,12
22835,12
22836,12
22837,12
22838,12
22839,12
22840,12
22841,12
22842,12
22843,12
30634,1
30635,1
30636,1
30637,1
30638,1
30639,1
30640,1
30645,5
30646,5
30647,5
30648,5
30649,5
30650,5
30651,5
30652,5
30653,5
30654,5
30655,5
30656,5
30662,5
30663,5
30664,5
30665,5
30666,5
30667,5
30668,5
30669,5
30670,5
30671,5
30672,5
30673,5
30674,5
30675,5
30676,5
30677,5
30678,5
30679,5
30680,5
30681,5
30682,5
30683,5
30684,5
30685,5
30686,5
30687,5
30688,5
30689,5
30690,5
30691,5
30692,5
30693,5
30694,5
30695,5
30696,5
30697,5
30698,5
30699,5
30700,5
30701,5
30702,5
30703,5
30704,5
30705,5
30706,5
30707,5
30708,5
30709,5
30710,5
30711,5
30712,5
30713,5
30714,5
30715,5
30716,5
30717,5
30718,5
30719,5
30720,5
30721,5
30722,5
30723,5
30724,5
30725,5
30726,5
30727,5
30728,5
30729,5
30730,5
30731,5
30732,5
30733,5
30734,5
30735,5
30736,5
30737,5
30738,5
30739,5
30740,5
30741,5
30742,5
30743,5
30744,5
30745,5
30746,5
30747,5
30748,5
30749,5
30750,5
30751,5
30752,5
30753,5
30754,5
30755,5
30756,5
30757,5
30758,5
30759,5
30760,5
30812,4
30813,4
30814,4
30815,4
30816,4
30817,4
30818,4
30819,4
30820,4
30821,4
30822,4
30823,4
30824,4
30825,4
30826,4
30827,4
30828,4
30829,4
30830,4
30831,4
30832,4
30833,4
30834,4
30835,4
30836,4
30837,4
30838,4
30839,4
30840,4
30841,4
30842,4
30843,4
30844,4
30845,4
30846,4
30847,4
30848,4
30849,4
30850,4
30851,4
30852,4
30853,4
30854,4
30860,4
30861,4
30862,4
30863,4
30864,4
30865,4
30866,4
30867,4
31108,15
31109,15
31110,15
31111,15
31112,15
31113,15
31130,18
31131,18
31132,18
31133,18
31134,18
31135,18
31155,106
31156,106
31157,106
31158,106
31159,106
31161,10
31162,10
31164,96
31165,96
31166,96
31167,106
31168,106
31174,19
31175,19
31176,19
31177,19
31178,19
31179,19
31185,39
31186,39
31187,39
31188,39
31189,39
31190,39
31314,18
31315,18
31316,18
31317,18
31318,18
31320,8
31321,8
31323,10
31325,8
31326,18
31327,18
31396,22
31397,22
31398,22
31399,22
31400,22
31404,22
31405,22
31450,18
31451,18
31452,18
31453,18
31454,18
31455,18
31822,5
31823,5
31824,5
31825,5
31826,5
31827,5
31828,5
31829,5
31830,5
31831,5
31832,5
38253,8
38254,8
38255,8
38256,8
38257,8
38258,8
38259,8
38260,8
38261,8
38267,8
38268,8
38269,8
38270,8
38271,8
38272,8
38273,8
38274,8
38280,8
38283,8
38284,8
38290,9
38291,9
38292,9
38293,9
38294,9
38296,1
38297,1
38298,1
38299,8
38300,8
38301,8
38302,8
38303,8
38305,8
38306,8
38307,8
38308,8
38309,8
38310,8
38311,8
38312,8
38313,8
38314,8
38315,8
38316,8
38317,8
38345,8
38346,8
38414,8
38415,8
38416,8
38417,8
39629,5
39630,5
39631,5
39632,5
39633,5
39634,5
39635,5
39636,5
39637,5
39638,5
39639,5
39640,5
39641,5
39642,5
39643,5
39644,5
39645,5
39646,5
39647,5
39648,5
39649,5
39650,5
39651,5
39652,5
39653,5
39674,5
39675,5
39676,5
39677,5
39678,5
39680,1
39681,1
39692,5
39693,5
39694,5
39695,5
39696,5
39697,5
39698,5
39699,5
39700,5
39706,5
39707,5
39708,5
39709,5
39710,5
39711,5
39712,5
39713,5
39714,5
39715,5
39721,5
39722,5
39723,5
39724,5
39725,5
39726,5
39727,5
39733,5
39734,5
39735,5
39736,5
39737,5
39741,5
39742,5
39743,5
39744,5
39745,5
39746,5
39765,5
39766,5
39767,5
39768,5
39769,5
39770,5
39771,5
39772,5
39773,5
39774,5
39795,5
39796,5
39797,5
39798,5
39799,5
39800,5
39801,5
39802,5
39803,5
39804,5
39805,5
39806,5
39807,5
39870,5
39871,5
39872,5
39873,5
39874,5
39875,5
39876,5
39882,5
39883,5
39884,5
39885,5
39886,5
39887,5
39888,5
39889,5
39890,5
39891,5
39897,5
39898,5
39899,5
39900,5
39901,5
39902,5
39903,5
39904,5
39905,5
39906,5
39907,5
39913,5
39914,5
39915,5
39916,5
39917,5
39918,5
39919,5
39920,5
39926,5
39927,5
39928,5
39929,5
39930,5
39931,5
39932,5
39933,5
39939,5
39940,5
39941,5
39942,5
39943,5
39944,5
39945,5
39946,5
39952,5
39953,5
39954,5
39955,5
39956,5
39957,5
39958,5
39959,5
39965,5
39966,5
39967,5
39968,5
39969,5
39970,5
39971,5
39972,5
39978,5
39979,5
39980,5
39981,5
39982,5
39983,5
39984,5
39985,5
39991,5
39992,5
39993,5
39994,5
39995,5
39996,5
39997,5
39998,5
40004,5
40005,5
40006,5
40007,5
40008,5
40009,5
40010,5
40011,5
40017,5
40018,5
40019,5
40020,5
40021,5
40022,5
40023,5
40024,5
40464,1
40465,1
40466,1
40467,1
40468,1
40469,1
40470,1
40476,44
40477,44
40478,44
40479,44
40480,44
40481,44
40482,44
40483,44
40484,44
40485,44
40486,44
40487,44
40488,44
40489,44
40490,44
40496,44
40497,44
40498,44
40499,44
40500,44
40501,44
40502,44
40503,44
40504,44
40505,44
40506,44
40507,44
40513,1
40514,1
40515,1
40516,1
40517,1
40518,1
40519,1
40520,1
