1481,1
1482,1
1483,1
1484,1
1485,1
1486,1
1487,1
1493,1
1494,1
1495,1
1496,1
1497,1
1498,1
1499,1
1511,1
1512,1
1513,1
1520,5
1521,5
1522,5
1523,5
1524,5
1525,5
1531,1
1532,1
1533,1
1534,1
1535,1
1536,1
1542,1
1543,1
1544,1
1545,1
1546,1
1547,1
1548,1
1549,1
1550,1
1551,1
1552,1
1553,1
1554,1
1555,1
1603,1
1604,1
1605,1
1606,1
1607,1
1608,1
1609,1
1610,1
1611,1
1612,1
1613,1
1614,1
1615,1
1617,7
1618,7
1619,7
1620,7
1621,7
1622,7
1623,7
1624,7
1625,7
1626,7
1627,8
1628,8
1629,8
1630,8
1631,8
1633,1
1634,1
1635,1
1636,1
1637,1
1638,1
1639,1
1640,1
1653,1
1654,1
1655,1
1656,1
1657,1
1659,1
1660,1
1661,1
1662,1
1663,1
1664,1
1665,1
1666,1
1667,1
1668,1
1669,1
1670,1
1671,1
1672,1
1673,1
1674,1
1675,1
1676,1
1677,1
1678,1
1685,1
1686,1
1687,1
1688,1
1689,1
1690,1
1691,1
1692,1
1693,1
1694,1
1695,1
1696,1
1697,1
1698,1
1699,1
1700,1
1701,1
1702,1
1703,1
1704,1
1705,1
1706,1
1707,1
1709,1
1710,1
1711,1
1712,1
1713,1
1714,1
1715,1
1716,1
1717,1
1718,1
1719,1
1720,1
1721,1
1729,1
1730,1
1731,1
1732,1
1733,1
1734,1
1735,1
1758,1
1759,1
1760,1
1761,1
1762,1
1763,1
1764,1
1766,1
1767,1
1768,1
1791,1
1792,1
1793,1
1794,1
1795,1
1796,1
1797,1
1798,1
1799,1
1800,1
1817,1
1818,1
1819,1
1852,2
1853,2
1854,2
1855,2
1856,2
1858,1
1859,1
1860,1
1861,1
1862,1
1863,1
1864,1
1865,1
1866,1
1867,1
1868,1
1869,1
1870,1
1871,1
1872,1
1878,1
1879,1
1880,1
1881,1
1882,1
1884,1
1885,1
1886,1
1887,1
1888,1
1889,1
1890,1
1891,1
1892,1
1893,1
1894,1
1895,1
1896,1
1897,1
1913,1
1914,1
1915,1
1916,1
1917,1
1918,1
1919,1
1920,1
1921,1
1922,1
1923,1
1924,1
1937,2
1938,2
1939,2
1940,2
1941,2
1943,1
1944,1
1945,1
1946,1
1947,1
1962,1
1963,1
1964,1
1970,1
1971,1
1972,1
1973,1
1974,1
1975,1
1976,1
1977,1
1978,1
1979,1
1980,1
1981,1
1982,1
1983,1
1984,1
2008,1
2009,1
2010,1
2011,1
2012,1
2013,1
2014,1
2015,1
2016,1
2017,1
2018,1
2019,1
2020,1
2021,1
2022,1
2023,1
2024,1
2025,1
2026,1
2027,1
2028,1
2029,1
2031,1
2032,1
2033,1
2034,1
2035,1
2036,1
2037,1
2038,1
2039,1
2040,1
2041,1
2042,1
2043,1
2044,1
2045,1
2046,1
2047,1
2048,1
2049,1
2055,1
2056,1
2057,1
2058,1
2059,1
2061,1
2062,1
2063,1
2228,1
2229,1
2230,1
2231,1
2232,1
2233,1
2234,1
2235,1
2236,1
2237,1
2238,1
2239,1
2240,1
2241,1
2242,1
2243,1
2244,1
2245,1
2246,1
2247,1
2248,1
2249,1
2255,1
2256,1
2257,1
2258,1
2259,1
2260,1
2261,1
2273,1
2274,1
2275,1
2276,1
2277,1
2278,1
2279,1
2280,1
2312,1
2313,1
2314,1
10928,1
10929,1
10930,1
10931,1
10932,1
10933,1
10934,1
10935,1
10936,1
10937,1
10938,1
10939,1
10940,1
10941,1
10942,1
10943,1
10944,1
10945,1
10946,1
10947,1
10948,1
10949,1
10950,1
10951,1
10952,1
10953,1
10954,1
10955,1
10956,1
10957,1
10958,1
10959,1
10960,1
10961,1
10962,1
10963,1
10964,1
10965,1
10966,1
10967,1
10968,1
10974,7
10975,7
10976,7
10977,7
10978,7
10979,7
10980,7
10981,7
10982,7
10983,7
10984,7
10985,7
10986,7
10988,5
10989,5
10990,5
10991,5
10992,5
10993,5
10994,5
10995,5
10996,5
10997,5
10998,5
10999,5
11000,7
11001,7
11002,7
11003,7
11004,7
11036,7
11037,7
11038,7
11039,7
11040,7
11041,7
11042,7
11043,7
11044,7
11045,7
11046,7
11047,7
11048,7
11054,2
11055,2
11056,2
11057,2
11058,2
11059,2
11060,2
11061,2
11062,2
11063,2
11064,2
11065,2
11066,2
11067,2
11068,2
11069,2
11070,2
11071,2
11098,6
11099,6
11100,6
11101,6
11102,6
11103,6
11104,6
11105,6
11106,6
11107,6
11108,6
11109,6
11110,6
11111,6
11112,6
11113,6
11114,6
11115,6
11116,6
11117,6
11118,6
11119,6
11120,6
11121,6
11122,6
11236,1
11237,1
11238,1
11239,1
11240,1
11241,1
11242,1
11243,1
11244,1
11245,1
11246,1
11247,1
11248,1
11249,1
11250,1
11251,1
11252,1
11253,1
11254,1
11255,1
11256,1
11257,1
11258,1
11259,1
11261,1
11262,1
11263,1
11264,1
11265,1
11266,1
11267,1
11313,2
11314,2
11315,2
11316,2
11317,2
11318,2
11319,2
11320,2
11321,2
11322,2
11323,2
11324,2
11325,2
11326,2
11327,2
11328,2
11329,2
11331,2
11332,2
11333,2
11334,2
11335,2
11336,2
11337,2
11338,2
11339,2
11354,1
11355,1
11356,1
11357,1
11358,1
11359,1
11360,1
11361,1
11362,1
11363,1
11364,1
11365,1
11366,1
11372,1
11373,1
11374,1
11375,1
11376,1
11377,1
11378,1
11379,1
11380,1
11381,1
11382,1
11383,1
11384,1
11404,1
11405,1
11406,1
11407,1
11408,1
11409,1
11410,1
11411,1
11412,1
11441,2
11442,2
11443,2
11444,2
11445,2
11446,2
11447,2
11448,2
11449,2
11450,2
11451,2
11452,2
11453,2
11454,2
11455,2
11456,2
11457,2
11459,1
11460,1
11461,1
11462,1
11463,1
11464,1
11466,1
11467,1
11468,1
11497,1
11498,1
11499,1
11500,1
11501,1
11502,1
11503,1
11504,1
11505,1
11506,1
11507,1
11508,1
11509,1
11573,1
11574,1
11575,1
11576,1
11577,1
11578,1
11579,1
11580,1
11581,1
11582,1
11583,1
11584,1
11585,1
11586,1
11587,1
11588,1
11589,1
11590,1
11591,1
11592,1
11593,1
11594,1
11595,1
11596,1
11597,1
11621,1
11622,1
11623,1
11624,1
11625,1
11626,1
11627,1
11628,1
11629,1
11630,1
11631,1
11632,1
11633,1
12002,1
12003,1
12004,1
12005,1
12006,1
12011,1
12012,1
12013,1
12014,1
12015,1
12016,1
12017,1
12018,1
12019,1
12020,1
12023,1
12024,1
12025,1
12026,1
12027,1
12028,1
12029,1
12060,1
12061,1
12062,1
12063,1
12064,1
12065,1
12066,1
12067,1
12068,1
12069,1
12070,1
12071,1
12114,1
12115,1
12116,1
12117,1
12118,1
12119,1
12120,1
12121,1
12122,1
12123,1
12124,1
12125,1
12126,1
12127,1
12128,1
12129,1
12131,1
12132,1
12133,1
12134,1
12135,1
12136,1
12137,1
12138,1
12139,1
12140,1
12141,1
12142,1
12144,1
12145,1
12146,1
12147,1
12148,1
12149,1
12150,1
12151,1
12152,1
12153,2
12154,2
12155,2
12156,2
12157,2
12159,1
12160,1
12161,1
12162,1
12163,1
12166,1
12167,1
12168,1
12169,1
12170,1
12171,1
12172,1
12173,1
12286,1
12287,1
12288,1
12289,1
12290,1
12291,1
12292,1
12293,1
12294,1
12295,1
12296,1
12302,1
12303,1
12304,1
12305,1
12306,1
12307,1
12308,1
12309,1
12310,1
12311,1
12312,1
12313,1
12332,2
12333,2
12334,2
12335,2
12336,2
12337,2
12338,2
12339,2
12340,2
12341,2
12342,2
12343,2
12344,2
12345,2
12346,2
12347,2
12349,2
12350,2
12351,2
12352,2
12353,2
12354,2
12355,2
12356,2
12357,2
12358,2
12359,2
12360,2
12361,2
12362,2
12364,2
12365,2
12366,2
12367,2
12368,2
12369,2
12370,2
12372,2
12373,2
12374,2
12375,2
12376,2
12377,2
12378,2
12379,2
12380,2
25582,1
25583,1
25584,1
25585,1
25586,1
25587,1
25588,1
25589,1
25590,1
25591,1
25592,1
25593,1
25594,1
25595,1
25596,1
25597,1
25598,1
25734,1
25735,1
25736,1
25737,1
25738,1
25739,1
25740,1
25741,1
25742,1
25743,1
25744,1
25745,1
25746,1
25747,1
25748,1
25749,1
25750,1
25751,1
25752,1
25753,1
25754,1
25755,1
25756,1
25757,1
25759,1
25760,1
25761,1
25762,1
25763,1
25764,1
25765,1
25766,1
25767,1
25768,1
25769,1
25770,1
25771,1
25773,1
25774,1
25775,1
25776,1
25777,1
25790,1
25791,1
25792,1
25793,1
25794,1
25795,1
25796,1
25798,1
25799,1
25800,1
25801,1
25802,1
25803,1
25804,1
25805,1
25806,1
25807,1
25811,1
25812,1
25813,1
25814,1
25815,1
25816,1
25817,1
25818,1
25819,1
25820,1
25821,1
25822,1
25823,1
25824,1
25825,1
25826,1
25827,1
25828,1
25829,1
25830,1
25831,1
25832,1
25845,1
25846,1
25847,1
25848,1
25861,1
25862,1
25863,1
25864,1
25865,1
25866,1
25867,1
25868,1
25869,1
25870,1
25871,1
25872,1
25873,1
25874,1
25875,1
25876,1
25877,1
25878,1
25879,1
25880,1
25881,1
25882,1
25883,1
25884,1
25885,1
25886,1
25887,1
25888,1
25889,1
25890,1
25891,1
25892,1
25893,1
25894,1
25895,1
25896,1
25897,1
25899,1
25900,1
25901,1
25902,1
25903,1
25904,1
25905,1
25906,1
25907,1
25908,1
25909,1
25910,1
25911,1
25912,1
26033,1
26034,1
26035,1
26036,1
26037,1
26038,1
26039,2
26040,2
26041,2
26042,2
26043,2
26045,1
26046,1
26047,1
26048,1
26049,1
26050,1
26051,1
26052,1
26053,1
26059,1
26060,1
26061,1
26062,1
26063,1
26064,1
26085,1
26086,1
26087,1
26093,1
26094,1
26095,1
26096,1
26097,1
26098,1
26099,1
26100,1
26101,1
26102,1
26103,1
26104,1
26105,1
26106,1
26992,1
26993,1
26994,1
26995,1
26996,1
26997,1
26998,1
26999,1
27000,1
27001,1
27002,1
27003,1
27004,1
27005,1
27006,1
27007,1
27008,1
27009,1
27010,1
27011,1
27012,1
27013,1
27014,1
27015,1
27016,1
27017,1
27018,1
27019,1
27020,1
27021,1
27022,1
27023,1
27024,1
27025,1
27026,1
27027,1
27028,1
27029,1
27030,1
27031,1
27032,1
27033,1
27034,1
27035,1
27036,1
27037,1
27038,1
27039,1
27040,1
27041,1
27042,1
27043,1
27044,1
27045,1
27046,1
27047,1
27048,1
27049,1
27050,1
27051,1
27052,1
27053,1
27054,1
27055,1
27056,1
27057,1
27058,1
27059,1
27060,1
27061,1
27062,1
27063,1
27064,1
27065,1
27066,1
27067,1
27068,1
27069,1
27070,1
27071,1
27072,1
27073,1
27074,1
27075,1
27076,1
27077,1
27078,1
27079,1
27080,1
27081,1
27082,1
27083,1
27084,1
27085,1
27086,1
27087,1
27088,1
27089,1
27090,1
27091,1
27092,1
27093,1
27094,1
27095,1
27096,1
27097,1
27098,1
27099,1
27100,1
27101,1
27102,1
27103,1
27104,1
27105,1
27106,1
27107,1
27108,1
27109,1
27110,1
27111,1
27112,1
27113,1
27114,1
27115,1
27116,1
27117,1
27118,1
27119,1
27120,1
27121,1
27122,1
27123,1
27124,1
27125,1
27126,1
27127,1
27128,1
27129,1
27130,1
27131,1
27132,1
27133,1
27134,1
27135,1
27136,1
27137,1
27138,1
27139,1
27140,1
27141,1
27142,1
27143,1
27144,1
27145,1
27146,1
27147,1
27148,1
27149,1
27150,1
31301,1
31302,1
31303,1
31304,1
31305,1
31306,1
31307,1
31308,1
31309,1
31310,1
31311,1
31312,1
31313,1
31314,1
31315,1
31316,1
31317,1
31323,7
31324,7
31325,7
31326,7
31327,7
31328,7
31329,7
31330,7
31331,7
31332,7
31333,7
31334,7
31335,7
31336,7
31337,7
31338,7
31339,7
31340,7
31341,7
31342,7
31343,7
31344,7
31345,7
31346,7
31347,7
31348,7
31349,7
31350,7
31351,7
31352,7
31353,7
31354,7
31355,7
31356,7
31357,7
31358,7
31359,7
31360,7
31361,7
31362,7
31363,7
31364,7
31365,7
31371,7
31372,7
31373,7
31374,7
31375,7
31376,7
31377,7
31378,7
31384,1
31385,1
31386,1
31387,1
31388,1
31396,1
31397,1
31398,1
31400,1
31401,1
31402,1
31403,1
31404,1
31405,1
31407,1
31408,1
31416,1
31417,1
31418,1
31419,1
31420,1
31421,1
31432,1
31433,1
31434,1
31435,1
31436,1
31437,1
31438,1
31439,1
31440,1
31441,1
31442,1
31468,1
31469,1
31470,1
31471,1
31472,1
31473,1
31484,1
31485,1
31486,1
31487,1
31488,1
31489,1
31490,1
31491,1
31492,1
31498,7
31499,7
31500,7
31501,7
31502,7
31503,7
31504,7
31505,7
31506,7
31507,7
31513,1
31514,1
31515,1
31516,1
31517,1
31518,1
31519,1
31520,1
31521,1
31522,1
31523,1
31524,1
31525,1
31526,1
31527,1
31528,1
31529,1
31530,1
31531,1
31532,1
31533,1
31534,1
31535,1
31567,2
31568,2
31569,2
31570,2
31571,2
31573,2
31574,2
31575,2
31666,8
31667,8
31668,8
31669,8
31670,8
31672,2
31673,2
31675,6
31676,6
31677,6
31678,8
31679,8
31685,8
31686,8
31687,8
31688,8
31689,8
31690,8
31696,2
31697,2
31698,2
31699,2
31700,2
31701,2
31782,1
31783,1
31784,1
31785,1
31786,1
31789,1
31790,1
31791,1
31792,1
31793,1
31794,1
31795,1
31796,1
31797,1
31814,1
31815,1
31816,1
31817,1
31818,1
31819,1
31825,2
31826,2
31827,2
31828,2
31829,2
31835,2
31836,2
31902,7
31903,7
31904,7
31905,7
31906,7
31908,5
31909,2
31910,2
31916,1
31917,1
31918,1
31919,1
31920,1
31921,1
31922,1
31923,1
31940,1
31941,1
31942,1
31943,1
31944,1
31947,1
31948,1
31954,8
31955,8
31956,8
31957,8
31958,8
31959,8
31965,1
31966,1
31967,1
31968,1
31969,1
31970,1
32031,1
32032,1
32033,1
32034,1
32035,1
32036,1
32037,1
32038,1
32039,1
32076,1
32077,1
32078,1
32079,1
32080,1
32081,1
32082,1
32083,1
32084,1
32085,1
32091,1
32092,1
32093,1
32094,1
32095,1
32096,1
32097,1
32098,1
32099,1
32100,1
32121,1
32122,1
32123,1
32124,1
32125,1
32126,1
32127,1
32128,1
32129,1
32130,1
32136,1
32137,1
32138,1
32139,1
32140,1
32141,1
32142,1
32143,1
32144,1
32145,1
32151,1
32152,1
32153,1
32154,1
32155,1
32156,1
32157,1
32158,1
32159,1
32160,1
32166,1
32167,1
32168,1
32169,1
32170,1
32171,1
32172,1
32173,1
32174,1
32175,1
32197,1
32198,1
32199,1
32200,1
32201,1
32202,1
32203,1
32204,1
32205,1
32206,1
38695,1
38696,1
38697,1
38698,1
38699,1
38700,1
38701,1
38702,1
38703,1
38704,1
38705,1
38707,1
38708,1
38709,1
38710,1
38711,1
38738,1
38739,1
38740,1
38741,1
38747,7
38748,7
38749,7
38750,7
38751,7
38756,7
38757,7
38758,7
38759,7
38760,7
38761,7
38762,7
38764,3
38765,3
38766,3
38767,3
38768,3
38769,3
38770,3
38771,4
38772,4
38773,4
38774,4
38775,4
38776,4
38777,4
38786,4
38787,4
38788,4
38789,4
38807,6
38808,6
38809,6
38810,6
38811,6
38812,6
38813,6
38814,6
38815,6
38821,6
38822,6
38823,6
38824,6
38825,6
38826,6
38827,6
38828,6
38835,6
38836,6
38842,7
38843,7
38844,7
38845,7
38846,7
38848,1
38849,1
38850,1
38851,6
38852,6
38853,6
38854,6
38855,6
38857,6
38858,6
38859,6
38860,6
38861,6
38862,6
38863,6
38864,6
38865,6
38866,6
38867,6
38868,6
38869,6
38963,6
38964,6
38965,6
38966,6
38994,1
38995,1
38996,1
38997,1
39012,1
39013,1
39014,1
39015,1
39016,1
39017,1
39039,1
39040,1
39041,1
39042,1
39043,1
39044,1
39045,1
39046,1
39047,1
39048,1
39049,1
39050,1
39051,1
39052,1
39053,1
39054,1
39055,1
39056,1
39057,1
39058,1
39059,1
39060,1
39061,1
39062,1
39063,1
39064,1
39065,1
39066,1
39067,1
39068,1
39069,1
39070,1
39071,1
39072,1
39073,1
39074,1
39075,1
39076,1
39077,1
39078,1
39079,1
39080,1
39081,1
39082,1
39083,1
39084,1
39085,1
39086,1
39087,1
39088,1
39089,1
39090,1
39091,1
39092,1
39093,1
39094,1
39095,1
39096,1
39097,1
39098,1
39099,1
39100,1
39101,1
39102,1
39103,1
39104,1
39105,1
39118,1
39119,1
39120,1
39121,1
39122,1
39123,1
39124,1
39125,1
39131,1
39132,1
39133,1
39134,1
39135,1
39136,1
39137,1
39138,1
39264,1
39265,1
39266,1
39267,1
39268,1
39269,1
39270,1
39271,1
39272,1
39273,1
39274,1
39275,1
39276,1
39277,1
39278,1
39279,1
39280,1
39281,1
39282,1
39283,1
39284,1
39285,1
39286,1
39287,1
39288,1
39289,1
39290,1
39291,1
39292,1
39297,1
39298,1
39299,1
39300,1
39301,1
39302,1
39303,1
39304,1
39305,1
39306,1
39312,1
39313,1
39314,1
39315,1
39316,1
39317,1
39318,1
39319,1
39320,1
39321,1
39327,1
39328,1
39329,1
39330,1
39331,1
39332,1
39333,1
39334,1
39335,1
39336,1
