180,1
181,1
182,1
183,1
184,1
185,1
186,1
187,1
188,1
189,1
190,1
191,1
192,1
193,1
194,1
195,1
196,1
197,1
198,1
199,1
200,1
201,1
202,1
203,1
204,1
205,1
206,1
207,1
208,1
209,1
210,1
211,1
212,1
213,1
214,1
215,1
216,1
217,1
218,1
219,1
220,1
221,1
222,1
223,1
224,1
225,1
226,1
227,1
228,1
229,1
230,1
231,1
232,1
233,1
234,1
235,1
236,1
237,1
238,1
239,1
240,1
241,1
242,1
243,1
244,1
245,1
246,1
247,1
248,1
249,1
250,1
251,1
252,1
253,1
254,1
255,1
256,1
257,1
258,1
259,1
260,1
261,1
262,1
263,1
264,1
265,1
266,1
267,1
268,1
269,1
270,1
271,1
272,1
273,1
274,1
275,1
276,1
277,1
278,1
279,1
280,1
281,1
282,1
283,1
284,1
285,1
286,1
287,1
288,1
289,1
290,1
291,1
292,1
293,1
294,1
295,1
296,1
297,1
298,1
299,1
300,1
301,1
302,1
303,1
304,1
10969,1
10970,1
10971,1
10972,1
10973,1
10974,1
10975,1
10976,1
10977,1
10978,1
10979,1
10980,1
10981,1
10982,1
10983,1
10984,1
10985,1
10986,1
10987,1
10988,1
10989,1
10990,1
10991,1
10992,1
10993,1
10994,1
10995,1
10996,1
10997,1
10998,1
10999,1
11000,1
11001,1
11002,1
11003,1
11004,1
11005,1
11006,1
11007,1
11013,3
11014,3
11015,3
11016,3
11017,3
11018,3
11019,3
11020,3
11021,3
11022,3
11023,3
11024,3
11025,3
11027,3
11028,3
11029,3
11030,3
11031,3
11032,3
11033,3
11034,3
11035,3
11036,3
11037,3
11038,3
11039,3
11040,3
11041,3
11042,3
11043,3
11075,3
11076,3
11077,3
11078,3
11079,3
11080,3
11081,3
11082,3
11083,3
11084,3
11085,3
11086,3
11087,3
11352,5
11353,5
11354,5
11355,5
11356,5
11357,5
11358,5
11359,5
11360,5
11361,5
11362,5
11363,5
11364,5
11365,5
11366,5
11367,5
11368,5
11370,3
11371,3
11372,3
11373,3
11374,3
11375,3
11376,3
11377,3
11378,3
11379,2
11380,2
11381,2
11382,2
11383,2
11384,2
11385,2
11386,2
11387,2
11393,3
11394,3
11395,3
11396,3
11397,3
11398,3
11399,3
11400,3
11401,3
11402,3
11403,3
11404,3
11405,3
11411,1
11412,1
11413,1
11414,1
11415,1
11416,1
11417,1
11418,1
11419,1
11420,1
11421,1
11422,1
11423,1
11443,1
11444,1
11445,1
11446,1
11447,1
11448,1
11449,1
11450,1
11451,1
11457,3
11458,3
11459,3
11460,3
11461,3
11462,3
11463,3
11464,3
11465,3
11466,3
11467,3
11468,3
11469,3
11470,3
11471,3
11472,3
11473,3
11474,3
11480,2
11481,2
11482,2
11483,2
11484,2
11485,2
11486,2
11487,2
11488,2
11489,2
11490,2
11491,2
11492,2
11493,2
11494,2
11495,2
11496,2
11505,2
11508,2
11509,2
11515,1
11516,1
11517,1
11518,1
11519,1
11520,1
11521,1
11522,1
11523,1
11524,1
11525,1
11526,1
11527,1
11528,1
11529,1
11530,1
11531,1
11532,1
11614,1
11615,1
11616,1
11617,1
11618,1
11619,1
11620,1
11621,1
11622,1
11623,1
11624,1
11625,1
11626,1
11627,1
11628,1
11629,1
11630,1
11631,1
11632,1
11633,1
11634,1
11635,1
11636,1
11637,1
11638,1
11662,3
11663,3
11664,3
11665,3
11666,3
11667,3
11668,3
11669,3
11670,3
11671,3
11672,3
11673,3
11674,3
12327,3
12328,3
12329,3
12330,3
12331,3
12332,3
12333,3
12334,3
12335,3
12336,3
12337,3
12343,3
12344,3
12345,3
12346,3
12347,3
12348,3
12349,3
12350,3
12351,3
12352,3
12353,3
12354,3
12373,3
12374,3
12375,3
12376,3
12377,3
12378,3
12379,3
12380,3
12381,3
12382,3
12383,3
12384,3
12385,3
12386,3
12387,3
12388,3
12389,6
12390,6
12391,6
12392,6
12394,6
12395,6
12396,6
12397,6
12398,6
12399,6
12400,6
12401,6
12402,6
12403,6
12404,6
12405,6
12406,6
12408,6
12409,6
12410,6
12411,6
12412,6
12413,6
12414,6
12416,3
12417,3
12418,3
12419,3
12420,3
12421,3
17513,1
17514,1
17515,1
17516,1
17517,1
17518,1
17519,1
17520,1
17521,1
17522,1
17523,1
17524,1
17525,1
17526,1
17527,1
17528,1
17529,1
17530,1
17531,1
17563,4
17564,4
17565,4
17566,4
17567,4
17584,4
17585,4
17586,4
17592,1
17593,1
17594,1
17595,1
17596,1
17597,1
17598,1
17610,1
17611,1
17612,1
17618,1
17619,1
17620,1
17621,1
17622,1
17623,1
17624,1
17625,1
17626,1
17627,1
17628,1
17629,1
17630,1
17631,1
17632,1
17633,1
17634,1
17635,1
17636,1
17637,1
17668,1
17669,1
17670,1
17671,1
17677,2
17678,2
17679,2
17680,2
17681,2
17682,2
17693,2
17694,2
17695,2
17696,2
17697,2
17698,2
17699,2
17700,2
17701,2
17702,2
17703,2
17704,2
17705,2
17706,2
17707,2
17708,2
17710,1
17711,1
17712,1
17713,1
17714,1
17715,1
17716,1
17717,1
17718,1
17719,1
17720,1
17721,1
17722,1
17723,1
17724,1
17725,1
17726,1
17727,1
17728,2
17729,2
17730,2
17731,2
17737,1
17738,1
17739,1
17740,1
17741,1
17742,3
17743,3
17744,3
17745,3
17746,3
17748,2
17749,2
17750,2
17751,2
17752,2
17753,2
17754,2
17755,2
17756,2
17757,2
17758,2
17759,2
17760,2
17761,2
17762,2
17763,2
17764,2
17765,2
17766,2
17790,2
17791,2
17792,2
17793,2
17794,2
17795,2
17796,2
17797,2
17798,2
17799,2
17800,2
17801,2
17802,2
17803,2
17804,2
17829,2
17830,2
17831,2
17833,1
17834,1
17835,1
17841,1
17842,1
17843,1
17844,1
17845,1
17846,1
17847,1
17848,1
17857,1
17858,1
17859,1
17860,1
17861,1
17862,1
17863,1
17864,1
17865,1
17871,1
17872,1
17873,1
17874,1
17875,1
17876,1
17877,1
17878,1
17879,1
17880,1
17881,1
17882,1
17883,1
17884,1
17885,1
17886,1
17887,1
17888,1
17889,1
17890,1
17891,1
17892,1
17893,1
17894,1
17895,1
17896,1
17897,1
17898,1
17899,1
17900,1
17901,1
17902,1
17903,1
17904,1
17905,1
17906,1
17907,1
17908,1
17918,1
17919,1
17920,1
17921,1
17922,1
17942,1
17943,1
17944,1
17945,1
17946,1
17947,1
17948,1
17949,1
17951,1
17958,1
17959,1
17960,1
17961,1
17962,1
17963,1
17964,1
17965,1
17966,1
17967,1
17968,1
17969,1
17970,1
17971,1
17972,1
17973,1
17975,1
17976,1
17977,1
17978,1
17979,1
17980,1
17981,1
17982,1
17983,1
17984,1
17985,1
17986,1
17987,1
17988,1
17989,1
17990,1
17991,1
17992,1
17993,1
17994,1
17995,1
18004,1
18005,1
18006,1
18096,3
18097,3
18098,3
18099,3
18100,3
18101,3
18102,3
18103,3
18104,3
18105,3
18106,3
18107,3
18108,3
18109,3
18110,3
18111,3
18112,3
18113,3
18114,3
18115,3
18116,3
18117,3
18118,3
18119,3
18120,3
18121,3
18122,3
18123,3
18124,3
18125,3
18126,3
18128,1
18129,1
18130,1
18131,1
18132,1
18134,2
18135,2
18136,2
18137,2
18138,3
18139,3
18140,3
18146,1
18147,1
18148,1
18149,1
18150,1
18152,1
18153,1
18154,1
18311,1
18312,1
18313,1
18314,1
18315,1
18316,1
18317,1
18318,1
18319,1
18320,1
18321,1
18322,1
18323,1
18324,1
18325,1
18326,1
18327,1
18328,1
18329,1
18330,1
18331,1
18361,1
18362,1
18363,1
18365,1
18366,1
18367,1
18368,1
18369,1
18370,1
18371,1
18372,1
18386,1
18387,1
18388,1
18389,1
18390,1
18391,1
18392,1
18393,1
18402,1
18403,1
18404,1
18405,1
18406,1
18407,1
18408,1
18409,1
18410,1
18411,1
18455,1
18456,1
18457,1
18458,1
18459,1
18460,1
18496,1
18497,1
18498,1
18499,1
18500,1
18501,1
18502,1
18503,1
18624,1
18625,1
18626,1
18632,2
18633,2
18634,2
18635,2
18636,2
18637,2
18638,2
18639,2
18640,2
18641,2
18642,2
18653,2
18654,2
18655,2
18656,2
18657,2
18658,2
18659,2
18666,2
18667,2
18668,2
18669,2
18693,2
18694,2
18695,2
18696,2
18697,2
18698,2
18699,2
18701,1
18702,1
18703,1
18704,1
18705,1
18706,1
18708,1
18709,1
18710,1
18711,1
18712,1
18713,1
18714,1
18716,1
18717,1
18718,1
18719,1
18720,1
18722,1
18723,1
18724,1
18725,1
18726,1
18727,1
18735,2
18736,2
18737,2
18738,2
18749,2
18750,2
18751,2
18847,1
18848,1
18849,1
18850,1
18851,1
18852,1
18853,1
18854,1
18855,1
18856,1
18857,1
18858,1
18859,1
18860,1
18861,1
18862,1
18863,1
18864,1
18865,1
18866,1
18867,1
18868,1
18870,1
18871,1
18872,1
18874,1
18875,1
18876,1
18880,1
18881,1
18882,1
19099,1
19100,1
19101,1
19102,1
19103,1
19104,1
19105,1
19106,1
19107,1
19108,1
19109,1
19110,1
19111,1
19138,1
19139,1
19140,1
19141,1
19142,1
19143,1
19144,1
19145,1
19146,1
19147,1
19148,1
19149,1
19150,1
19151,1
19152,1
19153,1
19159,1
19160,1
19161,1
19162,1
19163,1
19164,1
19165,1
19166,1
19167,1
19168,1
19169,1
19170,1
19171,1
19172,1
19173,1
19174,1
19175,1
19176,1
19177,1
19178,1
19179,1
19180,1
19181,1
19182,1
19183,1
19184,1
19185,1
19186,1
19187,1
19188,1
19189,1
19190,1
19191,1
19192,1
19193,1
19194,1
19195,1
19196,1
19197,1
19198,1
19199,1
19200,1
19201,1
19202,1
19203,1
19204,1
19205,1
19220,1
19221,1
19222,1
19223,1
19224,1
19225,1
19226,1
19227,1
19228,1
19229,1
19230,1
19232,1
19233,1
19234,1
19235,1
19236,1
19237,1
19238,1
19239,1
19240,1
19241,3
19242,3
19243,3
19245,2
19246,2
19247,2
19248,2
19249,2
19250,2
19251,2
19252,2
19253,2
19254,2
19255,2
19256,2
19257,2
19258,2
19259,2
19261,1
19262,1
19263,1
19264,1
19265,1
19266,1
19267,1
19268,1
19269,1
19270,1
19271,1
19272,1
19273,1
19274,1
19275,1
19276,1
19277,1
19278,1
19279,1
19285,1
19286,1
19287,1
19288,1
19289,1
19290,1
19304,1
19305,1
19306,1
19307,1
19341,3
19342,3
19343,3
19344,3
19345,3
19346,3
19347,3
19359,3
19360,3
19361,3
19362,3
19363,3
19364,3
19365,3
19366,3
19398,3
19399,3
19400,3
30812,3
30813,3
30814,3
30815,3
30816,3
30817,3
30818,3
30819,3
30820,3
30821,3
30822,3
30823,3
30824,3
30825,3
30826,3
30827,3
30828,3
30829,3
30830,3
30831,3
30832,3
30833,3
30834,3
30835,3
30836,3
30837,3
30838,3
30839,3
30840,3
30841,3
30842,3
30843,3
30844,3
30845,3
30846,3
30847,3
30848,3
30849,3
30850,3
30851,3
30852,3
30853,3
30854,3
30856,1
30857,1
30858,1
30859,1
30860,3
30861,3
30862,3
30863,3
30864,3
30865,3
30866,3
30867,3
30873,2
30874,2
30875,2
30876,2
30877,2
30885,2
30886,2
30887,2
30889,2
30890,2
30891,2
30892,2
30893,2
30894,2
30896,2
30899,2
30900,2
30906,1
30907,1
30908,1
30909,1
30910,1
30911,1
30922,1
30923,1
30924,1
30925,1
30926,1
30927,1
30928,1
30929,1
30930,1
30931,1
30932,1
30954,1
30955,1
30956,1
30957,1
30958,1
30959,1
30970,1
30971,1
30972,1
30973,1
30974,1
30975,1
30976,1
30977,1
30978,1
30999,3
31000,3
31001,3
31002,3
31003,3
31004,3
31005,3
31006,3
31007,3
31008,3
31009,3
31010,3
31011,3
31012,3
31013,3
31014,3
31015,3
31016,3
31017,3
31018,3
31019,3
31020,3
31021,3
31055,6
31056,6
31057,6
31058,6
31059,6
31061,3
31062,3
31063,3
31064,3
31065,3
31066,3
31067,3
31068,3
31073,3
31074,3
31075,3
31076,3
31077,3
31078,3
31079,3
31080,3
31081,3
31082,3
31083,3
31084,3
31085,3
31086,3
31087,3
31100,3
31101,3
31102,3
31119,2
31120,2
31121,2
31122,2
31123,2
31124,2
31155,6
31156,6
31157,6
31158,6
31159,6
31164,6
31165,6
31166,6
31167,6
31168,6
31174,10
31175,10
31176,10
31177,10
31178,10
31179,10
31185,6
31186,6
31187,6
31188,6
31189,6
31190,6
31314,5
31315,5
31316,5
31317,5
31318,5
31320,2
31321,2
31323,3
31325,2
31326,5
31327,5
31396,3
31397,3
31398,3
31399,3
31400,3
31404,3
31405,3
31435,1
31436,1
31437,1
31438,1
31439,1
31442,1
31443,1
31444,1
31450,6
31451,6
31452,6
31453,6
31454,6
31455,6
31461,1
31462,1
31463,1
31464,1
31465,1
31466,1
31525,1
31526,1
31527,1
31528,1
31529,1
31530,1
31531,1
31532,1
31533,1
38182,16
38183,16
38184,16
38185,16
38186,16
38191,16
38192,16
38193,16
38194,16
38195,16
38196,16
38197,16
38199,4
38200,4
38201,4
38202,4
38203,4
38204,4
38205,4
38206,12
38207,12
38208,12
38209,12
38210,12
38211,12
38212,12
38214,1
38215,1
38216,1
38217,1
38218,1
38219,1
38220,1
38221,11
38222,11
38223,11
38224,11
38253,3
38254,3
38255,3
38256,3
38257,3
38258,3
38259,3
38260,3
38261,3
38267,3
38268,3
38269,3
38270,3
38271,3
38272,3
38273,3
38274,3
38280,3
38283,3
38284,3
38290,3
38291,3
38292,3
38293,3
38294,3
38299,3
38300,3
38301,3
38302,3
38303,3
38305,3
38306,3
38307,3
38308,3
38309,3
38310,3
38311,3
38312,3
38313,3
38314,3
38315,3
38316,3
38317,3
38345,3
38346,3
38414,3
38415,3
38416,3
38417,3
