10928,1
10929,1
10930,1
10931,1
10932,1
10933,1
10934,1
10935,1
10936,1
10937,1
10938,1
10939,1
10940,1
10941,1
10942,1
10943,1
10944,1
10945,1
10946,1
10947,1
10948,1
10949,1
10950,1
10951,1
10952,1
10953,1
10954,1
10955,1
10956,1
10957,1
10958,1
10959,1
10960,1
10961,1
10962,1
10963,1
10964,1
10965,1
10966,1
10967,1
10968,1
10974,1
10975,1
10976,1
10977,1
10978,1
10979,1
10980,1
10981,1
10982,1
10983,1
10984,1
10985,1
10986,1
10988,1
10989,1
10990,1
10991,1
10992,1
10993,1
10994,1
10995,1
10996,1
10997,1
10998,1
10999,1
11000,1
11001,1
11002,1
11003,1
11004,1
11036,1
11037,1
11038,1
11039,1
11040,1
11041,1
11042,1
11043,1
11044,1
11045,1
11046,1
11047,1
11048,1
11098,1
11099,1
11100,1
11101,1
11102,1
11103,1
11104,1
11105,1
11106,1
11107,1
11108,1
11109,1
11110,1
11111,1
11112,1
11113,1
11114,1
11115,1
11116,1
11117,1
11118,1
11119,1
11120,1
11121,1
11122,1
11497,1
11498,1
11499,1
11500,1
11501,1
11502,1
11503,1
11504,1
11505,1
11506,1
11507,1
11508,1
11509,1
19574,1
19575,1
19576,1
19577,1
19578,1
19579,1
19580,1
19581,1
19582,1
19583,1
19584,1
19585,1
19586,1
19587,1
19588,1
19589,1
19590,1
19591,1
19592,1
19593,1
19594,1
19595,1
19596,1
19597,1
19598,1
19599,1
19600,1
19601,1
19602,1
19603,1
19604,1
19605,1
19606,1
19607,1
19608,1
19609,1
19610,1
19611,1
19612,1
19613,1
19614,1
19615,1
19616,1
19617,1
19618,1
19619,1
19620,1
19621,1
19622,1
19623,1
19624,1
19625,1
19626,1
19627,1
19628,1
19629,1
19630,1
19631,1
19632,1
19633,1
19634,1
19635,1
19636,1
19637,1
19638,1
19639,1
19640,1
19641,1
19642,1
19643,1
19644,1
19645,1
19646,1
19647,1
19648,1
19649,1
19650,1
19651,1
19652,1
19653,1
19654,1
19655,1
19656,1
19657,1
19658,1
19659,1
19660,1
19661,1
19662,1
19663,1
19664,1
19665,1
19666,1
19667,1
19668,1
19669,1
19670,1
19671,1
19672,1
19673,1
19674,1
19675,1
19676,1
19677,1
19678,1
19679,1
19680,1
19681,1
19682,1
19683,1
19684,1
19685,1
19686,1
19687,1
19688,1
19689,1
19690,1
19691,1
19692,1
19693,1
19694,1
19695,1
19696,1
19697,1
19698,1
19699,1
19700,1
19701,1
19702,1
19703,1
19704,1
19705,1
19706,1
19707,1
21629,3
21630,3
21631,3
21632,3
21633,3
21634,3
21635,3
21636,3
21637,3
21638,3
21639,3
21640,3
21641,3
21642,3
21643,3
21644,3
21645,3
21646,3
21647,3
21648,3
21649,3
21650,3
21651,3
21652,3
21658,7
21659,7
21660,7
21661,7
21662,7
21663,7
21664,7
21665,7
21666,7
21667,7
21668,7
21669,7
21670,7
21671,7
21672,7
21673,7
21682,7
21683,7
21684,7
21685,7
21686,7
21687,7
21688,7
21689,7
21690,7
21691,7
21692,7
21693,7
21702,7
21703,7
21704,7
21705,7
21706,7
21707,7
21708,7
21710,2
21711,2
21712,2
21713,5
21714,5
21715,5
21716,5
21717,5
21719,33
21720,33
21721,33
21722,33
21723,33
21724,33
21725,33
21726,33
21727,33
21728,33
21729,33
21731,28
21733,28
21738,28
21739,28
21740,28
21741,33
21742,33
21743,33
21745,5
21746,5
21747,5
21748,5
21750,5
21751,5
21752,5
21753,5
21809,1
21810,1
21811,1
21812,1
21813,1
21814,1
21831,5
21832,5
21833,5
21834,5
21835,5
21836,5
21842,2
21843,2
21844,2
21845,2
21846,2
21847,2
21853,1
21854,1
21855,1
21856,1
21857,1
21858,1
21864,2
21865,2
21866,2
21867,2
21868,2
21869,2
21968,1
21969,1
21970,1
21971,1
21972,1
21973,1
21974,1
21975,1
21976,1
21977,1
21978,1
21979,1
21980,1
21981,1
21982,1
21983,1
21984,1
21985,1
21986,1
21987,1
21988,1
21989,1
21990,1
21991,1
21992,1
21993,1
21994,1
21995,1
21996,1
21997,1
21998,1
21999,1
22000,1
22006,1
22007,1
22008,1
22009,1
22010,1
22011,1
22012,1
22013,1
22014,1
22015,1
22016,1
22017,1
22018,1
22020,1
22021,1
22022,1
22033,1
22034,1
22035,1
22052,1
22053,1
22054,1
22055,1
22056,1
22057,1
22058,1
22059,1
22060,1
22061,1
22062,1
22063,1
22064,1
22080,1
22081,1
22082,1
22083,1
22084,1
22085,1
22086,1
22087,1
22088,1
22089,1
22090,1
22091,1
22092,1
22093,1
22094,1
22095,1
22096,1
22112,1
22113,1
22114,1
22229,1
22230,1
22231,1
22232,1
22233,1
22234,1
22235,1
22236,1
22237,1
22238,1
22239,1
22240,1
22241,1
22242,1
22243,1
22244,1
22245,1
22246,1
22247,1
22248,1
22249,1
22250,1
22251,1
22252,1
22253,1
22254,1
22255,1
22256,1
22257,1
22258,1
22259,1
22260,1
22261,1
22262,1
22263,1
22264,1
22265,1
22266,1
22267,1
22273,1
22274,1
22275,1
22276,1
22277,1
22278,1
22279,1
22280,1
22281,1
22282,1
22283,1
22284,1
22285,1
22286,1
22287,1
22288,1
22289,1
22290,1
22291,1
22292,1
22293,1
22294,1
22295,1
22296,1
22297,1
22298,1
22299,1
22300,1
22301,1
22302,1
22303,1
22304,1
22305,1
22306,1
22307,1
22308,1
22309,1
22310,1
22311,1
22312,1
22313,1
22314,1
22315,1
22316,1
22317,1
22488,1
22489,1
22490,1
22491,1
22492,1
22493,1
22494,1
22495,1
22496,1
22497,1
22498,1
22499,1
22500,1
22501,1
22502,1
22503,1
22504,1
22505,1
22506,1
22507,1
22508,1
22509,1
22510,1
22511,1
22512,1
22513,1
22514,1
22515,1
22516,1
22517,1
22518,1
22519,1
22520,1
22521,1
22522,1
22523,1
22524,1
22525,1
22526,1
22527,1
22556,1
22557,1
22558,1
22559,1
22560,1
22561,1
22562,1
22563,1
22564,1
22565,1
22566,1
22567,1
22568,1
22569,1
22570,1
22571,1
22572,1
22573,1
22574,1
22575,1
22576,1
22577,1
22578,1
22579,1
22580,1
22581,1
22582,1
22583,1
22584,1
22585,1
22586,1
22587,1
22588,1
22589,1
22590,1
22591,1
22592,1
22593,1
22594,1
22595,1
22597,1
22598,1
22599,1
22600,1
22601,1
22602,1
22603,1
22604,1
22605,1
22606,1
22607,1
22608,1
22609,1
22610,1
22611,1
22613,1
22614,1
22615,1
22616,1
22617,1
22618,1
22619,1
22620,1
22621,1
22622,1
22623,1
22624,1
22625,1
22626,1
22627,1
22628,1
22629,1
22656,1
22657,1
22658,1
22659,1
22660,1
22661,1
22662,1
22663,1
22664,1
22665,1
22666,1
22667,1
22668,1
22669,1
22670,1
22671,1
22672,1
22673,1
22674,1
22675,1
22676,1
22677,1
22678,1
22680,1
22681,1
22682,1
22683,1
22684,1
22685,1
22686,1
22687,1
22688,1
22689,1
22690,1
22691,1
22692,1
22693,1
22694,1
22695,1
22696,1
22697,1
22698,1
22699,1
22700,1
22701,1
22766,1
22767,1
22768,1
22769,1
22770,1
22771,1
22772,1
22773,1
22774,1
22775,1
22776,1
22777,1
22778,1
22780,1
22781,1
22782,1
22786,1
22787,1
22788,2
22789,2
22790,2
22791,2
22792,2
22794,1
22795,1
22796,1
22797,1
22798,1
22799,1
22800,1
22801,1
22802,1
22803,1
22805,1
22806,1
22807,1
22808,1
22809,1
22810,1
22811,1
22812,1
22813,1
22814,1
22815,1
22816,1
22817,1
22818,1
22819,1
22820,1
22821,1
22822,1
22823,1
22824,1
22825,1
22826,1
22827,1
22828,1
22829,1
22830,1
22831,1
22832,1
22847,1
22848,1
22849,1
22850,1
22851,1
22852,1
22853,1
22854,1
22855,1
22856,1
22857,1
22858,1
22859,1
22860,1
22861,1
22862,1
22863,1
22865,1
22866,1
22867,1
22868,1
22869,1
22870,1
22871,1
22872,1
22873,1
22874,1
22875,1
22876,1
22877,1
22878,1
22879,1
22880,1
22881,1
22882,1
22883,1
22884,1
22885,1
22886,1
22887,1
22888,1
22889,1
22890,1
22891,1
22892,1
22902,2
22903,2
22904,2
22905,2
22906,2
22908,1
22909,1
22910,1
22911,1
22917,2
22918,2
22919,2
22920,2
22921,2
22922,2
22923,2
22924,2
22925,2
22926,2
22927,2
22928,2
22929,2
22930,2
22931,2
22932,2
22933,2
22934,2
22936,1
22937,1
22938,1
22939,1
22940,1
22941,1
22942,1
22943,1
22944,1
22945,1
22946,1
22947,1
22948,1
22949,1
22950,1
22951,1
22952,1
22953,1
22954,1
22955,1
22956,1
22957,1
22958,1
22959,1
22960,1
22961,1
22962,1
22963,1
22964,1
22965,1
22966,1
22967,1
22968,1
22969,1
22970,1
22971,1
22972,1
22973,1
22978,1
22979,1
22980,1
22981,1
22982,1
22983,1
22984,1
22985,5
22986,5
22987,5
22988,5
22989,5
22990,5
22991,5
22992,5
22993,5
22994,5
22995,5
22996,5
22997,5
22998,5
22999,5
23000,5
23001,5
23002,5
23003,5
23004,5
23005,5
23006,5
23007,5
23008,5
23009,5
23010,5
23011,5
23012,5
23013,5
23014,5
23015,5
23016,5
23017,5
23018,5
23019,5
23020,5
23021,5
23023,1
23024,1
23025,1
23026,1
23027,1
23028,1
23029,1
23030,1
23031,1
23032,1
23033,1
23034,4
23035,4
23036,4
23037,4
23038,4
23039,4
23041,4
23042,4
23044,2
23045,2
23046,2
23047,2
23048,4
23049,4
23050,4
23051,4
23052,4
23053,4
23054,4
23055,4
23056,4
23057,4
23058,4
23059,4
23060,4
23061,4
23062,4
23063,4
23064,4
23065,4
23066,4
23067,4
23068,4
23069,4
23076,1
23077,1
23078,1
23079,1
23080,1
23081,1
23082,1
23083,1
23084,1
23085,1
23086,1
23087,1
23088,1
23089,1
23090,1
23091,1
23092,1
23093,1
23094,1
23095,1
23096,1
23097,1
23098,1
23099,1
23101,1
23102,1
23103,1
23116,1
23117,1
23118,1
23119,1
23120,1
23121,1
23122,1
23123,1
23124,1
23125,1
23126,1
23127,1
23128,1
23129,1
23130,1
23131,2
23132,2
23133,2
23134,2
23135,2
23136,2
23137,2
23139,1
23140,1
23145,1
23146,1
23147,1
23148,1
23154,6
23155,6
23156,6
23157,6
23158,6
23160,6
23161,6
23162,6
23168,6
23169,6
23170,6
23171,6
23172,6
23173,6
23174,6
23175,6
23180,6
23181,6
23182,6
23184,6
23185,6
23186,6
23187,6
23188,6
23189,6
23190,6
23191,6
23193,6
23194,6
23195,6
23196,6
23197,6
23198,6
23199,6
23200,6
23201,6
31323,1
31324,1
31325,1
31326,1
31327,1
31328,1
31329,1
31330,1
31331,1
31332,1
31333,1
31334,1
31335,1
31336,1
31337,1
31338,1
31339,1
31340,1
31341,1
31342,1
31343,1
31344,1
31345,1
31346,1
31347,1
31348,1
31349,1
31350,1
31351,1
31352,1
31353,1
31354,1
31355,1
31356,1
31357,1
31358,1
31359,1
31360,1
31361,1
31362,1
31363,1
31364,1
31365,1
31371,1
31372,1
31373,1
31374,1
31375,1
31376,1
31377,1
31378,1
31641,2
31642,2
31643,2
31644,2
31645,2
31646,2
31666,1
31667,1
31668,1
31669,1
31670,1
31675,1
31676,1
31677,1
31678,1
31679,1
31685,2
31686,2
31687,2
31688,2
31689,2
31690,2
31696,2
31697,2
31698,2
31699,2
31700,2
31701,2
31825,1
31826,1
31827,1
31828,1
31829,1
31831,1
31832,1
31834,1
31902,2
31903,2
31904,2
31905,2
31906,2
31908,2
31954,1
31955,1
31956,1
31957,1
31958,1
31959,1
38807,1
38808,1
38809,1
38810,1
38811,1
38812,1
38813,1
38814,1
38815,1
38821,1
38822,1
38823,1
38824,1
38825,1
38826,1
38827,1
38828,1
38835,1
38836,1
38842,1
38843,1
38844,1
38845,1
38846,1
38851,1
38852,1
38853,1
38854,1
38855,1
38857,1
38858,1
38859,1
38860,1
38861,1
38862,1
38863,1
38864,1
38865,1
38866,1
38867,1
38868,1
38869,1
38963,1
38964,1
38965,1
38966,1
