10969,2
10970,2
10971,2
10972,2
10973,2
10974,2
10975,2
10976,2
10977,2
10978,2
10979,2
10980,2
10981,2
10982,2
10983,2
10984,2
10985,2
10986,2
10987,2
10988,2
10989,2
10990,2
10991,2
10992,2
10993,2
10994,2
10995,2
10996,2
10997,2
10998,2
10999,2
11000,2
11001,2
11002,2
11003,2
11004,2
11005,2
11006,2
11007,2
14351,1
14352,1
14353,1
14354,1
14355,1
14356,1
14357,1
14358,1
14359,1
14360,1
14361,1
14362,1
14363,1
14364,1
14365,1
14366,1
14367,1
14368,1
14379,1
14380,1
14381,1
14382,1
14383,1
14384,1
14385,1
14386,1
14387,1
14388,1
14389,1
14390,1
14391,1
14392,1
14393,1
14404,1
14405,1
14406,1
14407,1
14408,1
14409,1
14410,1
20997,1
20998,1
20999,1
21000,1
21001,1
21002,1
21003,1
21004,1
21005,1
21006,1
21007,1
21008,1
21009,1
21010,1
21011,1
21012,1
21013,1
21014,1
21015,1
21016,1
21017,1
21018,1
21019,1
21020,1
21021,1
21022,1
21023,1
21024,1
21025,1
21026,1
21027,1
21028,1
21029,1
21030,1
21031,1
21032,1
21033,1
21034,1
21035,1
21036,1
21037,1
21038,1
21039,1
21040,1
21041,1
21042,1
21043,1
21044,1
21045,1
21046,1
21047,1
21048,1
21049,1
21050,1
21051,1
21052,1
21053,1
21054,1
21055,1
21056,1
21057,1
21058,1
21059,1
21446,2
21447,2
21448,2
21449,2
21450,2
21451,2
21457,2
21458,2
21459,2
21460,2
21461,2
21462,2
21534,2
21535,2
21536,2
21537,2
21538,2
21539,2
21574,2
21575,2
21576,2
21577,2
21578,2
21579,2
21580,2
21581,2
21582,2
21583,2
21584,2
21585,2
21586,2
21587,2
21588,2
21589,2
21590,2
21591,2
21592,2
21593,2
21594,2
21595,2
21596,2
21597,2
21598,2
21599,2
21600,2
21601,2
21602,2
21603,2
21604,2
21605,2
21606,2
21607,2
21608,2
21609,2
21610,2
21611,2
21612,2
21623,2
21624,2
21625,2
21665,2
21666,2
21667,2
21668,2
21669,2
21670,2
21671,2
21672,2
21673,2
21674,2
21675,2
21676,2
21677,2
21679,1
21680,1
21681,1
21683,2
21684,2
21685,2
21686,2
21687,2
21688,2
21689,2
21690,2
21691,2
21773,2
21774,2
21775,2
21777,2
21778,2
21779,2
21780,2
21781,2
21782,2
21783,2
21784,2
21785,2
21786,2
21787,2
21788,2
21789,2
21790,2
21791,2
21792,2
21798,2
21799,2
21800,2
40464,1
40465,1
40466,1
40467,1
40468,1
40469,1
40470,1
40513,1
40514,1
40515,1
40516,1
40517,1
40518,1
40519,1
40520,1
