10969,1
10970,1
10971,1
10972,1
10973,1
10974,1
10975,1
10976,1
10977,1
10978,1
10979,1
10980,1
10981,1
10982,1
10983,1
10984,1
10985,1
10986,1
10987,1
10988,1
10989,1
10990,1
10991,1
10992,1
10993,1
10994,1
10995,1
10996,1
10997,1
10998,1
10999,1
11000,1
11001,1
11002,1
11003,1
11004,1
11005,1
11006,1
11007,1
11013,24
11014,24
11015,24
11016,24
11017,24
11018,24
11019,24
11020,24
11021,24
11022,24
11023,24
11024,24
11025,24
11027,24
11028,24
11029,24
11030,24
11031,24
11032,24
11033,24
11034,24
11035,24
11036,24
11037,24
11038,24
11039,24
11040,24
11041,24
11042,24
11043,24
11075,24
11076,24
11077,24
11078,24
11079,24
11080,24
11081,24
11082,24
11083,24
11084,24
11085,24
11086,24
11087,24
11137,16
11138,16
11139,16
11140,16
11141,16
11142,16
11143,16
11144,16
11145,16
11146,16
11147,16
11148,16
11149,16
11150,16
11151,16
11152,16
11153,16
11154,16
11155,16
11156,16
11157,16
11158,16
11159,16
11160,16
11161,16
11167,2
11168,2
11169,2
11170,2
11171,2
11172,2
11173,2
11183,2
11184,2
11185,2
11186,2
11187,2
11188,2
11189,2
11190,2
11191,4
11192,4
11193,4
11194,4
11196,2
11197,2
11198,2
11199,2
11200,2
11201,2
11202,2
11203,2
11204,2
11205,2
11206,2
11207,2
11208,2
11209,2
11210,2
11211,2
11212,2
11213,2
11214,2
11215,2
11216,2
11217,2
11218,2
11219,2
11220,2
11221,2
11222,2
11223,2
11224,2
11225,2
11227,2
11228,2
11229,2
11538,1
11539,1
11540,1
11541,1
11542,1
11543,1
11544,1
11545,1
11546,1
11547,1
11548,1
11549,1
11550,1
19977,1
19978,1
19979,1
19980,1
19981,1
19982,1
19983,1
19984,1
19985,1
19986,1
19987,1
19988,1
19989,1
19990,1
19991,1
19992,1
19993,1
19994,1
19995,1
19996,1
19997,1
19998,1
19999,1
20000,1
20001,1
20002,1
20003,1
20004,1
20005,1
20006,1
20007,1
20008,1
20009,1
20010,1
20011,1
20012,1
20013,1
20014,1
20015,1
20016,1
20017,1
20018,1
20019,1
20020,1
20021,1
20022,1
20023,1
20024,1
20025,1
20026,1
20027,1
20028,1
20029,1
20030,1
20031,1
20032,1
20033,1
20034,1
20035,1
20036,1
20037,1
20038,1
20039,1
20040,1
20041,1
20042,1
20043,1
20044,1
20045,1
20046,1
20047,1
20048,1
20049,1
20050,1
20051,1
20052,1
20053,1
20054,1
20055,1
20056,1
20057,1
20058,1
20059,1
20060,1
20061,1
20062,1
20063,1
20064,1
20065,1
20066,1
20067,1
20068,1
20069,1
20070,1
20071,1
20072,1
20073,1
20074,1
20075,1
20076,1
20077,1
20078,1
20079,1
20080,1
20081,1
20082,1
20083,1
20084,1
20085,1
20086,1
20087,1
20088,1
20089,1
20090,1
20091,1
20092,1
20093,1
20094,1
20095,1
20096,1
20097,1
20098,1
20099,1
20100,1
20101,1
20102,1
20103,1
20104,1
20105,1
20106,1
20107,1
20108,1
20109,1
20110,1
20111,1
20112,1
20113,1
20114,1
20115,1
20116,1
20117,1
20118,1
20119,1
20120,1
20121,1
20122,1
20123,1
20124,1
20125,1
20126,1
20127,1
20128,1
20129,1
20130,1
20131,1
20132,1
20133,1
20134,1
20135,1
20136,1
20137,1
20138,1
20139,1
20140,1
20141,1
20142,1
20143,1
20144,1
20145,1
20146,1
20147,1
20148,1
20149,1
20150,1
20151,1
20152,1
20153,1
20154,1
20155,1
20156,1
20157,1
20158,1
20159,1
20160,1
20161,1
20162,1
20163,1
20164,1
20165,1
20166,1
20167,1
20168,1
20169,1
20170,1
20171,1
20172,1
20173,1
20174,1
20175,1
20176,1
20177,1
20178,1
20179,1
20180,1
20181,1
20182,1
20183,1
20184,1
20185,1
20186,1
20187,1
20188,1
20189,1
20190,1
20191,1
20192,1
20193,1
20194,1
20195,1
20196,1
20197,1
20198,1
20199,1
20200,1
20201,1
20202,1
20203,1
20204,1
20205,1
20206,1
20207,1
20208,1
20209,1
20210,1
20211,1
20212,1
20213,1
20214,1
20215,1
20216,1
20217,1
20218,1
20219,1
20220,1
20221,1
20222,1
20223,1
20224,1
20225,1
20226,1
20227,1
20228,1
20229,1
20230,1
20231,1
20232,1
20233,1
20234,1
20235,1
20236,1
20237,1
20238,1
20239,1
20240,1
20241,1
20242,1
20243,1
20244,1
20245,1
20246,1
20247,1
20248,1
20249,1
20250,1
20251,1
20252,1
20253,1
20254,1
20255,1
20256,1
20257,1
20258,1
20259,1
20260,1
20261,1
20262,1
20263,1
20264,1
20265,1
20266,1
20267,1
20268,1
20269,1
20270,1
20271,1
20272,1
20273,1
20274,1
20275,1
20276,1
20277,1
20278,1
20279,1
20280,1
20281,1
20282,1
20283,1
20284,1
20285,1
20286,1
20287,1
20288,1
20289,1
20290,1
20291,1
20292,1
20293,1
20294,1
20295,1
20296,1
20297,1
20298,1
20299,1
20300,1
20301,1
20302,1
20303,1
20304,1
20305,1
20306,1
20307,1
20308,1
20309,1
20310,1
20311,1
20312,1
20313,1
20314,1
20315,1
20316,1
20317,1
20318,1
20319,1
20320,1
20321,1
20322,1
20323,1
20324,1
20325,1
20326,1
20327,1
20328,1
20329,1
20330,1
20331,1
20332,1
20333,1
20334,1
20335,1
20336,1
20337,1
20338,1
20339,1
20340,1
20341,1
20342,1
20343,1
20344,1
20345,1
20346,1
20347,1
20348,1
20349,1
20350,1
20351,1
20352,1
20353,1
20354,1
20355,1
20356,1
20357,1
20358,1
20359,1
20360,1
20361,1
20362,1
20363,1
20364,1
20365,1
20366,1
20367,1
20368,1
20369,1
20370,1
20371,1
20372,1
20373,1
20374,1
20375,1
20376,1
20377,1
20378,1
20379,1
20380,1
20381,1
20382,1
20383,1
20384,1
20385,1
20386,1
20387,1
20388,1
20389,1
20390,1
20391,1
20392,1
20393,1
20394,1
20395,1
20396,1
20397,1
20398,1
20399,1
20400,1
20401,1
20402,1
20403,1
20404,1
20405,1
20406,1
20407,1
20408,1
20409,1
20410,1
20411,1
20412,1
20413,1
20414,1
20415,1
20416,1
20417,1
20418,1
20419,1
20420,1
20421,1
20422,1
20423,1
20424,1
20425,1
20426,1
20427,1
20428,1
20429,1
20430,1
20431,1
20432,1
20433,1
20434,1
20435,1
20436,1
20437,1
20438,1
20439,1
20440,1
20441,1
20442,1
20443,1
20444,1
20445,1
20446,1
20447,1
20448,1
20449,1
20450,1
20451,1
20452,1
20453,1
20454,1
20455,1
20456,1
20457,1
20458,1
20459,1
20460,1
20461,1
20462,1
20463,1
20464,1
20465,1
20466,1
20467,1
20468,1
20469,1
20470,1
20471,1
20472,1
20473,1
20474,1
20475,1
20476,1
20477,1
20478,1
20479,1
20480,1
20481,1
20482,1
20483,1
20484,1
20485,1
20486,1
20487,1
20488,1
20489,1
20490,1
20491,1
20492,1
20493,1
20494,1
20495,1
20496,1
20497,1
20498,1
20499,1
20500,1
20501,1
20502,1
20503,1
20504,1
20505,1
20506,1
20507,1
20508,1
20509,1
20510,1
20511,1
20512,1
20513,1
20514,1
20515,1
20516,1
20517,1
20518,1
20519,1
20520,1
20521,1
20522,1
20523,1
20524,1
20525,1
20526,1
20527,1
20528,1
20529,1
20530,1
20531,1
20532,1
20533,1
20534,1
20535,1
20536,1
20537,1
20538,1
20539,1
20540,1
20541,1
20542,1
20543,1
20544,1
20545,1
20546,1
20547,1
20548,1
20549,1
20550,1
20551,1
20552,1
20553,1
20554,1
20555,1
20556,1
20557,1
20558,1
20559,1
20560,1
20561,1
20562,1
20563,1
20564,1
20565,1
20566,1
20567,1
20568,1
20569,1
20570,1
20571,1
20572,1
20573,1
20574,1
20575,1
20576,1
20577,1
20578,1
20579,1
20580,1
20581,1
20582,1
20583,1
20584,1
20585,1
20586,1
20587,1
20588,1
20589,1
20590,1
20591,1
20592,1
20593,1
20594,1
20595,1
20596,1
20597,1
20598,1
20599,1
20600,1
20601,1
20602,1
20603,1
20604,1
20605,1
20606,1
20607,1
20608,1
20609,1
20610,1
20611,1
20612,1
20613,1
20614,1
20615,1
20616,1
20617,1
20618,1
20619,1
20620,1
20621,1
20622,1
20623,1
20624,1
20625,1
20626,1
20627,1
20628,1
20629,1
20630,1
20631,1
20632,1
20633,1
20634,1
20635,1
20636,1
20637,1
20638,1
20639,1
20640,1
20641,1
20642,1
20643,1
20644,1
20645,1
20646,1
20647,1
20648,1
20649,1
20650,1
20651,1
20652,1
20653,1
20654,1
20655,1
20656,1
20657,1
20658,1
20659,1
20660,1
20661,1
20662,1
20663,1
20664,1
20665,1
20666,1
20667,1
20668,1
20669,1
20670,1
20671,1
20672,1
20673,1
20674,1
20675,1
20676,1
20677,1
20678,1
20679,1
20680,1
20681,1
20682,1
20683,1
20684,1
20685,1
20686,1
20687,1
20688,1
20689,1
20690,1
20691,1
20692,1
20693,1
20694,1
20695,1
20696,1
20697,1
20698,1
20699,1
20700,1
20701,1
20702,1
20703,1
20704,1
20705,1
20706,1
20707,1
20708,1
20709,1
20710,1
20711,1
20712,1
20713,1
20714,1
20715,1
20716,1
20717,1
20718,1
20719,1
20720,1
20721,1
20722,1
20723,1
20724,1
20725,1
20726,1
20727,1
20728,1
20729,1
20730,1
20731,1
20732,1
20733,1
20734,1
20735,1
20736,1
20737,1
20738,1
20739,1
20740,1
20741,1
20742,1
20743,1
20744,1
20745,1
20746,1
20747,1
20748,1
20749,1
20750,1
20751,1
20752,1
20753,1
20754,1
20755,1
20756,1
20757,1
20758,1
20759,1
20760,1
20761,1
20762,1
20763,1
20764,1
20765,1
20766,1
20767,1
20768,1
20769,1
20770,1
20771,1
20772,1
20773,1
20774,1
20775,1
20776,1
20777,1
20778,1
20779,1
20780,1
20781,1
20782,1
20783,1
20784,1
20785,1
20786,1
20787,1
20788,1
20789,1
20790,1
20791,1
20792,1
20793,1
20794,1
20795,1
20796,1
20797,1
20798,1
20799,1
20800,1
20801,1
20802,1
20803,1
20804,1
20805,1
20806,1
20807,1
20808,1
20809,1
20810,1
20811,1
20812,1
20813,1
20814,1
20815,1
20816,1
20817,1
20818,1
20819,1
20820,1
20821,1
20822,1
20823,1
20824,1
20825,1
20826,1
20827,1
20828,1
20829,1
20830,1
20831,1
20832,1
20833,1
20834,1
20835,1
20836,1
20837,1
20838,1
20839,1
20840,1
20841,1
20842,1
20843,1
20844,1
20845,1
20846,1
20847,1
20848,1
20849,1
20850,1
20851,1
20852,1
20853,1
20854,1
20855,1
20856,1
20857,1
20858,1
20859,1
20860,1
20861,1
20862,1
20863,1
20864,1
20865,1
20866,1
20867,1
20868,1
20869,1
20870,1
20871,1
20872,1
20873,1
20874,1
20875,1
20876,1
20877,1
20878,1
20879,1
20880,1
20881,1
20882,1
20883,1
20884,1
20885,1
20886,1
20887,1
20888,1
20889,1
20890,1
20891,1
20892,1
20893,1
20894,1
20895,1
20896,1
20897,1
20898,1
20899,1
20900,1
20901,1
20902,1
20903,1
20904,1
20905,1
20906,1
20907,1
20908,1
20909,1
20910,1
20911,1
20912,1
20913,1
20914,1
20915,1
20916,1
20917,1
20918,1
20919,1
20920,1
20921,1
20922,1
20923,1
20924,1
20925,1
20926,1
20927,1
20928,1
20929,1
20930,1
20931,1
20932,1
20933,1
20934,1
20935,1
20936,1
20937,1
20938,1
20939,1
20940,1
20941,1
20942,1
20943,1
20944,1
20945,1
20946,1
20947,1
20948,1
20949,1
20950,1
20951,1
20952,1
20953,1
20954,1
20955,1
20956,1
20957,1
20958,1
20959,1
20960,1
20961,1
20962,1
20963,1
20964,1
20965,1
20966,1
20967,1
20968,1
20969,1
20970,1
20971,1
20972,1
20973,1
20974,1
20975,1
20976,1
20977,1
20978,1
21288,39
21289,39
21290,39
21291,39
21292,39
21293,39
21294,39
21295,39
21296,39
21297,39
21298,39
21299,39
21300,39
21301,39
21302,39
21303,39
21304,39
21305,39
21306,39
21307,39
21308,39
21309,39
21310,39
21311,39
21317,57
21318,57
21319,57
21320,57
21321,57
21322,57
21323,57
21324,57
21325,57
21326,57
21327,57
21328,57
21329,57
21330,57
21331,57
21332,57
21341,57
21342,57
21343,57
21344,57
21345,57
21346,57
21347,57
21348,57
21349,57
21350,57
21351,57
21352,57
21361,57
21362,57
21363,57
21364,57
21365,57
21366,57
21367,57
21369,25
21370,25
21371,25
21372,32
21373,32
21374,32
21375,32
21376,32
21377,210
21378,210
21379,210
21381,210
21382,210
21383,210
21384,210
21385,210
21386,210
21387,210
21388,210
21389,210
21390,210
21391,210
21393,178
21395,178
21400,178
21401,178
21402,178
21404,32
21405,32
21406,32
21407,32
21409,32
21410,32
21411,32
21412,32
21435,18
21436,18
21437,18
21438,18
21439,18
21440,18
21468,24
21469,24
21470,24
21471,24
21472,24
21473,24
21490,55
21491,55
21492,55
21493,55
21494,55
21495,55
21501,2
21502,2
21503,2
21504,2
21505,2
21506,2
21512,23
21513,23
21514,23
21515,23
21516,23
21517,23
21523,2
21524,2
21525,2
21526,2
21527,2
21528,2
21627,1
21628,1
21629,1
21630,1
21631,1
21632,1
21633,1
21634,1
21635,1
21636,1
21637,1
21638,1
21639,1
21640,1
21641,1
21642,1
21643,1
21644,1
21645,1
21646,1
21647,1
21648,1
21649,1
21650,1
21651,1
21652,1
21653,1
21654,1
21655,1
21656,1
21657,1
21658,1
21659,1
21665,1
21666,1
21667,1
21668,1
21669,1
21670,1
21671,1
21672,1
21673,1
21674,1
21675,1
21676,1
21677,1
21679,1
21680,1
21681,1
21692,1
21693,1
21694,1
21709,1
21710,1
21711,1
21712,1
21713,1
21714,1
21715,1
21716,1
21717,1
21718,1
21719,1
21720,1
21721,1
21737,1
21738,1
21739,1
21740,1
21741,1
21742,1
21743,1
21744,1
21745,1
21746,1
21747,1
21748,1
21749,1
21750,1
21751,1
21752,1
21753,1
21769,1
21770,1
21771,1
21886,1
21887,1
21888,1
21889,1
21890,1
21891,1
21892,1
21893,1
21894,1
21895,1
21896,1
21897,1
21898,1
21899,1
21900,1
21901,1
21902,1
21903,1
21904,1
21905,1
21906,1
21907,1
21908,1
21909,1
21910,1
21911,1
21912,1
21913,1
21914,1
21915,1
21916,1
21917,1
21918,1
21919,1
21920,1
21921,1
21922,1
21923,1
21924,1
21930,1
21931,1
21932,1
21933,1
21934,1
21935,1
21936,1
21937,1
21938,1
21939,1
21940,1
21941,1
21942,1
21943,1
21944,1
21945,1
21946,1
21947,1
21948,1
21949,1
21950,1
21951,1
21952,1
21953,1
21954,1
21955,1
21956,1
21957,1
21958,1
21959,1
21960,1
21961,1
21962,1
21963,1
21964,1
21965,1
21966,1
21967,1
21968,1
21969,1
21970,1
21971,1
21972,1
21973,1
22142,1
22143,1
22144,1
22145,1
22146,1
22147,1
22148,1
22149,1
22150,1
22151,1
22152,1
22153,1
22154,1
22155,1
22156,1
22157,1
22158,1
22159,1
22160,1
22161,1
22162,1
22163,1
22164,1
22165,1
22166,1
22167,1
22168,1
22169,1
22170,1
22171,1
22172,1
22173,1
22174,1
22175,1
22176,1
22177,1
22178,1
22179,1
22180,1
22181,1
22210,1
22211,1
22212,1
22213,1
22214,1
22215,1
22216,1
22217,1
22218,1
22219,1
22220,1
22221,1
22222,1
22223,1
22224,1
22225,1
22226,1
22227,1
22228,1
22229,1
22230,1
22231,1
22232,1
22233,1
22234,1
22235,1
22236,1
22237,1
22238,1
22239,1
22240,1
22241,1
22242,1
22243,1
22244,1
22245,1
22246,1
22247,1
22248,1
22249,1
22251,1
22252,1
22253,1
22254,1
22255,1
22256,1
22257,1
22258,1
22259,1
22260,1
22261,1
22262,1
22263,1
22264,1
22265,1
22266,25
22267,25
22268,25
22269,25
22271,24
22272,24
22273,24
22274,24
22275,24
22276,24
22277,24
22278,24
22279,24
22280,24
22281,24
22282,24
22283,24
22284,24
22285,24
22286,24
22288,1
22289,1
22290,1
22291,1
22292,1
22293,1
22294,1
22295,1
22296,1
22297,1
22298,1
22299,1
22300,1
22301,1
22302,1
22303,1
22304,1
22305,1
22306,1
22307,1
22308,1
22309,1
22311,23
22312,23
22313,23
22314,23
22315,23
22316,23
22317,23
22318,23
22319,23
22320,23
22321,23
22322,23
22323,23
22324,23
22325,23
22326,23
22327,23
22328,23
22329,23
22330,23
22331,23
22332,23
22333,23
22335,23
22336,23
22337,23
22338,23
22339,23
22340,23
22341,23
22342,23
22343,23
22344,23
22345,23
22346,23
22347,23
22348,23
22349,23
22350,23
22351,23
22352,24
22353,24
22354,24
22355,24
22356,24
22358,18
22359,18
22360,18
22361,18
22362,18
22363,18
22364,18
22365,18
22366,18
22379,18
22380,18
22381,18
22382,18
22383,18
22384,18
22386,18
22387,18
22391,18
22392,18
22393,18
22394,18
22395,18
22396,18
22397,18
22398,18
22399,18
22400,18
22401,18
22402,18
22408,18
22409,18
22410,18
22411,18
22412,18
22413,18
22414,18
22415,18
22416,18
22417,18
22418,18
22419,24
22420,24
22421,24
22422,24
22423,24
22424,24
22425,24
22426,24
22427,24
22428,24
22429,24
22430,24
22431,24
22433,4
22434,4
22435,4
22437,20
22438,20
22439,24
22440,24
22441,24
22442,24
22444,1
22445,1
22446,1
22447,1
22448,1
22449,1
22450,1
22451,1
22452,1
22453,25
22454,25
22455,25
22456,25
22458,24
22459,24
22460,24
22461,24
22462,24
22463,24
22464,24
22465,24
22466,24
22467,24
22468,24
22469,24
22470,24
22471,24
22472,24
22473,24
22474,24
22475,24
22476,24
22477,24
22478,24
22479,24
22480,24
22481,24
22482,24
22483,24
22484,24
22485,24
22487,22
22488,22
22489,22
22490,22
22491,22
22492,22
22493,22
22494,22
22495,22
22496,22
22497,22
22498,22
22499,22
22500,24
22501,24
22502,24
22503,24
22504,24
22505,24
22506,24
22507,24
22508,24
22509,24
22510,24
22511,24
22512,24
22513,24
22514,24
22515,24
22516,24
22518,24
22519,24
22520,24
22521,24
22522,24
22523,24
22524,24
22525,24
22526,24
22527,24
22528,24
22529,24
22530,24
22531,24
22532,24
22533,24
22534,24
22535,24
22536,24
22537,24
22538,24
22539,24
22540,24
22541,24
22542,24
22543,24
22544,24
22545,24
22547,23
22548,23
22549,23
22550,23
22551,23
22552,23
22553,23
22554,23
22555,24
22556,24
22558,1
22559,1
22560,1
22561,1
22567,25
22568,25
22569,25
22570,25
22571,25
22572,25
22573,25
22574,25
22575,25
22576,25
22577,25
22578,25
22579,25
22580,25
22581,25
22582,25
22583,25
22584,25
22586,10
22587,10
22588,10
22589,10
22590,10
22591,10
22592,10
22593,10
22594,10
22595,10
22596,10
22597,10
22598,10
22599,10
22600,15
22601,15
22602,15
22603,15
22604,15
22605,15
22606,15
22607,15
22608,15
22609,15
22610,15
22611,15
22612,15
22613,15
22614,15
22615,15
22616,15
22617,15
22618,15
22619,15
22620,15
22621,15
22622,15
22623,15
22628,15
22629,15
22630,15
22631,15
22632,15
22633,15
22634,15
22635,32
22636,32
22637,32
22638,32
22639,32
22640,32
22641,32
22642,32
22643,32
22644,32
22645,32
22646,32
22647,32
22648,32
22649,32
22650,32
22651,32
22652,32
22653,32
22654,32
22655,32
22656,32
22657,32
22658,32
22659,32
22660,32
22661,32
22662,32
22663,32
22664,32
22665,32
22666,32
22667,32
22668,32
22669,32
22670,32
22672,15
22673,15
22674,15
22675,15
22676,15
22677,15
22678,15
22679,15
22680,15
22681,15
22682,15
22683,17
22684,17
22685,17
22686,17
22687,17
22688,17
22690,17
22691,17
22693,1
22694,1
22695,1
22696,1
22697,17
22698,17
22699,17
22700,17
22701,17
22702,17
22703,17
22704,17
22705,17
22706,17
22707,17
22708,17
22709,17
22710,17
22711,17
22712,17
22713,17
22714,17
22715,17
22716,17
22723,1
22724,1
22725,1
22726,1
22727,1
22728,1
22729,1
22730,1
22731,1
22732,1
22733,1
22734,1
22735,1
22736,1
22737,1
22738,1
22739,1
22740,1
22741,1
22742,1
22743,1
22744,1
22745,2
22746,2
22747,2
22748,2
22749,2
22750,2
22751,2
22753,1
22754,1
22755,1
22766,1
22767,1
22768,1
22769,1
22770,1
22771,1
22772,1
22773,1
22774,1
22775,1
22776,1
22777,1
22778,1
22779,1
22780,1
22782,1
22783,1
22789,1
22790,1
22791,1
22792,1
22798,42
22799,42
22800,42
22801,42
22802,42
22804,42
22805,42
22806,42
22812,42
22813,42
22814,42
22815,42
22816,42
22817,42
22818,42
22819,42
22820,42
22822,42
22823,42
22824,42
22825,42
22826,42
22827,42
22828,42
22829,42
22835,42
22836,42
22837,42
22838,42
22839,42
22840,42
22841,42
22842,42
22843,42
30812,24
30813,24
30814,24
30815,24
30816,24
30817,24
30818,24
30819,24
30820,24
30821,24
30822,24
30823,24
30824,24
30825,24
30826,24
30827,24
30828,24
30829,24
30830,24
30831,24
30832,24
30833,24
30834,24
30835,24
30836,24
30837,24
30838,24
30839,24
30840,24
30841,24
30842,24
30843,24
30844,24
30845,24
30846,24
30847,24
30848,24
30849,24
30850,24
30851,24
30852,24
30853,24
30854,24
30856,18
30857,18
30858,18
30859,18
30860,24
30861,24
30862,24
30863,24
30864,24
30865,24
30866,24
30867,24
31108,18
31109,18
31110,18
31111,18
31112,18
31113,18
31130,48
31131,48
31132,48
31133,48
31134,48
31135,48
31155,192
31156,192
31157,192
31158,192
31159,192
31161,6
31162,6
31164,186
31165,186
31166,186
31167,192
31168,192
31174,48
31175,48
31176,48
31177,48
31178,48
31179,48
31185,47
31186,47
31187,47
31188,47
31189,47
31190,47
31314,24
31315,24
31316,24
31317,24
31318,24
31320,6
31321,6
31323,18
31325,6
31326,24
31327,24
31396,65
31397,65
31398,65
31399,65
31400,65
31404,65
31405,65
31450,24
31451,24
31452,24
31453,24
31454,24
31455,24
31585,1
31586,1
31587,1
31588,1
31589,1
31590,1
31591,1
31592,1
31593,1
31594,1
31630,1
31631,1
31632,1
31633,1
31634,1
31635,1
31636,1
31637,1
31638,1
31639,1
31645,2
31646,2
31647,2
31648,2
31649,2
31650,2
31651,2
31652,2
31653,2
31654,2
38253,23
38254,23
38255,23
38256,23
38257,23
38258,23
38259,23
38260,23
38261,23
38267,23
38268,23
38269,23
38270,23
38271,23
38272,23
38273,23
38274,23
38280,23
38283,23
38284,23
38290,24
38291,24
38292,24
38293,24
38294,24
38296,1
38297,1
38298,1
38299,23
38300,23
38301,23
38302,23
38303,23
38305,23
38306,23
38307,23
38308,23
38309,23
38310,23
38311,23
38312,23
38313,23
38314,23
38315,23
38316,23
38317,23
38345,23
38346,23
38414,23
38415,23
38416,23
38417,23
40178,2
40179,2
40180,2
40181,2
40182,2
40183,2
40184,2
40185,2
40186,2
40187,2
40188,2
40189,2
40190,2
40191,2
40192,2
40198,2
40199,2
40200,2
40201,2
40202,2
40203,2
40204,2
40205,2
40206,2
40207,2
40208,2
40209,2
40210,2
40211,2
40212,2
40213,2
40214,2
40233,2
40234,2
40235,2
40236,2
40237,2
40238,2
40239,2
40240,2
40257,2
40258,2
40259,2
40260,2
40261,2
40262,2
40476,82
40477,82
40478,82
40479,82
40480,82
40481,82
40482,82
40483,82
40484,82
40485,82
40486,82
40487,82
40488,82
40489,82
40490,82
40496,82
40497,82
40498,82
40499,82
40500,82
40501,82
40502,82
40503,82
40504,82
40505,82
40506,82
40507,82
