4414,1
4415,1
4416,1
4417,1
4418,1
4419,1
4420,1
4421,1
4422,1
4423,1
4437,1
4438,1
4439,1
4440,1
4441,1
4443,1
4444,1
4445,1
4446,1
4447,1
4448,1
4449,1
4450,1
4451,1
4452,1
4453,1
4454,1
8216,1
8217,1
8218,1
8219,1
8220,1
8221,1
8222,1
8223,1
8224,1
8225,1
8226,1
8227,1
8228,1
8229,1
8230,1
8231,1
8232,1
8233,1
8234,1
8235,1
8236,1
8237,1
8238,1
8239,1
8240,1
8241,1
8242,1
8243,1
8244,1
8245,1
8246,1
8247,1
8248,1
8249,1
8250,1
8251,1
8252,1
8253,1
8254,1
8255,1
8256,1
8257,1
8258,1
8259,1
8260,1
8261,1
8262,1
8263,1
8264,1
8265,1
8266,1
8267,1
8268,1
8269,1
8270,1
8271,1
8272,1
8273,1
8274,1
8275,1
8276,1
8277,1
8278,1
8279,1
8280,1
8281,1
8282,1
8283,1
8284,1
8285,1
8286,1
8287,1
8288,1
8289,1
8290,1
8291,1
8292,1
8293,1
8294,1
8295,1
8296,1
8297,1
8298,1
8299,1
8300,1
8301,1
8302,1
8303,1
10969,1
10970,1
10971,1
10972,1
10973,1
10974,1
10975,1
10976,1
10977,1
10978,1
10979,1
10980,1
10981,1
10982,1
10983,1
10984,1
10985,1
10986,1
10987,1
10988,1
10989,1
10990,1
10991,1
10992,1
10993,1
10994,1
10995,1
10996,1
10997,1
10998,1
10999,1
11000,1
11001,1
11002,1
11003,1
11004,1
11005,1
11006,1
11007,1
11013,1
11014,1
11015,1
11016,1
11017,1
11018,1
11019,1
11020,1
11021,1
11022,1
11023,1
11024,1
11025,1
11039,1
11040,1
11041,1
11042,1
11043,1
11075,1
11076,1
11077,1
11078,1
11079,1
11080,1
11081,1
11082,1
11083,1
11084,1
11085,1
11086,1
11087,1
11352,1
11353,1
11354,1
11355,1
11356,1
11357,1
11358,1
11359,1
11360,1
11361,1
11362,1
11363,1
11364,1
11365,1
11366,1
11367,1
11368,1
11370,1
11371,1
11372,1
11373,1
11374,1
11375,1
11376,1
11377,1
11378,1
11393,2
11394,2
11395,2
11396,2
11397,2
11398,2
11399,2
11400,2
11401,2
11402,2
11403,2
11404,2
11405,2
11411,1
11412,1
11413,1
11414,1
11415,1
11416,1
11417,1
11418,1
11419,1
11420,1
11421,1
11422,1
11423,1
11443,1
11444,1
11445,1
11446,1
11447,1
11448,1
11449,1
11450,1
11451,1
11614,1
11615,1
11616,1
11617,1
11618,1
11619,1
11620,1
11621,1
11622,1
11623,1
11624,1
11625,1
11626,1
11627,1
11628,1
11629,1
11630,1
11631,1
11632,1
11633,1
11634,1
11635,1
11636,1
11637,1
11638,1
11662,1
11663,1
11664,1
11665,1
11666,1
11667,1
11668,1
11669,1
11670,1
11671,1
11672,1
11673,1
11674,1
12138,1
12139,1
12140,1
12141,1
12142,1
12143,1
12144,1
12145,1
12146,1
12147,1
12148,1
12149,1
12155,1
12156,1
12157,1
12158,1
12159,1
12160,1
12161,1
12162,1
12163,1
12164,1
12165,1
12166,1
12167,1
12168,1
12169,1
12170,1
12171,2
12172,2
12173,2
12174,2
12176,1
12177,1
12178,1
12179,1
12180,1
12181,1
12182,1
12183,1
12184,1
12185,1
12186,1
12188,1
12189,1
12190,1
12191,1
12192,1
12193,1
12194,1
12195,1
12196,1
12197,1
12198,1
12200,1
12201,1
12202,1
12203,1
12204,1
12207,1
12208,1
12209,1
12210,1
12211,1
12212,1
12213,1
12214,1
12220,1
12221,1
12222,1
12223,1
12224,1
12225,1
12226,1
12227,1
12228,1
12229,1
12230,1
12231,1
12327,2
12328,2
12329,2
12330,2
12331,2
12332,2
12333,2
12334,2
12335,2
12336,2
12337,2
12343,2
12344,2
12345,2
12346,2
12347,2
12348,2
12349,2
12350,2
12351,2
12352,2
12353,2
12354,2
12373,3
12374,3
12375,3
12376,3
12377,3
12378,3
12379,3
12380,3
12381,3
12382,3
12383,3
12384,3
12385,3
12386,3
12387,3
12388,3
12389,3
12390,3
12391,3
12392,3
12394,2
12395,2
12396,2
12397,2
12398,2
12399,2
12400,2
12401,2
12402,2
12403,2
12404,2
12405,2
12406,2
12416,2
12417,2
12418,2
12419,2
12423,1
12424,1
12425,1
17563,2
17564,2
17565,2
17566,2
17567,2
17584,2
17585,2
17586,2
17592,1
17593,1
17594,1
17595,1
17596,1
17597,1
17598,1
17610,1
17611,1
17612,1
18096,1
18097,1
18098,1
18099,1
18100,1
18101,1
18102,1
18103,1
18104,1
18105,1
18106,1
18107,1
18108,1
18109,1
18110,1
18111,1
18112,1
18113,1
18114,1
18115,1
18116,1
18117,1
18118,1
18119,1
18120,1
18121,1
18122,1
18123,1
18124,1
18125,1
18126,1
18128,1
18129,1
18130,1
18131,1
18132,1
18138,1
18139,1
18140,1
18146,1
18147,1
18148,1
18149,1
18150,1
18155,1
18156,1
18157,1
18158,1
18159,1
18160,1
18161,2
18162,2
18163,2
18164,2
18166,1
18167,1
18168,1
18169,1
18170,1
18171,1
18172,1
18173,1
18174,1
18175,1
18176,1
18177,1
18178,1
18179,1
18180,1
18181,1
18182,1
18183,1
18184,1
18185,1
18198,1
18199,1
18200,1
18201,1
18202,1
18203,1
18204,1
18205,1
18206,1
18207,1
18208,1
18209,1
18216,1
18217,1
18218,1
18219,1
18220,1
18221,1
18222,1
18223,1
18224,1
18225,1
18226,1
18228,1
18230,1
18231,1
18232,1
18233,1
18234,1
18235,1
18236,1
18237,1
18238,1
18239,1
18240,1
18241,1
18242,1
18244,1
18245,1
18246,1
18247,1
18248,1
18256,1
18257,1
18258,1
18259,1
18260,1
18261,1
18262,1
18263,1
18264,1
18265,1
18290,1
18291,1
18292,1
18293,1
18294,1
18295,1
18296,1
18297,1
18298,1
18299,1
18300,1
18301,1
18303,1
18304,1
18305,1
19138,1
19139,1
19140,1
19141,1
19142,1
19143,1
19144,1
19145,1
19146,1
19147,1
19148,1
19149,1
19150,1
19151,1
19152,1
19153,1
19159,1
19160,1
19161,1
19162,1
19163,1
19164,1
19165,1
19166,1
19167,1
19168,1
19169,1
19170,1
19171,1
19172,1
19173,1
19174,1
19175,1
19176,1
19177,1
19178,1
19179,1
19180,1
19181,1
19182,1
19183,1
19184,1
19185,1
19186,1
19187,1
19188,1
19189,1
19190,1
19191,1
19192,1
19193,1
19194,1
19195,1
19196,1
19197,1
19198,1
19199,1
19200,1
19201,1
19202,1
19203,1
19204,1
19205,1
19220,1
19221,1
19222,1
19223,1
19224,1
19225,1
19226,1
19227,1
19228,1
19229,1
19230,1
19261,1
19262,1
19263,1
19264,1
19265,1
19266,1
19267,1
19268,1
19269,1
19270,1
19271,1
19272,1
19273,1
19274,1
19275,1
19276,1
19277,1
19278,1
19279,1
19285,1
19286,1
19287,1
19288,1
19289,1
19290,1
19304,1
19305,1
19306,1
19307,1
19341,1
19342,1
19343,1
19344,1
19345,1
19346,1
19347,1
19359,1
19360,1
19361,1
19362,1
19363,1
19364,1
19365,1
19366,1
19398,1
19399,1
19400,1
30790,1
30791,1
30792,1
30793,1
30794,1
30795,1
30796,1
30797,1
30798,1
30799,1
30800,1
30801,1
30802,1
30803,1
30804,1
30805,1
30806,1
30812,1
30813,1
30814,1
30815,1
30816,1
30817,1
30818,1
30819,1
30820,1
30821,1
30822,1
30823,1
30824,1
30825,1
30826,1
30827,1
30828,1
30829,1
30830,1
30831,1
30832,1
30833,1
30834,1
30835,1
30836,1
30837,1
30838,1
30839,1
30840,1
30841,1
30842,1
30843,1
30844,1
30845,1
30846,1
30847,1
30848,1
30849,1
30850,1
30851,1
30852,1
30853,1
30854,1
30860,1
30861,1
30862,1
30863,1
30864,1
30865,1
30866,1
30867,1
30873,2
30874,2
30875,2
30876,2
30877,2
30885,2
30886,2
30887,2
30896,2
30899,2
30900,2
30906,2
30907,2
30908,2
30909,2
30910,2
30911,2
30922,2
30923,2
30924,2
30925,2
30926,2
30927,2
30928,2
30929,2
30930,2
30931,2
30932,2
30954,1
30955,1
30956,1
30957,1
30958,1
30959,1
30970,1
30971,1
30972,1
30973,1
30974,1
30975,1
30976,1
30977,1
30978,1
30999,1
31000,1
31001,1
31002,1
31003,1
31004,1
31005,1
31006,1
31007,1
31008,1
31009,1
31010,1
31011,1
31012,1
31013,1
31014,1
31015,1
31016,1
31017,1
31018,1
31019,1
31020,1
31021,1
31055,2
31056,2
31057,2
31058,2
31059,2
31061,2
31062,2
31063,2
31155,3
31156,3
31157,3
31158,3
31159,3
31164,3
31165,3
31166,3
31167,3
31168,3
31185,2
31186,2
31187,2
31188,2
31189,2
31190,2
31271,1
31272,1
31273,1
31274,1
31275,1
31285,1
31286,1
31292,1
31293,1
31294,1
31295,1
31296,1
31297,1
31303,1
31304,1
31305,1
31306,1
31307,1
31308,1
31314,4
31315,4
31316,4
31317,4
31318,4
31320,4
31321,4
31323,4
31326,4
31327,4
31396,1
31397,1
31398,1
31399,1
31400,1
31403,1
31404,1
31405,1
31411,1
31412,1
31413,1
31414,1
31415,1
31416,1
31417,1
31418,1
31435,1
31436,1
31437,1
31438,1
31439,1
31443,1
31444,1
31450,2
31451,2
31452,2
31453,2
31454,2
31455,2
31461,1
31462,1
31463,1
31464,1
31465,1
31466,1
31468,1
31469,1
31470,1
31471,1
31472,1
31473,1
31474,1
31475,1
31476,1
31477,1
31478,1
31479,1
31480,1
31481,2
31482,2
31483,2
31485,1
31486,1
31487,1
31488,1
31489,1
31490,1
31491,1
31492,1
31497,1
31498,1
31499,1
31500,1
31501,1
31502,1
31503,1
31504,1
31505,1
31506,1
31507,1
31508,1
31509,1
31510,1
31511,1
31512,1
31513,1
31514,1
31515,1
31516,1
31517,1
31518,1
31519,1
31520,1
31521,1
31522,1
31523,1
31525,1
31526,1
31527,1
31528,1
31529,1
31530,1
31531,1
31532,1
31533,1
31570,1
31571,1
31572,1
31573,1
31574,1
31575,1
31576,1
31577,1
31578,1
31579,1
31585,1
31586,1
31587,1
31588,1
31589,1
31590,1
31591,1
31592,1
31593,1
31594,1
31615,1
31616,1
31617,1
31618,1
31619,1
31620,1
31621,1
31622,1
31623,1
31624,1
31630,1
31631,1
31632,1
31633,1
31634,1
31635,1
31636,1
31637,1
31638,1
31639,1
31645,1
31646,1
31647,1
31648,1
31649,1
31650,1
31651,1
31652,1
31653,1
31654,1
31660,1
31661,1
31662,1
31663,1
31664,1
31665,1
31666,1
31667,1
31668,1
31669,1
31691,1
31692,1
31693,1
31694,1
31695,1
31696,1
31697,1
31698,1
31699,1
31700,1
38182,4
38183,4
38184,4
38185,4
38186,4
38191,4
38192,4
38193,4
38194,4
38195,4
38196,4
38197,4
38206,4
38207,4
38208,4
38209,4
38210,4
38211,4
38212,4
38221,4
38222,4
38223,4
38224,4
38253,1
38254,1
38255,1
38256,1
38257,1
38258,1
38259,1
38260,1
38261,1
38267,1
38268,1
38269,1
38270,1
38271,1
38272,1
38273,1
38274,1
38280,1
38283,1
38284,1
38290,1
38291,1
38292,1
38293,1
38294,1
38299,1
38300,1
38301,1
38302,1
38303,1
38305,1
38306,1
38307,1
38308,1
38309,1
38310,1
38311,1
38312,1
38313,1
38314,1
38315,1
38316,1
38317,1
38345,1
38346,1
38414,1
38415,1
38416,1
38417,1
38451,1
38452,1
38453,1
38454,1
38455,1
38456,1
38457,1
38458,1
38459,1
38460,1
38461,1
38462,1
38468,1
38469,1
38470,1
38471,1
38472,1
38473,1
38474,1
38475,1
38476,1
38477,1
38478,1
38479,1
38480,1
38481,1
38482,1
38483,1
38484,1
38485,1
38486,1
38487,1
38488,1
38489,1
38490,1
38491,1
38492,1
38493,1
38494,1
38495,1
38496,1
38497,1
38498,1
38499,1
38500,1
38501,1
38502,1
38503,1
38504,1
38505,1
38506,1
38507,1
38508,1
38509,1
38510,1
38511,1
38512,1
38513,1
38514,1
38515,1
38516,1
38517,1
38518,1
38519,1
38520,1
38521,1
38522,1
38523,1
38524,1
38525,1
38526,1
38527,1
38528,1
38529,1
38530,1
38531,1
38532,1
38533,1
38534,1
38535,1
38536,1
38537,1
38538,1
38550,1
38551,1
38552,1
38553,1
38590,1
38591,1
38592,1
38593,1
38594,1
38595,1
38596,1
38597,1
38692,1
38693,1
38694,1
38695,1
38696,1
38697,1
38698,1
38699,1
38700,1
38701,1
38702,1
38703,1
38704,1
38705,1
38706,1
38707,1
38708,1
38709,1
38710,1
38711,1
38712,1
38713,1
38714,1
38715,1
38716,1
38717,1
38718,1
38719,1
38720,1
38811,1
38812,1
38813,1
38814,1
38815,1
38816,1
38817,1
38818,1
38819,1
38820,1
