1481,1
1482,1
1483,1
1484,1
1485,1
1486,1
1487,1
1493,2
1494,2
1495,2
1496,2
1497,2
1498,2
1499,2
1511,2
1512,2
1513,2
1520,10
1521,10
1522,10
1523,10
1524,10
1525,10
1531,2
1532,2
1533,2
1534,2
1535,2
1536,2
1542,2
1543,2
1544,2
1545,2
1546,2
1547,2
1548,2
1549,2
1550,2
1551,2
1552,2
1553,2
1554,2
1555,2
1603,2
1604,2
1605,2
1606,2
1607,2
1608,2
1609,2
1610,2
1611,2
1612,2
1613,2
1614,2
1615,2
1617,3
1618,3
1619,3
1620,3
1621,3
1622,3
1623,3
1624,3
1625,3
1626,3
1627,5
1628,5
1629,5
1630,5
1631,5
1633,2
1634,2
1635,2
1636,2
1637,2
1638,2
1639,2
1640,2
1653,2
1654,2
1655,2
1656,2
1657,2
1659,2
1660,2
1661,2
1662,2
1663,2
1664,2
1665,2
1666,2
1667,2
1668,2
1669,2
1670,2
1671,2
1672,2
1673,2
1674,2
1675,2
1676,2
1677,2
1678,2
1685,2
1686,2
1687,2
1688,2
1689,2
1690,2
1691,2
1692,2
1693,2
1694,2
1695,2
1696,2
1697,2
1698,2
1699,2
1700,2
1701,2
1702,2
1703,2
1704,2
1705,2
1706,2
1707,2
1709,2
1710,2
1711,2
1712,2
1713,2
1714,2
1715,2
1716,2
1717,2
1718,2
1719,2
1720,2
1721,2
1729,2
1730,2
1731,2
1732,2
1733,2
1734,2
1735,2
1758,2
1759,2
1760,2
1761,2
1762,2
1763,2
1764,2
1766,2
1767,2
1768,2
1791,2
1792,2
1793,2
1794,2
1795,2
1796,2
1797,2
1798,2
1799,2
1800,2
1817,2
1818,2
1819,2
1852,4
1853,4
1854,4
1855,4
1856,4
1858,2
1859,2
1860,2
1861,2
1862,2
1863,2
1864,2
1865,2
1866,2
1867,2
1868,2
1869,2
1870,2
1871,2
1872,2
1878,2
1879,2
1880,2
1881,2
1882,2
1884,2
1885,2
1886,2
1887,2
1888,2
1889,2
1890,2
1891,2
1892,2
1893,2
1894,2
1895,2
1896,2
1897,2
1899,1
1900,1
1901,1
1902,1
1903,1
1913,2
1914,2
1915,2
1916,2
1917,2
1918,2
1919,2
1920,2
1921,2
1922,2
1923,2
1924,2
1937,4
1938,4
1939,4
1940,4
1941,4
1943,2
1944,2
1945,2
1946,2
1947,2
1962,2
1963,2
1964,2
1970,2
1971,2
1972,2
1973,2
1974,2
1975,2
1976,2
1977,2
1978,2
1979,2
1980,2
1981,2
1982,2
1983,2
1984,2
2008,2
2009,2
2010,2
2011,2
2012,2
2013,2
2014,2
2015,2
2016,2
2017,2
2018,2
2019,2
2020,2
2021,2
2022,2
2023,2
2024,2
2025,2
2026,2
2027,2
2028,2
2029,2
2031,2
2032,2
2033,2
2034,2
2035,2
2036,2
2037,2
2038,2
2039,2
2040,2
2041,2
2042,2
2043,2
2044,2
2045,2
2046,2
2047,2
2048,2
2049,2
2055,2
2056,2
2057,2
2058,2
2059,2
2061,2
2062,2
2063,2
2228,2
2229,2
2230,2
2231,2
2232,2
2233,2
2234,2
2235,2
2236,2
2237,2
2238,2
2239,2
2240,2
2241,2
2242,2
2243,2
2244,2
2245,2
2246,2
2247,2
2248,2
2249,2
2255,2
2256,2
2257,2
2258,2
2259,2
2260,2
2261,2
2273,2
2274,2
2275,2
2276,2
2277,2
2278,2
2279,2
2280,2
2312,2
2313,2
2314,2
10928,1
10929,1
10930,1
10931,1
10932,1
10933,1
10934,1
10935,1
10936,1
10937,1
10938,1
10939,1
10940,1
10941,1
10942,1
10943,1
10944,1
10945,1
10946,1
10947,1
10948,1
10949,1
10950,1
10951,1
10952,1
10953,1
10954,1
10955,1
10956,1
10957,1
10958,1
10959,1
10960,1
10961,1
10962,1
10963,1
10964,1
10965,1
10966,1
10967,1
10968,1
10974,2
10975,2
10976,2
10977,2
10978,2
10979,2
10980,2
10981,2
10982,2
10983,2
10984,2
10985,2
10986,2
10988,2
10989,2
10990,2
10991,2
10992,2
10993,2
10994,2
10995,2
10996,2
10997,2
10998,2
10999,2
11000,2
11001,2
11002,2
11003,2
11004,2
11036,2
11037,2
11038,2
11039,2
11040,2
11041,2
11042,2
11043,2
11044,2
11045,2
11046,2
11047,2
11048,2
11098,1
11099,1
11100,1
11101,1
11102,1
11103,1
11104,1
11105,1
11106,1
11107,1
11108,1
11109,1
11110,1
11111,1
11112,1
11113,1
11114,1
11115,1
11116,1
11117,1
11118,1
11119,1
11120,1
11121,1
11122,1
11313,4
11314,4
11315,4
11316,4
11317,4
11318,4
11319,4
11320,4
11321,4
11322,4
11323,4
11324,4
11325,4
11326,4
11327,4
11328,4
11329,4
11331,4
11332,4
11333,4
11334,4
11335,4
11336,4
11337,4
11338,4
11339,4
11354,2
11355,2
11356,2
11357,2
11358,2
11359,2
11360,2
11361,2
11362,2
11363,2
11364,2
11365,2
11366,2
11372,2
11373,2
11374,2
11375,2
11376,2
11377,2
11378,2
11379,2
11380,2
11381,2
11382,2
11383,2
11384,2
11404,2
11405,2
11406,2
11407,2
11408,2
11409,2
11410,2
11411,2
11412,2
11441,6
11442,6
11443,6
11444,6
11445,6
11446,6
11447,6
11448,6
11449,6
11450,6
11451,6
11452,6
11453,6
11454,6
11455,6
11456,6
11457,6
11459,1
11460,1
11461,1
11462,1
11463,1
11464,1
11466,1
11467,5
11468,5
11497,2
11498,2
11499,2
11500,2
11501,2
11502,2
11503,2
11504,2
11505,2
11506,2
11507,2
11508,2
11509,2
11573,2
11574,2
11575,2
11576,2
11577,2
11578,2
11579,2
11580,2
11581,2
11582,2
11583,2
11584,2
11585,2
11586,2
11587,2
11588,2
11589,2
11590,2
11591,2
11592,2
11593,2
11594,2
11595,2
11596,2
11597,2
11621,2
11622,2
11623,2
11624,2
11625,2
11626,2
11627,2
11628,2
11629,2
11630,2
11631,2
11632,2
11633,2
11965,1
11966,1
11967,1
11968,1
11969,1
11970,1
11971,1
11972,1
11973,1
11974,1
11975,1
11976,1
12002,1
12003,1
12004,1
12005,1
12006,1
12011,1
12012,1
12013,1
12014,1
12015,1
12016,1
12017,1
12018,1
12019,1
12020,1
12023,1
12024,1
12025,1
12026,1
12027,1
12028,1
12029,1
12060,1
12061,1
12062,1
12063,1
12064,1
12065,1
12066,1
12067,1
12068,1
12069,1
12070,1
12071,1
12114,1
12115,1
12116,1
12117,1
12118,1
12119,1
12120,1
12121,1
12122,1
12123,1
12124,1
12125,1
12126,1
12127,1
12128,1
12129,1
12131,1
12132,1
12133,1
12134,1
12135,1
12136,1
12137,1
12138,1
12139,1
12140,1
12141,1
12142,1
12144,1
12145,1
12146,1
12147,1
12148,1
12149,1
12150,1
12151,1
12152,1
12153,2
12154,2
12155,2
12156,2
12157,2
12159,1
12160,1
12161,1
12162,1
12163,1
12166,1
12167,1
12168,1
12169,1
12170,1
12171,1
12172,1
12173,1
12286,1
12287,1
12288,1
12289,1
12290,1
12291,1
12292,1
12293,1
12294,1
12295,1
12296,1
12302,1
12303,1
12304,1
12305,1
12306,1
12307,1
12308,1
12309,1
12310,1
12311,1
12312,1
12313,1
12332,2
12333,2
12334,2
12335,2
12336,2
12337,2
12338,2
12339,2
12340,2
12341,2
12342,2
12343,2
12344,2
12345,2
12346,2
12347,2
12349,2
12350,2
12351,2
12352,2
12353,2
12354,2
12355,2
12356,2
12357,2
12358,2
12359,2
12360,2
12361,2
12362,2
12364,1
12365,1
12366,1
12367,1
12368,1
12369,1
12370,1
12372,1
12373,1
12374,1
12375,1
12376,3
12377,3
12378,3
12379,3
12380,3
12382,1
12383,1
12384,1
25303,1
25304,1
25305,1
25306,1
25307,1
25308,1
25309,1
25310,1
25311,1
25312,1
25313,1
25314,1
25315,1
25316,1
25317,1
25318,1
25319,1
25320,1
25321,1
25322,1
25323,1
25324,1
25325,1
25326,1
25327,1
25328,1
25329,1
25330,1
25331,1
25332,1
25333,1
25334,1
25335,1
25336,1
25337,1
25338,1
25339,1
25340,1
25341,1
25342,1
25343,1
25344,1
25345,1
25346,1
25347,1
25348,1
25349,1
25350,1
25351,1
25352,1
25353,1
25354,1
25355,1
25356,1
25357,1
25358,1
25359,1
25360,1
25361,1
25362,1
25363,1
25364,1
25365,1
25366,1
25367,1
25368,1
25369,1
25370,1
25371,1
25372,1
25373,1
25374,1
25375,1
25376,1
25377,1
25378,1
25379,1
25380,1
25381,1
25382,1
25383,1
25384,1
25385,1
25386,1
25387,1
25388,1
25389,1
25390,1
25391,1
25392,1
25393,1
25394,1
25395,1
25396,1
25397,1
25398,1
25399,1
25400,1
25401,1
25402,1
25582,1
25583,1
25584,1
25585,1
25586,1
25587,1
25588,1
25589,1
25590,1
25591,1
25592,1
25593,1
25594,1
25595,1
25596,1
25597,1
25598,1
25734,2
25735,2
25736,2
25737,2
25738,2
25739,2
25740,2
25741,2
25742,2
25743,2
25744,2
25745,2
25746,2
25747,2
25748,2
25749,2
25750,2
25751,2
25752,2
25753,2
25754,2
25755,2
25756,2
25757,2
25759,4
25760,4
25761,4
25762,4
25763,4
25764,4
25765,4
25766,4
25767,4
25768,4
25769,4
25770,4
25771,4
25773,4
25774,4
25775,4
25776,4
25777,4
25790,4
25791,4
25792,4
25793,4
25794,4
25795,4
25796,4
25914,4
25915,4
25916,4
25917,4
25918,4
25919,4
25920,4
25922,2
25923,2
25924,2
25925,2
25926,2
25934,2
25935,2
25936,2
25937,2
25938,2
25939,2
25940,2
25941,2
25942,2
25943,2
26025,2
26026,2
26027,2
26028,2
26029,2
26030,2
26031,2
26032,2
26033,4
26034,4
26035,4
26036,4
26037,4
26038,4
26039,6
26040,6
26041,6
26042,6
26043,6
26045,2
26046,2
26047,2
26048,2
26049,2
26050,2
26051,2
26052,2
26053,2
26059,4
26060,4
26061,4
26062,4
26063,4
26064,4
26085,4
26086,4
26087,4
26093,2
26094,2
26095,2
26096,2
26097,2
26098,2
26099,2
26100,2
26101,2
26102,2
26103,2
26104,2
26105,2
26106,2
26112,2
26113,2
26114,2
26115,2
26116,2
26117,2
26139,2
26140,2
26141,2
26142,2
26143,2
26144,2
26145,2
26146,2
26147,2
26148,2
26149,2
26155,2
26156,2
26157,2
26158,2
26159,2
26160,2
26173,2
26174,2
26175,2
26176,2
26177,2
26178,2
26179,2
26180,2
26182,2
26183,2
26184,2
26185,2
26186,2
26187,2
26188,2
26189,2
26190,2
26191,2
26192,2
26193,2
26194,2
26195,2
26196,2
26197,2
26198,2
26199,2
26200,2
26201,2
26202,2
31323,2
31324,2
31325,2
31326,2
31327,2
31328,2
31329,2
31330,2
31331,2
31332,2
31333,2
31334,2
31335,2
31336,2
31337,2
31338,2
31339,2
31340,2
31341,2
31342,2
31343,2
31344,2
31345,2
31346,2
31347,2
31348,2
31349,2
31350,2
31351,2
31352,2
31353,2
31354,2
31355,2
31356,2
31357,2
31358,2
31359,2
31360,2
31361,2
31362,2
31363,2
31364,2
31365,2
31367,2
31368,2
31369,2
31370,2
31371,2
31372,2
31373,2
31374,2
31375,2
31376,2
31377,2
31378,2
31384,2
31385,2
31386,2
31387,2
31388,2
31396,2
31397,2
31398,2
31400,2
31401,2
31402,2
31403,2
31404,2
31405,2
31407,2
31408,2
31416,2
31417,2
31418,2
31419,2
31420,2
31421,2
31432,2
31433,2
31434,2
31435,2
31436,2
31437,2
31438,2
31439,2
31440,2
31441,2
31442,2
31468,2
31469,2
31470,2
31471,2
31472,2
31473,2
31484,2
31485,2
31486,2
31487,2
31488,2
31489,2
31490,2
31491,2
31492,2
31498,3
31499,3
31500,3
31501,3
31502,3
31503,3
31504,3
31505,3
31506,3
31507,3
31513,2
31514,2
31515,2
31516,2
31517,2
31518,2
31519,2
31520,2
31521,2
31522,2
31523,2
31524,2
31525,2
31526,2
31527,2
31528,2
31529,2
31530,2
31531,2
31532,2
31533,2
31534,2
31535,2
31567,1
31568,1
31569,1
31570,1
31571,1
31573,1
31574,1
31575,1
31666,4
31667,4
31668,4
31669,4
31670,4
31675,4
31676,4
31677,4
31678,4
31679,4
31685,3
31686,3
31687,3
31688,3
31689,3
31690,3
31696,2
31697,2
31698,2
31699,2
31700,2
31701,2
31782,2
31783,2
31784,2
31785,2
31786,2
31789,2
31790,2
31791,2
31792,2
31793,2
31794,2
31795,2
31796,2
31797,2
31814,1
31815,1
31816,1
31817,1
31818,1
31819,1
31825,4
31826,4
31827,4
31828,4
31829,4
31835,4
31836,4
31902,2
31903,2
31904,2
31905,2
31906,2
31908,2
31916,2
31917,2
31918,2
31919,2
31920,2
31921,2
31922,2
31923,2
31940,2
31941,2
31942,2
31943,2
31944,2
31947,2
31948,2
31954,4
31955,4
31956,4
31957,4
31958,4
31959,4
31965,2
31966,2
31967,2
31968,2
31969,2
31970,2
32031,2
32032,2
32033,2
32034,2
32035,2
32036,2
32037,2
32038,2
32039,2
38695,2
38696,2
38697,2
38698,2
38699,2
38700,2
38701,2
38702,2
38703,2
38704,2
38705,2
38738,2
38739,2
38740,2
38741,2
38747,12
38748,12
38749,12
38750,12
38751,12
38756,12
38757,12
38758,12
38759,12
38760,12
38761,12
38762,12
38771,12
38772,12
38773,12
38774,12
38775,12
38776,12
38777,12
38779,8
38780,8
38781,8
38782,8
38783,8
38784,8
38785,8
38786,4
38787,4
38788,4
38789,4
38807,2
38808,2
38809,2
38810,2
38811,2
38812,2
38813,2
38814,2
38815,2
38821,2
38822,2
38823,2
38824,2
38825,2
38826,2
38827,2
38828,2
38835,2
38836,2
38842,2
38843,2
38844,2
38845,2
38846,2
38851,2
38852,2
38853,2
38854,2
38855,2
38857,2
38858,2
38859,2
38860,2
38861,2
38862,2
38863,2
38864,2
38865,2
38866,2
38867,2
38868,2
38869,2
38963,2
38964,2
38965,2
38966,2
