1497,1
1498,1
1499,1
1500,1
1501,1
1502,1
1503,1
1515,1
1516,1
1517,1
1524,10
1525,10
1526,10
1527,10
1528,10
1529,10
1535,1
1536,1
1537,1
1538,1
1539,1
1540,1
1586,1
1587,1
1588,1
1589,1
1590,1
1591,1
1592,1
1593,1
1594,1
1595,1
1596,1
1597,1
1598,1
1599,1
1600,1
1601,1
1607,1
1608,1
1609,1
1610,1
1611,1
1612,1
1613,1
1614,1
1615,1
1616,1
1617,1
1618,1
1619,1
1620,3
1621,3
1622,3
1623,3
1625,2
1626,2
1627,2
1628,2
1629,2
1630,2
1631,2
1632,2
1633,2
1634,2
1635,2
1637,1
1638,1
1639,1
1640,1
1641,1
1642,1
1643,1
1644,1
1645,1
1646,1
1647,1
1648,1
1663,1
1664,1
1665,1
1666,1
1667,1
1668,1
1669,1
1670,1
1671,1
1672,1
1673,1
1674,1
1675,1
1676,1
1677,1
1678,1
1679,1
1680,1
1681,1
1682,1
1689,1
1690,1
1691,1
1692,1
1693,1
1694,1
1695,1
1696,1
1697,1
1698,1
1699,1
1700,1
1701,1
1702,1
1703,1
1704,1
1705,1
1706,1
1707,1
1708,1
1709,1
1710,3
1711,3
1712,3
1713,3
1714,3
1716,2
1717,2
1718,2
1719,2
1720,2
1721,2
1722,2
1723,2
1724,2
1725,2
1726,2
1727,2
1728,2
1734,2
1735,2
1736,2
1737,2
1738,2
1739,2
1740,2
1759,2
1760,2
1761,2
1762,2
1763,2
1764,2
1765,2
1767,2
1768,2
1769,2
1790,2
1791,2
1792,2
1793,2
1794,2
1795,2
1796,2
1797,2
1814,2
1815,2
1816,2
1849,2
1850,2
1852,1
1853,1
1854,1
1855,1
1856,1
1857,1
1858,1
1859,1
1860,1
1861,1
1862,1
1863,1
1864,1
1865,1
1866,1
1872,2
1873,2
1874,2
1875,4
1876,4
1877,4
1878,4
1879,4
1881,3
1882,3
1883,3
1884,3
1885,3
1886,3
1887,3
1888,3
1889,3
1890,3
1891,3
1892,3
1893,3
1894,3
1896,1
1897,1
1898,1
1899,1
1900,1
1902,1
1903,1
1904,1
1905,1
1906,1
1907,1
1908,1
1910,2
1911,2
1912,2
1913,2
1914,2
1915,2
1916,2
1917,2
1918,2
1919,2
1920,2
1921,2
1935,2
1936,2
1938,2
1939,2
1940,2
1941,2
1942,2
1957,2
1958,2
1959,2
1965,2
1966,2
1967,2
1968,2
1969,2
1970,2
1971,2
1972,2
1973,2
1974,2
1975,2
1976,2
1977,2
1978,2
1979,2
2005,2
2006,2
2007,2
2008,2
2009,2
2010,2
2011,2
2012,2
2013,2
2014,2
2015,2
2016,2
2017,2
2018,2
2019,2
2020,2
2021,2
2022,2
2023,2
2024,2
2025,2
2026,2
2028,2
2029,2
2030,2
2031,2
2032,2
2033,2
2034,2
2035,2
2036,2
2037,2
2038,2
2039,2
2040,2
2041,2
2042,2
2043,2
2044,2
2045,2
2046,2
2052,1
2053,1
2054,1
2055,1
2056,1
2061,1
2062,1
2063,1
2064,1
2065,1
2066,1
2067,2
2068,2
2069,2
2070,2
2072,1
2073,1
2074,1
2075,1
2076,1
2077,1
2078,1
2079,1
2080,1
2081,1
2082,1
2083,1
2084,1
2085,1
2086,1
2087,1
2088,1
2089,1
2090,1
2091,1
2104,1
2105,1
2106,1
2107,1
2108,1
2109,1
2110,1
2111,1
2112,1
2113,1
2114,1
2115,1
2122,1
2123,1
2124,1
2125,1
2126,1
2127,1
2128,1
2129,1
2130,1
2131,1
2132,1
2216,1
2217,1
2219,1
2220,1
2221,1
2227,1
2228,1
2229,1
2230,1
2231,1
2232,1
2233,1
2234,1
2235,1
2236,1
2237,1
2238,1
2239,1
2240,1
2241,1
2242,1
2243,1
2244,1
2245,1
2246,1
2247,1
2248,1
2254,2
2255,2
2256,2
2257,2
2258,2
2259,2
2260,2
2272,2
2273,2
2274,2
2275,2
2276,2
2277,2
2278,2
2279,2
2311,2
2312,2
2313,2
4414,1
4415,1
4416,1
4417,1
4418,1
4419,1
4420,1
4421,1
4422,1
4423,1
4425,1
4426,1
4427,1
4428,1
4429,1
4430,1
4431,1
4432,1
4433,1
4434,1
4435,1
4436,1
8525,1
8526,1
8527,1
8528,1
8529,1
8530,1
8531,1
8532,1
8533,1
8534,1
8535,1
8536,1
8537,1
8538,1
8539,1
8540,1
8541,1
8542,1
8543,1
8544,1
8545,1
8546,1
8547,1
8548,1
8549,1
8550,1
8551,1
8552,1
8553,1
8554,1
8555,1
8556,1
8557,1
8558,1
8559,1
8560,1
8561,1
8562,1
8563,1
8564,1
8565,1
8566,1
8567,1
8568,1
8569,1
8570,1
8571,1
8572,1
8573,1
8574,1
8575,1
8576,1
8577,1
8578,1
8579,1
8580,1
8581,1
8582,1
8583,1
8584,1
8585,1
8586,1
8587,1
8588,1
8589,1
8590,1
8591,1
8592,1
8593,1
8594,1
8595,1
8596,1
8597,1
8598,1
8599,1
8600,1
8601,1
8602,1
8603,1
8604,1
8605,1
8606,1
8607,1
8608,1
8609,1
8610,1
8611,1
8612,1
8613,1
8614,1
8615,1
8616,1
8617,1
8618,1
8619,1
8620,1
8621,1
8622,1
8623,1
8624,1
8625,1
8626,1
8627,1
8628,1
8629,1
8630,1
8631,1
8632,1
8633,1
8634,1
8635,1
8636,1
8637,1
8638,1
8639,1
8640,1
8641,1
8642,1
8643,1
8644,1
8645,1
8646,1
8647,1
8648,1
8649,1
8650,1
8651,1
8652,1
8653,1
8654,1
8655,1
8656,1
8657,1
8658,1
8659,1
8660,1
8661,1
8662,1
8663,1
10969,1
10970,1
10971,1
10972,1
10973,1
10974,1
10975,1
10976,1
10977,1
10978,1
10979,1
10980,1
10981,1
10982,1
10983,1
10984,1
10985,1
10986,1
10987,1
10988,1
10989,1
10990,1
10991,1
10992,1
10993,1
10994,1
10995,1
10996,1
10997,1
10998,1
10999,1
11000,1
11001,1
11002,1
11003,1
11004,1
11005,1
11006,1
11007,1
11013,2
11014,2
11015,2
11016,2
11017,2
11018,2
11019,2
11020,2
11021,2
11022,2
11023,2
11024,2
11025,2
11039,2
11040,2
11041,2
11042,2
11043,2
11075,2
11076,2
11077,2
11078,2
11079,2
11080,2
11081,2
11082,2
11083,2
11084,2
11085,2
11086,2
11087,2
11352,5
11353,5
11354,5
11355,5
11356,5
11357,5
11358,5
11359,5
11360,5
11361,5
11362,5
11363,5
11364,5
11365,5
11366,5
11367,5
11368,5
11370,5
11371,5
11372,5
11373,5
11374,5
11375,5
11376,5
11377,5
11378,5
11393,3
11394,3
11395,3
11396,3
11397,3
11398,3
11399,3
11400,3
11401,3
11402,3
11403,3
11404,3
11405,3
11411,1
11412,1
11413,1
11414,1
11415,1
11416,1
11417,1
11418,1
11419,1
11420,1
11421,1
11422,1
11423,1
11443,1
11444,1
11445,1
11446,1
11447,1
11448,1
11449,1
11450,1
11451,1
11480,7
11481,7
11482,7
11483,7
11484,7
11485,7
11486,7
11487,7
11488,7
11489,7
11490,7
11491,7
11492,7
11493,7
11494,7
11495,7
11496,7
11498,2
11499,2
11500,2
11501,2
11502,2
11503,2
11505,5
11507,2
11508,7
11509,7
11538,1
11539,1
11540,1
11541,1
11542,1
11543,1
11544,1
11545,1
11546,1
11547,1
11548,1
11549,1
11550,1
11614,1
11615,1
11616,1
11617,1
11618,1
11619,1
11620,1
11621,1
11622,1
11623,1
11624,1
11625,1
11626,1
11627,1
11628,1
11629,1
11630,1
11631,1
11632,1
11633,1
11634,1
11635,1
11636,1
11637,1
11638,1
11662,2
11663,2
11664,2
11665,2
11666,2
11667,2
11668,2
11669,2
11670,2
11671,2
11672,2
11673,2
11674,2
12043,2
12044,2
12045,2
12046,2
12047,2
12052,2
12053,2
12054,2
12055,2
12056,2
12057,2
12058,2
12059,2
12060,2
12061,2
12064,2
12065,2
12066,2
12067,2
12068,2
12069,2
12070,2
12101,2
12102,2
12103,2
12104,2
12105,2
12106,2
12107,2
12108,2
12109,2
12110,2
12111,2
12112,2
12155,2
12156,2
12157,2
12158,2
12159,2
12160,2
12161,2
12162,2
12163,2
12164,2
12165,2
12166,2
12167,2
12168,2
12169,2
12170,2
12171,6
12172,6
12173,6
12174,6
12176,4
12177,4
12178,4
12179,4
12180,4
12181,4
12182,4
12183,4
12184,4
12185,4
12186,4
12188,2
12189,2
12190,2
12191,2
12192,2
12193,2
12194,2
12195,2
12196,2
12197,4
12198,4
12200,2
12201,2
12202,2
12203,2
12204,2
12207,2
12208,2
12209,2
12210,2
12211,2
12212,2
12213,2
12214,2
12327,4
12328,4
12329,4
12330,4
12331,4
12332,4
12333,4
12334,4
12335,4
12336,4
12337,4
12343,4
12344,4
12345,4
12346,4
12347,4
12348,4
12349,4
12350,4
12351,4
12352,4
12353,4
12354,4
12373,6
12374,6
12375,6
12376,6
12377,6
12378,6
12379,6
12380,6
12381,6
12382,6
12383,6
12384,6
12385,6
12386,6
12387,6
12388,6
12389,10
12390,10
12391,10
12392,10
12394,9
12395,9
12396,9
12397,9
12398,9
12399,9
12400,9
12401,9
12402,9
12403,9
12404,9
12405,9
12406,9
12408,4
12409,4
12410,4
12411,4
12412,4
12413,4
12414,4
12416,5
12417,5
12418,5
12419,5
12420,4
12421,4
12423,1
12424,1
12425,1
25361,1
25362,1
25363,1
25364,1
25365,1
25366,1
25367,1
25368,1
25369,1
25370,1
25371,1
25372,1
25373,1
25374,1
25375,1
25376,1
25377,1
25378,1
25379,1
25380,1
25381,1
25382,1
25383,5
25384,5
25385,5
25386,5
25387,5
25389,4
25390,4
25391,4
25392,4
25393,4
25394,4
25395,4
25396,4
25397,4
25398,4
25399,4
25400,4
25401,4
25403,4
25404,4
25405,4
25406,4
25407,4
25418,4
25419,4
25420,4
25421,4
25422,4
25423,4
25424,4
25543,4
25544,4
25545,4
25546,4
25547,4
25548,4
25549,4
25551,2
25552,2
25553,2
25554,2
25555,2
25563,2
25564,2
25565,2
25566,2
25567,2
25568,2
25569,2
25570,2
25653,2
25654,2
25655,2
25656,2
25657,2
25658,2
25659,2
25660,2
25661,4
25662,4
25663,4
25664,4
25665,4
25666,4
25667,4
25668,4
25670,1
25671,1
25672,1
25673,1
25674,1
25675,1
25676,1
25677,1
25678,1
25684,4
25685,4
25686,4
25687,4
25688,4
25689,4
25708,4
25709,4
25710,4
25716,1
25717,1
25718,1
25719,1
25720,1
25721,1
25722,1
25723,1
25724,1
25725,1
25726,1
25727,1
25728,1
25729,1
25735,2
25736,2
25737,2
25738,2
25739,2
25740,2
25762,2
25763,2
25764,2
25765,2
25766,2
25767,2
25768,2
25769,2
25770,2
25771,2
25772,2
25778,2
25779,2
25780,2
25781,2
25782,2
25783,2
25796,2
25797,2
25798,2
25799,2
25800,2
25801,2
25802,2
25803,2
25805,2
25806,2
25807,2
25808,2
25809,2
25810,2
25811,2
25812,2
25813,2
25814,2
25815,2
25816,2
25817,2
25818,2
25819,2
25820,2
25821,2
25822,2
25823,2
25824,2
25825,2
30790,2
30791,2
30792,2
30793,2
30794,2
30795,2
30796,2
30797,2
30798,2
30799,2
30800,2
30801,2
30802,2
30803,2
30804,2
30805,2
30806,2
30812,2
30813,2
30814,2
30815,2
30816,2
30817,2
30818,2
30819,2
30820,2
30821,2
30822,2
30823,2
30824,2
30825,2
30826,2
30827,2
30828,2
30829,2
30830,2
30831,2
30832,2
30833,2
30834,2
30835,2
30836,2
30837,2
30838,2
30839,2
30840,2
30841,2
30842,2
30843,2
30844,2
30845,2
30846,2
30847,2
30848,2
30849,2
30850,2
30851,2
30852,2
30853,2
30854,2
30860,2
30861,2
30862,2
30863,2
30864,2
30865,2
30866,2
30867,2
30873,2
30874,2
30875,2
30876,2
30877,2
30885,2
30886,2
30887,2
30889,1
30890,1
30891,1
30892,1
30893,1
30894,1
30896,2
30899,2
30900,2
30906,2
30907,2
30908,2
30909,2
30910,2
30911,2
30922,2
30923,2
30924,2
30925,2
30926,2
30927,2
30928,2
30929,2
30930,2
30931,2
30932,2
30954,2
30955,2
30956,2
30957,2
30958,2
30959,2
30970,2
30971,2
30972,2
30973,2
30974,2
30975,2
30976,2
30977,2
30978,2
30984,2
30985,2
30986,2
30987,2
30988,2
30989,2
30990,2
30991,2
30992,2
30993,2
30999,2
31000,2
31001,2
31002,2
31003,2
31004,2
31005,2
31006,2
31007,2
31008,2
31009,2
31010,2
31011,2
31012,2
31013,2
31014,2
31015,2
31016,2
31017,2
31018,2
31019,2
31020,2
31021,2
31055,8
31056,8
31057,8
31058,8
31059,8
31061,5
31062,5
31063,5
31064,3
31065,3
31066,3
31067,3
31068,3
31073,3
31074,3
31075,3
31076,3
31077,3
31078,3
31079,3
31080,3
31081,3
31082,3
31083,3
31084,3
31085,3
31086,3
31087,3
31089,3
31090,3
31091,3
31092,3
31093,3
31094,3
31095,3
31096,3
31097,3
31100,3
31101,3
31102,3
31155,5
31156,5
31157,5
31158,5
31159,5
31164,5
31165,5
31166,5
31167,5
31168,5
31174,4
31175,4
31176,4
31177,4
31178,4
31179,4
31185,9
31186,9
31187,9
31188,9
31189,9
31190,9
31271,2
31272,2
31273,2
31274,2
31275,2
31278,2
31279,2
31280,2
31281,2
31282,2
31283,2
31284,2
31285,2
31286,2
31303,2
31304,2
31305,2
31306,2
31307,2
31308,2
31314,4
31315,4
31316,4
31317,4
31318,4
31320,2
31321,2
31323,4
31326,4
31327,4
31396,2
31397,2
31398,2
31399,2
31400,2
31403,2
31404,2
31405,2
31411,2
31412,2
31413,2
31414,2
31415,2
31416,2
31417,2
31418,2
31435,2
31436,2
31437,2
31438,2
31439,2
31442,2
31443,2
31444,2
31450,4
31451,4
31452,4
31453,4
31454,4
31455,4
31461,2
31462,2
31463,2
31464,2
31465,2
31466,2
31525,2
31526,2
31527,2
31528,2
31529,2
31530,2
31531,2
31532,2
31533,2
31570,2
31571,2
31572,2
31573,2
31574,2
31575,2
31576,2
31577,2
31578,2
31579,2
31585,2
31586,2
31587,2
31588,2
31589,2
31590,2
31591,2
31592,2
31593,2
31594,2
31615,2
31616,2
31617,2
31618,2
31619,2
31620,2
31621,2
31622,2
31623,2
31624,2
31630,2
31631,2
31632,2
31633,2
31634,2
31635,2
31636,2
31637,2
31638,2
31639,2
31645,2
31646,2
31647,2
31648,2
31649,2
31650,2
31651,2
31652,2
31653,2
31654,2
31660,2
31661,2
31662,2
31663,2
31664,2
31665,2
31666,2
31667,2
31668,2
31669,2
31691,2
31692,2
31693,2
31694,2
31695,2
31696,2
31697,2
31698,2
31699,2
31700,2
38130,2
38131,2
38132,2
38133,2
38134,2
38135,2
38136,2
38137,2
38138,2
38139,2
38140,2
38142,2
38143,2
38144,2
38145,2
38146,2
38173,2
38174,2
38175,2
38176,2
38182,18
38183,18
38184,18
38185,18
38186,18
38191,18
38192,18
38193,18
38194,18
38195,18
38196,18
38197,18
38206,18
38207,18
38208,18
38209,18
38210,18
38211,18
38212,18
38214,9
38215,9
38216,9
38217,9
38218,9
38219,9
38220,9
38221,9
38222,9
38223,9
38224,9
38253,2
38254,2
38255,2
38256,2
38257,2
38258,2
38259,2
38260,2
38261,2
38267,2
38268,2
38269,2
38270,2
38271,2
38272,2
38273,2
38274,2
38280,2
38283,2
38284,2
38290,2
38291,2
38292,2
38293,2
38294,2
38299,2
38300,2
38301,2
38302,2
38303,2
38305,2
38306,2
38307,2
38308,2
38309,2
38310,2
38311,2
38312,2
38313,2
38314,2
38315,2
38316,2
38317,2
38345,2
38346,2
38414,2
38415,2
38416,2
38417,2
38451,2
38452,2
38453,2
38454,2
38455,2
38456,2
38457,2
38458,2
38459,2
38460,2
38461,2
38462,2
38468,2
38469,2
38470,2
38471,2
38472,2
38473,2
38474,2
38475,2
38476,2
38477,2
38478,2
38479,2
38480,2
38481,2
38482,2
38483,2
38484,2
38485,2
38486,2
38487,2
38488,2
38489,2
38490,2
38491,2
38492,2
38493,2
38494,2
38495,2
38496,2
38497,2
38498,2
38499,2
38500,2
38501,2
38502,2
38503,2
38504,2
38505,2
38506,2
38507,2
38508,2
38509,2
38510,2
38511,2
38512,2
38513,2
38514,2
38515,2
38516,2
38517,2
38518,2
38519,2
38520,2
38521,2
38522,2
38523,2
38524,2
38525,2
38526,2
38527,2
38528,2
38529,2
38530,2
38531,2
38532,2
38533,2
38534,2
38535,2
38536,2
38537,2
38538,2
38550,2
38551,2
38552,2
38553,2
38632,1
38633,1
38634,1
38635,1
38636,1
38637,1
38638,1
38639,1
38640,1
38641,1
38642,1
38647,1
38648,1
38649,1
38650,1
38651,1
38652,1
38653,1
38654,1
38655,1
38656,1
38657,1
38658,1
38659,1
38692,2
38693,2
38694,2
38695,2
38696,2
38697,2
38698,2
38699,2
38700,2
38701,2
38702,2
38703,2
38704,2
38705,2
38706,2
38707,2
38708,2
38709,2
38710,2
38711,2
38712,2
38713,2
38714,2
38715,2
38716,2
38717,2
38718,2
38719,2
38720,2
