1497,1
1498,1
1499,1
1500,1
1501,1
1502,1
1503,1
1505,1
1506,1
1507,1
1508,1
1509,1
1510,1
1511,1
1512,1
1513,1
1514,1
1519,1
1520,1
1521,1
1524,4
1525,4
1526,4
1527,4
1528,4
1529,4
1535,2
1536,2
1537,2
1538,2
1539,2
1540,2
1546,1
1547,1
1548,1
1549,1
1550,1
1551,1
1552,1
1553,1
1554,1
1555,1
1556,1
1557,1
1561,1
1562,1
1563,1
1607,1
1608,1
1609,1
1610,1
1611,1
1612,1
1613,1
1614,1
1615,1
1616,1
1617,1
1618,1
1619,1
1620,4
1621,4
1622,4
1623,4
1625,3
1626,3
1627,3
1628,3
1629,3
1630,3
1631,3
1632,3
1633,3
1634,3
1635,3
1637,1
1638,1
1639,1
1640,1
1641,1
1642,1
1643,1
1644,1
1645,1
1646,1
1647,1
1648,1
1663,1
1664,1
1665,1
1666,1
1667,1
1668,1
1669,1
1670,1
1671,1
1672,1
1673,1
1674,1
1675,1
1676,1
1677,1
1678,1
1679,1
1680,1
1681,1
1682,1
1689,1
1690,1
1691,1
1692,1
1693,1
1694,1
1695,1
1696,1
1697,1
1698,1
1699,1
1700,1
1701,1
1702,1
1703,1
1704,1
1705,1
1706,1
1707,1
1708,1
1709,1
1710,2
1711,2
1712,2
1713,2
1714,2
1716,1
1717,1
1718,1
1719,1
1720,1
1721,1
1722,1
1723,1
1724,1
1725,1
1726,1
1727,1
1728,1
1734,1
1735,1
1736,1
1737,1
1738,1
1739,1
1740,1
1759,1
1760,1
1761,1
1762,1
1763,1
1764,1
1765,1
1767,1
1768,1
1769,1
1790,1
1791,1
1792,1
1793,1
1794,1
1795,1
1796,1
1797,1
1814,1
1815,1
1816,1
1849,1
1850,1
1852,1
1853,1
1854,1
1855,1
1856,1
1857,1
1858,1
1859,1
1860,1
1868,1
1869,1
1870,1
1965,1
1966,1
1967,1
1968,1
1969,1
1970,1
1971,1
1972,1
1973,1
1974,1
1975,1
1976,1
1977,1
1978,1
1979,1
2005,1
2006,1
2007,1
2008,1
2009,1
2010,1
2011,1
2012,1
2013,1
2014,1
2015,1
2016,1
2017,1
2018,1
2019,1
2020,1
2021,1
2022,1
2023,1
2024,1
2025,1
2026,1
2036,1
2037,1
2038,1
2039,1
2040,1
2041,1
2042,1
2043,1
2044,1
2045,1
2046,1
2052,1
2053,1
2054,1
2055,1
2056,1
2058,1
2059,1
2060,1
2227,1
2228,1
2229,1
2230,1
2231,1
2232,1
2233,1
2234,1
2235,1
2236,1
2237,1
2238,1
2239,1
2240,1
2241,1
2242,1
2243,1
2244,1
2245,1
2246,1
2247,1
2248,1
2254,1
2255,1
2256,1
2257,1
2258,1
2259,1
2260,1
2272,1
2273,1
2274,1
2275,1
2276,1
2277,1
2278,1
2279,1
2311,1
2312,1
2313,1
3725,1
3726,1
3727,1
3728,1
3729,1
3730,1
3731,1
3732,1
3733,1
3734,1
3735,1
3736,1
3737,1
3738,1
3739,1
3740,1
3741,1
3745,1
3746,1
3747,1
3748,1
3749,1
3750,1
3751,1
3752,1
3753,1
3754,1
3755,1
3756,1
3757,1
3758,1
3759,1
3760,1
3761,1
3762,1
3763,1
3764,3
3765,3
3766,3
3767,3
3768,3
3770,2
3771,2
3772,2
3773,2
3774,2
3775,2
3776,2
3777,2
3778,2
3779,2
3780,2
3781,2
3782,2
3783,2
3785,1
3786,1
3787,1
3788,1
3789,1
3790,1
3791,1
3793,1
3794,1
3795,1
3796,1
3797,1
3798,1
3804,1
3805,1
3806,1
3807,1
3808,1
3809,1
3810,1
3811,1
3812,1
3813,1
3814,1
3815,1
3816,1
3817,1
3818,1
3819,1
3820,1
3821,1
3822,1
3823,1
3829,1
3830,1
3831,1
3832,1
3833,1
3834,1
3835,1
3836,1
3837,1
3838,1
3839,1
3840,1
3846,2
3847,2
3848,2
3849,2
3850,2
3851,2
3857,1
3858,1
3859,1
3860,1
3861,1
3862,1
3863,1
3864,1
3865,1
3866,1
3867,1
3868,1
6287,1
6288,1
6289,1
6290,1
6291,1
6292,1
6293,1
6294,1
6295,1
6296,1
6297,1
6298,1
6299,1
6300,1
6301,1
6302,1
6303,1
6304,1
6305,1
6306,1
6307,1
6308,1
6309,1
6310,1
6311,1
6312,1
6313,1
6314,1
6315,1
6316,1
6317,1
6318,1
6319,1
6320,1
6321,1
6322,1
6323,1
6324,1
6325,1
6326,1
6327,1
6328,1
6329,1
6330,1
6331,1
6332,1
6333,1
6334,1
6335,1
6336,1
6337,1
6338,1
6339,1
6340,1
6341,1
6342,1
6343,1
6344,1
6345,1
6346,1
6347,1
6348,1
6349,1
6350,1
6351,1
6352,1
6353,1
6354,1
6355,1
6356,1
6357,1
6368,1
6369,1
6370,1
6371,1
6372,1
6373,1
6374,1
6375,1
6376,1
6377,1
6378,1
6379,1
6380,1
6381,1
6382,1
6383,1
6384,1
6385,1
6386,1
6387,1
6388,1
6389,1
6390,1
6391,1
6392,1
6393,1
6394,1
6395,1
6396,1
6397,1
6398,1
6399,1
6400,1
6401,1
6402,1
6403,1
6404,1
6405,1
6406,1
6407,1
6408,1
6409,1
6421,1
6422,1
6423,1
10969,1
10970,1
10971,1
10972,1
10973,1
10974,1
10975,1
10976,1
10977,1
10978,1
10979,1
10980,1
10981,1
10982,1
10983,1
10984,1
10985,1
10986,1
10987,1
10988,1
10989,1
10990,1
10991,1
10992,1
10993,1
10994,1
10995,1
10996,1
10997,1
10998,1
10999,1
11000,1
11001,1
11002,1
11003,1
11004,1
11005,1
11006,1
11007,1
11013,3
11014,3
11015,3
11016,3
11017,3
11018,3
11019,3
11020,3
11021,3
11022,3
11023,3
11024,3
11025,3
11027,3
11028,3
11029,3
11030,3
11031,3
11032,3
11033,3
11034,3
11035,3
11036,3
11037,3
11038,3
11039,3
11040,3
11041,3
11042,3
11043,3
11045,2
11046,2
11047,2
11048,2
11049,2
11050,2
11051,2
11052,2
11067,2
11068,2
11069,2
11070,2
11071,2
11072,2
11073,2
11074,2
11075,3
11076,3
11077,3
11078,3
11079,3
11080,3
11081,3
11082,3
11083,3
11084,3
11085,3
11086,3
11087,3
11137,1
11138,1
11139,1
11140,1
11141,1
11142,1
11143,1
11144,1
11145,1
11146,1
11147,1
11148,1
11149,1
11150,1
11151,1
11152,1
11153,1
11154,1
11155,1
11156,1
11157,1
11158,1
11159,1
11160,1
11161,1
11352,2
11353,2
11354,2
11355,2
11356,2
11357,2
11358,2
11359,2
11360,2
11361,2
11362,2
11363,2
11364,2
11365,2
11366,2
11367,2
11368,2
11370,2
11371,2
11372,2
11373,2
11374,2
11375,2
11376,2
11377,2
11378,2
11393,1
11394,1
11395,1
11396,1
11397,1
11398,1
11399,1
11400,1
11401,1
11402,1
11403,1
11404,1
11405,1
11411,1
11412,1
11413,1
11414,1
11415,1
11416,1
11417,1
11418,1
11419,1
11420,1
11421,1
11422,1
11423,1
11443,1
11444,1
11445,1
11446,1
11447,1
11448,1
11449,1
11450,1
11451,1
11480,2
11481,2
11482,2
11483,2
11484,2
11485,2
11486,2
11487,2
11488,2
11489,2
11490,2
11491,2
11492,2
11493,2
11494,2
11495,2
11496,2
11505,2
11508,2
11509,2
11538,1
11539,1
11540,1
11541,1
11542,1
11543,1
11544,1
11545,1
11546,1
11547,1
11548,1
11549,1
11550,1
11614,1
11615,1
11616,1
11617,1
11618,1
11619,1
11620,1
11621,1
11622,1
11623,1
11624,1
11625,1
11626,1
11627,1
11628,1
11629,1
11630,1
11631,1
11632,1
11633,1
11634,1
11635,1
11636,1
11637,1
11638,1
11662,1
11663,1
11664,1
11665,1
11666,1
11667,1
11668,1
11669,1
11670,1
11671,1
11672,1
11673,1
11674,1
25361,1
25362,1
25363,1
25364,1
25365,1
25366,1
25367,1
25368,1
25369,1
25370,1
25371,1
25372,1
25373,1
25374,1
25375,1
25376,1
25377,1
25378,1
25379,1
25380,1
25381,1
25382,1
25383,2
25384,2
25385,2
25386,2
25387,2
25389,1
25390,1
25391,1
25392,1
25393,1
25394,1
25395,1
25396,1
25397,1
25398,1
25399,1
25400,1
25401,1
25403,1
25404,1
25405,1
25406,1
25407,1
25418,1
25419,1
25420,1
25421,1
25422,1
25423,1
25424,1
25543,1
25544,1
25545,1
25546,1
25547,1
25548,1
25549,1
25551,1
25552,1
25553,1
25554,1
25555,1
25563,1
25564,1
25565,1
25566,1
25567,1
25568,1
25569,1
25570,1
25661,1
25662,1
25663,1
25664,1
25665,1
25666,1
25667,1
25668,1
25670,1
25671,1
25672,1
25673,1
25674,1
25675,1
25676,1
25677,1
25678,1
25684,1
25685,1
25686,1
25687,1
25688,1
25689,1
25708,1
25709,1
25710,1
25716,1
25717,1
25718,1
25719,1
25720,1
25721,1
25722,1
25723,1
25724,1
25725,1
25726,1
25727,1
25728,1
25729,1
25778,1
25779,1
25780,1
25781,1
25782,1
25783,1
25796,1
25797,1
25798,1
25799,1
25800,1
25801,1
25802,1
25803,1
25805,1
25806,1
25807,1
25808,1
25809,1
25810,1
25811,1
25812,1
25813,1
25814,1
25815,1
25816,1
25817,1
25818,1
25819,1
25820,1
25821,1
25822,1
25823,1
25824,1
25825,1
30790,2
30791,2
30792,2
30793,2
30794,2
30795,2
30796,2
30797,2
30798,2
30799,2
30800,2
30801,2
30802,2
30803,2
30804,2
30805,2
30806,2
30812,3
30813,3
30814,3
30815,3
30816,3
30817,3
30818,3
30819,3
30820,3
30821,3
30822,3
30823,3
30824,3
30825,3
30826,3
30827,3
30828,3
30829,3
30830,3
30831,3
30832,3
30833,3
30834,3
30835,3
30836,3
30837,3
30838,3
30839,3
30840,3
30841,3
30842,3
30843,3
30844,3
30845,3
30846,3
30847,3
30848,3
30849,3
30850,3
30851,3
30852,3
30853,3
30854,3
30860,3
30861,3
30862,3
30863,3
30864,3
30865,3
30866,3
30867,3
30984,3
30985,3
30986,3
30987,3
30988,3
30989,3
30990,3
30991,3
30992,3
30993,3
30999,1
31000,1
31001,1
31002,1
31003,1
31004,1
31005,1
31006,1
31007,1
31008,1
31009,1
31010,1
31011,1
31012,1
31013,1
31014,1
31015,1
31016,1
31017,1
31018,1
31019,1
31020,1
31021,1
31155,4
31156,4
31157,4
31158,4
31159,4
31164,4
31165,4
31166,4
31167,4
31168,4
31174,3
31175,3
31176,3
31177,3
31178,3
31179,3
31314,1
31315,1
31316,1
31317,1
31318,1
31320,1
31321,1
31325,1
31326,1
31327,1
31396,3
31397,3
31398,3
31399,3
31400,3
31404,3
31405,3
31450,4
31451,4
31452,4
31453,4
31454,4
31455,4
31570,2
31571,2
31572,2
31573,2
31574,2
31575,2
31576,2
31577,2
31578,2
31579,2
31585,2
31586,2
31587,2
31588,2
31589,2
31590,2
31591,2
31592,2
31593,2
31594,2
31615,2
31616,2
31617,2
31618,2
31619,2
31620,2
31621,2
31622,2
31623,2
31624,2
31630,2
31631,2
31632,2
31633,2
31634,2
31635,2
31636,2
31637,2
31638,2
31639,2
31645,2
31646,2
31647,2
31648,2
31649,2
31650,2
31651,2
31652,2
31653,2
31654,2
31660,2
31661,2
31662,2
31663,2
31664,2
31665,2
31666,2
31667,2
31668,2
31669,2
31691,2
31692,2
31693,2
31694,2
31695,2
31696,2
31697,2
31698,2
31699,2
31700,2
38182,4
38183,4
38184,4
38185,4
38186,4
38191,4
38192,4
38193,4
38194,4
38195,4
38196,4
38197,4
38206,4
38207,4
38208,4
38209,4
38210,4
38211,4
38212,4
38214,4
38215,4
38216,4
38217,4
38218,4
38219,4
38220,4
38253,3
38254,3
38255,3
38256,3
38257,3
38258,3
38259,3
38260,3
38261,3
38267,3
38268,3
38269,3
38270,3
38271,3
38272,3
38273,3
38274,3
38280,3
38283,3
38284,3
38290,3
38291,3
38292,3
38293,3
38294,3
38299,3
38300,3
38301,3
38302,3
38303,3
38305,3
38306,3
38307,3
38308,3
38309,3
38310,3
38311,3
38312,3
38313,3
38314,3
38315,3
38316,3
38317,3
38345,3
38346,3
38414,3
38415,3
38416,3
38417,3
38451,2
38452,2
38453,2
38454,2
38455,2
38456,2
38457,2
38458,2
38459,2
38460,2
38461,2
38462,2
38468,2
38469,2
38470,2
38471,2
38472,2
38473,2
38474,2
38475,2
38476,2
38477,2
38478,2
38479,2
38480,2
38481,2
38482,2
38483,2
38484,2
38485,2
38486,2
38487,2
38488,2
38489,2
38490,2
38491,2
38492,2
38493,2
38494,2
38495,2
38496,2
38497,2
38498,2
38499,2
38500,2
38501,2
38502,2
38503,2
38504,2
38505,2
38506,2
38507,2
38508,2
38509,2
38510,2
38511,2
38512,2
38513,2
38514,2
38515,2
38516,2
38517,2
38518,2
38519,2
38520,2
38521,2
38522,2
38523,2
38524,2
38525,2
38526,2
38527,2
38528,2
38529,2
38530,2
38531,2
38532,2
38533,2
38534,2
38535,2
38536,2
38537,2
38538,2
38550,2
38551,2
38552,2
38553,2
38559,2
38560,2
38561,2
38562,2
38563,2
38564,2
38565,2
38566,2
38665,2
38666,2
38667,2
38668,2
38669,2
38670,2
38671,2
38672,2
38692,2
38693,2
38694,2
38695,2
38696,2
38697,2
38698,2
38699,2
38700,2
38701,2
38702,2
38703,2
38704,2
38705,2
38706,2
38707,2
38708,2
38709,2
38710,2
38711,2
38712,2
38713,2
38714,2
38715,2
38716,2
38717,2
38718,2
38719,2
38720,2
38755,2
38756,2
38757,2
38758,2
38759,2
38760,2
38761,2
38762,2
38763,2
38764,2
