1485,1
1486,1
1487,1
1488,1
1489,1
1490,1
1491,1
1497,2
1498,2
1499,2
1500,2
1501,2
1502,2
1503,2
1515,2
1516,2
1517,2
1524,10
1525,10
1526,10
1527,10
1528,10
1529,10
1535,2
1536,2
1537,2
1538,2
1539,2
1540,2
1546,2
1547,2
1548,2
1549,2
1550,2
1551,2
1552,2
1553,2
1554,2
1555,2
1556,2
1557,2
1558,2
1559,2
1607,2
1608,2
1609,2
1610,2
1611,2
1612,2
1613,2
1614,2
1615,2
1616,2
1617,2
1618,2
1619,2
1620,5
1621,5
1622,5
1623,5
1625,3
1626,3
1627,3
1628,3
1629,3
1630,3
1631,3
1632,3
1633,3
1634,3
1635,3
1637,2
1638,2
1639,2
1640,2
1641,2
1642,2
1643,2
1644,2
1645,2
1646,2
1647,2
1648,2
1663,2
1664,2
1665,2
1666,2
1667,2
1668,2
1669,2
1670,2
1671,2
1672,2
1673,2
1674,2
1675,2
1676,2
1677,2
1678,2
1679,2
1680,2
1681,2
1682,2
1689,2
1690,2
1691,2
1692,2
1693,2
1694,2
1695,2
1696,2
1697,2
1698,2
1699,2
1700,2
1701,2
1702,2
1703,2
1704,2
1705,2
1706,2
1707,2
1708,2
1709,2
1710,4
1711,4
1712,4
1713,4
1714,4
1716,2
1717,2
1718,2
1719,2
1720,2
1721,2
1722,2
1723,2
1724,2
1725,2
1726,2
1727,2
1728,2
1734,2
1735,2
1736,2
1737,2
1738,2
1739,2
1740,2
1759,2
1760,2
1761,2
1762,2
1763,2
1764,2
1765,2
1767,2
1768,2
1769,2
1790,2
1791,2
1792,2
1793,2
1794,2
1795,2
1796,2
1797,2
1814,2
1815,2
1816,2
1849,2
1850,2
1852,2
1853,2
1854,2
1855,2
1856,2
1857,2
1858,2
1859,2
1860,2
1861,2
1862,2
1863,2
1864,2
1865,2
1866,2
1872,2
1873,2
1874,2
1875,4
1876,4
1877,4
1878,4
1879,4
1881,2
1882,2
1883,2
1884,2
1885,2
1886,2
1887,2
1888,2
1889,2
1890,2
1891,2
1892,2
1893,2
1894,2
1896,1
1897,1
1898,1
1899,1
1900,1
1910,2
1911,2
1912,2
1913,2
1914,2
1915,2
1916,2
1917,2
1918,2
1919,2
1920,2
1921,2
1935,2
1936,2
1938,2
1939,2
1940,2
1941,2
1942,2
1957,2
1958,2
1959,2
1965,2
1966,2
1967,2
1968,2
1969,2
1970,2
1971,2
1972,2
1973,2
1974,2
1975,2
1976,2
1977,2
1978,2
1979,2
2005,2
2006,2
2007,2
2008,2
2009,2
2010,2
2011,2
2012,2
2013,2
2014,2
2015,2
2016,2
2017,2
2018,2
2019,2
2020,2
2021,2
2022,2
2023,2
2024,2
2025,2
2026,2
2028,2
2029,2
2030,2
2031,2
2032,2
2033,2
2034,2
2035,2
2036,2
2037,2
2038,2
2039,2
2040,2
2041,2
2042,2
2043,2
2044,2
2045,2
2046,2
2052,2
2053,2
2054,2
2055,2
2056,2
2058,2
2059,2
2060,2
2227,2
2228,2
2229,2
2230,2
2231,2
2232,2
2233,2
2234,2
2235,2
2236,2
2237,2
2238,2
2239,2
2240,2
2241,2
2242,2
2243,2
2244,2
2245,2
2246,2
2247,2
2248,2
2254,2
2255,2
2256,2
2257,2
2258,2
2259,2
2260,2
2272,2
2273,2
2274,2
2275,2
2276,2
2277,2
2278,2
2279,2
2311,2
2312,2
2313,2
10969,1
10970,1
10971,1
10972,1
10973,1
10974,1
10975,1
10976,1
10977,1
10978,1
10979,1
10980,1
10981,1
10982,1
10983,1
10984,1
10985,1
10986,1
10987,1
10988,1
10989,1
10990,1
10991,1
10992,1
10993,1
10994,1
10995,1
10996,1
10997,1
10998,1
10999,1
11000,1
11001,1
11002,1
11003,1
11004,1
11005,1
11006,1
11007,1
11013,2
11014,2
11015,2
11016,2
11017,2
11018,2
11019,2
11020,2
11021,2
11022,2
11023,2
11024,2
11025,2
11027,2
11028,2
11029,2
11030,2
11031,2
11032,2
11033,2
11034,2
11035,2
11036,2
11037,2
11038,2
11039,2
11040,2
11041,2
11042,2
11043,2
11075,2
11076,2
11077,2
11078,2
11079,2
11080,2
11081,2
11082,2
11083,2
11084,2
11085,2
11086,2
11087,2
11137,1
11138,1
11139,1
11140,1
11141,1
11142,1
11143,1
11144,1
11145,1
11146,1
11147,1
11148,1
11149,1
11150,1
11151,1
11152,1
11153,1
11154,1
11155,1
11156,1
11157,1
11158,1
11159,1
11160,1
11161,1
11352,4
11353,4
11354,4
11355,4
11356,4
11357,4
11358,4
11359,4
11360,4
11361,4
11362,4
11363,4
11364,4
11365,4
11366,4
11367,4
11368,4
11370,4
11371,4
11372,4
11373,4
11374,4
11375,4
11376,4
11377,4
11378,4
11393,2
11394,2
11395,2
11396,2
11397,2
11398,2
11399,2
11400,2
11401,2
11402,2
11403,2
11404,2
11405,2
11411,2
11412,2
11413,2
11414,2
11415,2
11416,2
11417,2
11418,2
11419,2
11420,2
11421,2
11422,2
11423,2
11443,2
11444,2
11445,2
11446,2
11447,2
11448,2
11449,2
11450,2
11451,2
11480,6
11481,6
11482,6
11483,6
11484,6
11485,6
11486,6
11487,6
11488,6
11489,6
11490,6
11491,6
11492,6
11493,6
11494,6
11495,6
11496,6
11498,1
11499,1
11500,1
11501,1
11502,1
11503,1
11505,5
11507,1
11508,6
11509,6
11538,2
11539,2
11540,2
11541,2
11542,2
11543,2
11544,2
11545,2
11546,2
11547,2
11548,2
11549,2
11550,2
11614,2
11615,2
11616,2
11617,2
11618,2
11619,2
11620,2
11621,2
11622,2
11623,2
11624,2
11625,2
11626,2
11627,2
11628,2
11629,2
11630,2
11631,2
11632,2
11633,2
11634,2
11635,2
11636,2
11637,2
11638,2
11662,2
11663,2
11664,2
11665,2
11666,2
11667,2
11668,2
11669,2
11670,2
11671,2
11672,2
11673,2
11674,2
12006,1
12007,1
12008,1
12009,1
12010,1
12011,1
12012,1
12013,1
12014,1
12015,1
12016,1
12017,1
12043,1
12044,1
12045,1
12046,1
12047,1
12052,1
12053,1
12054,1
12055,1
12056,1
12057,1
12058,1
12059,1
12060,1
12061,1
12064,1
12065,1
12066,1
12067,1
12068,1
12069,1
12070,1
12101,1
12102,1
12103,1
12104,1
12105,1
12106,1
12107,1
12108,1
12109,1
12110,1
12111,1
12112,1
12155,1
12156,1
12157,1
12158,1
12159,1
12160,1
12161,1
12162,1
12163,1
12164,1
12165,1
12166,1
12167,1
12168,1
12169,1
12170,1
12171,2
12172,2
12173,2
12174,2
12176,1
12177,1
12178,1
12179,1
12180,1
12181,1
12182,1
12183,1
12184,1
12185,1
12186,1
12188,1
12189,1
12190,1
12191,1
12192,1
12193,1
12194,1
12195,1
12196,1
12197,1
12198,1
12200,1
12201,1
12202,1
12203,1
12204,1
12207,1
12208,1
12209,1
12210,1
12211,1
12212,1
12213,1
12214,1
12327,1
12328,1
12329,1
12330,1
12331,1
12332,1
12333,1
12334,1
12335,1
12336,1
12337,1
12343,1
12344,1
12345,1
12346,1
12347,1
12348,1
12349,1
12350,1
12351,1
12352,1
12353,1
12354,1
12373,2
12374,2
12375,2
12376,2
12377,2
12378,2
12379,2
12380,2
12381,2
12382,2
12383,2
12384,2
12385,2
12386,2
12387,2
12388,2
12389,3
12390,3
12391,3
12392,3
12394,2
12395,2
12396,2
12397,2
12398,2
12399,2
12400,2
12401,2
12402,2
12403,2
12404,2
12405,2
12406,2
12408,1
12409,1
12410,1
12411,1
12412,1
12413,1
12414,1
12416,1
12417,1
12418,1
12419,1
12420,1
12421,1
12423,1
12424,1
12425,1
24933,1
24934,1
24935,1
24936,1
24937,1
24938,1
24939,1
24940,1
24941,1
24942,1
24943,1
24944,1
24945,1
24946,1
24947,1
24948,1
24949,1
24950,1
24951,1
24952,1
24953,1
24954,1
24955,1
24956,1
24957,1
24958,1
24959,1
24960,1
24961,1
24962,1
24963,1
24964,1
24965,1
24966,1
24967,1
24968,1
24969,1
24970,1
24971,1
24972,1
24973,1
24974,1
24975,1
24976,1
24977,1
24978,1
24979,1
24980,1
24981,1
24982,1
24983,1
24984,1
24985,1
24986,1
24987,1
24988,1
24989,1
24990,1
24991,1
24992,1
24993,1
24994,1
24995,1
24996,1
24997,1
24998,1
24999,1
25000,1
25001,1
25002,1
25003,1
25004,1
25005,1
25006,1
25007,1
25008,1
25009,1
25010,1
25011,1
25012,1
25013,1
25014,1
25015,1
25016,1
25017,1
25018,1
25019,1
25020,1
25021,1
25022,1
25023,1
25024,1
25025,1
25026,1
25027,1
25028,1
25029,1
25030,1
25031,1
25032,1
25212,1
25213,1
25214,1
25215,1
25216,1
25217,1
25218,1
25219,1
25220,1
25221,1
25222,1
25223,1
25224,1
25225,1
25226,1
25361,2
25362,2
25363,2
25364,2
25365,2
25366,2
25367,2
25368,2
25369,2
25370,2
25371,2
25372,2
25373,2
25374,2
25375,2
25376,2
25377,2
25378,2
25379,2
25380,2
25381,2
25382,2
25383,6
25384,6
25385,6
25386,6
25387,6
25389,4
25390,4
25391,4
25392,4
25393,4
25394,4
25395,4
25396,4
25397,4
25398,4
25399,4
25400,4
25401,4
25403,4
25404,4
25405,4
25406,4
25407,4
25418,4
25419,4
25420,4
25421,4
25422,4
25423,4
25424,4
25543,4
25544,4
25545,4
25546,4
25547,4
25548,4
25549,4
25551,2
25552,2
25553,2
25554,2
25555,2
25563,2
25564,2
25565,2
25566,2
25567,2
25568,2
25569,2
25570,2
25653,2
25654,2
25655,2
25656,2
25657,2
25658,2
25659,2
25660,2
25661,4
25662,4
25663,4
25664,4
25665,4
25666,4
25667,4
25668,4
25670,2
25671,2
25672,2
25673,2
25674,2
25675,2
25676,2
25677,2
25678,2
25684,4
25685,4
25686,4
25687,4
25688,4
25689,4
25708,4
25709,4
25710,4
25716,2
25717,2
25718,2
25719,2
25720,2
25721,2
25722,2
25723,2
25724,2
25725,2
25726,2
25727,2
25728,2
25729,2
25735,2
25736,2
25737,2
25738,2
25739,2
25740,2
25762,2
25763,2
25764,2
25765,2
25766,2
25767,2
25768,2
25769,2
25770,2
25771,2
25772,2
25778,2
25779,2
25780,2
25781,2
25782,2
25783,2
25796,2
25797,2
25798,2
25799,2
25800,2
25801,2
25802,2
25803,2
25805,2
25806,2
25807,2
25808,2
25809,2
25810,2
25811,2
25812,2
25813,2
25814,2
25815,2
25816,2
25817,2
25818,2
25819,2
25820,2
25821,2
25822,2
25823,2
25824,2
25825,2
30812,2
30813,2
30814,2
30815,2
30816,2
30817,2
30818,2
30819,2
30820,2
30821,2
30822,2
30823,2
30824,2
30825,2
30826,2
30827,2
30828,2
30829,2
30830,2
30831,2
30832,2
30833,2
30834,2
30835,2
30836,2
30837,2
30838,2
30839,2
30840,2
30841,2
30842,2
30843,2
30844,2
30845,2
30846,2
30847,2
30848,2
30849,2
30850,2
30851,2
30852,2
30853,2
30854,2
30856,2
30857,2
30858,2
30859,2
30860,2
30861,2
30862,2
30863,2
30864,2
30865,2
30866,2
30867,2
30873,2
30874,2
30875,2
30876,2
30877,2
30885,2
30886,2
30887,2
30889,2
30890,2
30891,2
30892,2
30893,2
30894,2
30896,2
30899,2
30900,2
30906,2
30907,2
30908,2
30909,2
30910,2
30911,2
30922,2
30923,2
30924,2
30925,2
30926,2
30927,2
30928,2
30929,2
30930,2
30931,2
30932,2
30954,2
30955,2
30956,2
30957,2
30958,2
30959,2
30970,2
30971,2
30972,2
30973,2
30974,2
30975,2
30976,2
30977,2
30978,2
30984,3
30985,3
30986,3
30987,3
30988,3
30989,3
30990,3
30991,3
30992,3
30993,3
30999,2
31000,2
31001,2
31002,2
31003,2
31004,2
31005,2
31006,2
31007,2
31008,2
31009,2
31010,2
31011,2
31012,2
31013,2
31014,2
31015,2
31016,2
31017,2
31018,2
31019,2
31020,2
31021,2
31055,1
31056,1
31057,1
31058,1
31059,1
31061,1
31062,1
31063,1
31155,4
31156,4
31157,4
31158,4
31159,4
31164,4
31165,4
31166,4
31167,4
31168,4
31174,3
31175,3
31176,3
31177,3
31178,3
31179,3
31185,2
31186,2
31187,2
31188,2
31189,2
31190,2
31271,2
31272,2
31273,2
31274,2
31275,2
31278,2
31279,2
31280,2
31281,2
31282,2
31283,2
31284,2
31285,2
31286,2
31303,1
31304,1
31305,1
31306,1
31307,1
31308,1
31314,4
31315,4
31316,4
31317,4
31318,4
31323,4
31326,4
31327,4
31396,2
31397,2
31398,2
31399,2
31400,2
31404,2
31405,2
31411,2
31412,2
31413,2
31414,2
31415,2
31416,2
31417,2
31418,2
31435,2
31436,2
31437,2
31438,2
31439,2
31442,2
31443,2
31444,2
31450,4
31451,4
31452,4
31453,4
31454,4
31455,4
31461,2
31462,2
31463,2
31464,2
31465,2
31466,2
31525,2
31526,2
31527,2
31528,2
31529,2
31530,2
31531,2
31532,2
31533,2
38130,2
38131,2
38132,2
38133,2
38134,2
38135,2
38136,2
38137,2
38138,2
38139,2
38140,2
38173,2
38174,2
38175,2
38176,2
38182,12
38183,12
38184,12
38185,12
38186,12
38191,12
38192,12
38193,12
38194,12
38195,12
38196,12
38197,12
38206,12
38207,12
38208,12
38209,12
38210,12
38211,12
38212,12
38214,8
38215,8
38216,8
38217,8
38218,8
38219,8
38220,8
38221,4
38222,4
38223,4
38224,4
38253,2
38254,2
38255,2
38256,2
38257,2
38258,2
38259,2
38260,2
38261,2
38267,2
38268,2
38269,2
38270,2
38271,2
38272,2
38273,2
38274,2
38280,2
38283,2
38284,2
38290,2
38291,2
38292,2
38293,2
38294,2
38299,2
38300,2
38301,2
38302,2
38303,2
38305,2
38306,2
38307,2
38308,2
38309,2
38310,2
38311,2
38312,2
38313,2
38314,2
38315,2
38316,2
38317,2
38345,2
38346,2
38414,2
38415,2
38416,2
38417,2
