6429,1
6430,1
6431,1
6432,1
6433,1
6434,1
6435,1
6436,1
6437,1
6438,1
6439,1
6440,1
6441,1
6442,1
6443,1
6444,1
6445,1
6446,1
6447,1
6448,1
6449,1
6450,1
6451,1
6452,1
6453,1
6454,1
6455,1
6456,1
6457,1
6458,1
6459,1
6460,1
6461,1
6462,1
6463,1
6464,1
6465,1
6466,1
6467,1
6468,1
6469,1
6470,1
6471,1
6472,1
6473,1
6474,1
6475,1
6476,1
6477,1
6478,1
6479,1
6480,1
6481,1
6482,1
6483,1
6484,1
6485,1
6486,1
6487,1
6488,1
6489,1
6490,1
6491,1
6492,1
6493,1
6494,1
6495,1
6496,1
6497,1
6498,1
6499,1
6500,1
6501,1
6502,1
6503,1
6504,1
6505,1
6506,1
6507,1
6508,1
6509,1
6510,1
6511,1
6512,1
6513,1
6514,1
6515,1
6516,1
6517,1
6518,1
6519,1
6520,1
6521,1
6522,1
6523,1
6524,1
6525,1
6526,1
6527,1
6528,1
6529,1
6530,1
6531,1
6532,1
6533,1
6534,1
6535,1
6536,1
6537,1
6538,1
6539,1
6540,1
6541,1
6542,1
6543,1
6544,1
6545,1
6546,1
6547,1
6548,1
6549,1
6550,1
6551,1
6552,1
6553,1
6554,1
6555,1
6556,1
6557,1
6558,1
6559,1
6560,1
6561,1
6562,1
6563,1
6564,1
6565,1
6566,1
6567,1
6568,1
6569,1
6570,1
6571,1
6572,1
6573,1
6574,1
6575,1
6576,1
6577,1
6578,1
6579,1
6580,1
6581,1
6582,1
6583,1
6584,1
6585,1
6586,1
6587,1
6588,1
6589,1
6590,1
6591,1
6592,1
6593,1
6594,1
6595,1
6596,1
6597,1
6598,1
6599,1
6600,1
6601,1
6602,1
6603,1
6604,1
6605,1
6606,1
6607,1
6608,1
6609,1
6610,1
6611,1
6612,1
6613,1
6614,1
6615,1
6616,1
6617,1
6618,1
6619,1
6620,1
6621,1
6622,1
6623,1
11352,2
11353,2
11354,2
11355,2
11356,2
11357,2
11358,2
11359,2
11360,2
11361,2
11362,2
11363,2
11364,2
11365,2
11366,2
11367,2
11368,2
11370,2
11371,2
11372,2
11373,2
11374,2
11375,2
11376,2
11377,2
11378,2
11393,2
11394,2
11395,2
11396,2
11397,2
11398,2
11399,2
11400,2
11401,2
11402,2
11403,2
11404,2
11405,2
11411,2
11412,2
11413,2
11414,2
11415,2
11416,2
11417,2
11418,2
11419,2
11420,2
11421,2
11422,2
11423,2
11443,2
11444,2
11445,2
11446,2
11447,2
11448,2
11449,2
11450,2
11451,2
11515,2
11516,2
11517,2
11518,2
11519,2
11520,2
11521,2
11522,2
11523,2
11524,2
11525,2
11526,2
11527,2
11528,2
11529,2
11530,2
11531,2
11532,2
11614,2
11615,2
11616,2
11617,2
11618,2
11619,2
11620,2
11621,2
11622,2
11623,2
11624,2
11625,2
11626,2
11627,2
11628,2
11629,2
11630,2
11631,2
11632,2
11633,2
11634,2
11635,2
11636,2
11637,2
11638,2
11644,4
11645,4
11646,4
11647,4
11648,4
11649,4
11650,4
11651,4
11652,4
11653,4
11654,4
11655,4
11656,4
11662,2
11663,2
11664,2
11665,2
11666,2
11667,2
11668,2
11669,2
11670,2
11671,2
11672,2
11673,2
11674,2
11680,6
11681,6
11682,6
11683,6
11684,6
11685,6
11691,1
11692,1
11693,1
11694,1
11695,1
11696,1
11697,1
11698,1
11699,1
11700,1
11701,1
11702,1
11703,1
11704,1
11705,1
11706,1
11707,1
11708,1
11709,1
11710,1
11711,1
11712,1
12043,1
12044,1
12045,1
12046,1
12047,1
12052,1
12053,1
12054,1
12055,1
12056,1
12057,1
12058,1
12059,1
12060,1
12061,1
12064,1
12065,1
12066,1
12067,1
12068,1
12069,1
12070,1
12101,1
12102,1
12103,1
12104,1
12105,1
12106,1
12107,1
12108,1
12109,1
12110,1
12111,1
12112,1
12155,1
12156,1
12157,1
12158,1
12159,1
12160,1
12161,1
12162,1
12163,1
12164,1
12165,1
12166,1
12167,1
12168,1
12169,1
12170,1
12171,2
12172,2
12173,2
12174,2
12176,1
12177,1
12178,1
12179,1
12180,1
12181,1
12182,1
12183,1
12184,1
12185,1
12186,1
12188,1
12189,1
12190,1
12191,1
12192,1
12193,1
12194,1
12195,1
12196,1
12197,1
12198,1
12200,1
12201,1
12202,1
12203,1
12204,1
12207,1
12208,1
12209,1
12210,1
12211,1
12212,1
12213,1
12214,1
12327,3
12328,3
12329,3
12330,3
12331,3
12332,3
12333,3
12334,3
12335,3
12336,3
12337,3
12343,3
12344,3
12345,3
12346,3
12347,3
12348,3
12349,3
12350,3
12351,3
12352,3
12353,3
12354,3
12373,4
12374,4
12375,4
12376,4
12377,4
12378,4
12379,4
12380,4
12381,4
12382,4
12383,4
12384,4
12385,4
12386,4
12387,4
12388,4
12389,5
12390,5
12391,5
12392,5
12394,4
12395,4
12396,4
12397,4
12398,4
12399,4
12400,4
12401,4
12402,4
12403,4
12404,4
12405,4
12406,4
12408,1
12409,1
12410,1
12411,1
12412,1
12413,1
12414,1
12416,3
12417,3
12418,3
12419,3
12420,1
12421,1
12423,1
12424,1
12425,1
17563,4
17564,4
17565,4
17566,4
17567,4
17584,4
17585,4
17586,4
17592,2
17593,2
17594,2
17595,2
17596,2
17597,2
17598,2
17610,2
17611,2
17612,2
18096,2
18097,2
18098,2
18099,2
18100,2
18101,2
18102,2
18103,2
18104,2
18105,2
18106,2
18107,2
18108,2
18109,2
18110,2
18111,2
18112,2
18113,2
18114,2
18115,2
18116,2
18117,2
18118,2
18119,2
18120,2
18121,2
18122,2
18123,2
18124,2
18125,2
18126,2
18128,1
18129,1
18130,1
18131,1
18132,1
18134,1
18135,1
18136,1
18137,1
18138,2
18139,2
18140,2
18146,2
18147,2
18148,2
18149,2
18150,2
18152,2
18153,2
18154,2
18311,2
18312,2
18313,2
18314,2
18315,2
18316,2
18317,2
18318,2
18319,2
18320,2
18321,2
18322,2
18323,2
18324,2
18325,2
18326,2
18327,2
18328,2
18329,2
18330,2
18331,2
18333,2
18334,2
18335,2
18336,2
18337,2
18338,2
18339,2
18340,2
18342,2
18343,2
18344,2
18345,2
18346,2
18347,2
18348,2
18349,2
18350,2
18351,2
18352,2
18624,2
18625,2
18626,2
18632,7
18633,7
18634,7
18635,7
18636,7
18637,7
18638,7
18639,7
18640,7
18641,7
18642,7
18644,2
18645,2
18646,2
18647,2
18648,2
18649,2
18650,2
18651,2
18653,5
18654,5
18655,5
18656,5
18657,5
18658,5
18659,5
18666,5
18667,5
18668,5
18669,5
18671,1
18672,1
18673,1
18674,1
18676,1
18677,1
18678,1
18679,1
18681,1
18682,1
18683,1
18684,1
18685,1
18686,1
18687,1
18688,1
18689,1
18690,1
18691,1
18693,4
18694,4
18695,4
18696,4
18697,4
18698,4
18699,4
18708,4
18709,4
18710,4
18711,4
18712,4
18713,4
18714,4
18716,2
18717,2
18718,2
18719,2
18720,2
18722,2
18723,2
18724,2
18725,2
18726,2
18727,2
18729,2
18730,2
18731,2
18732,2
18733,2
18734,2
18735,7
18736,7
18737,7
18738,7
18740,2
18741,2
18742,2
18743,2
18745,1
18746,1
18747,1
18748,1
18749,7
18750,7
18751,7
18757,2
18758,2
18759,2
18760,2
18761,2
18762,2
18763,2
18764,2
18765,2
18798,2
18799,2
18800,2
18801,2
18802,2
18803,2
18804,2
18805,2
18806,2
18807,2
18808,2
18809,2
18811,1
18812,1
18813,1
18814,1
18815,2
18816,2
18817,2
18823,1
18824,1
18825,1
18826,1
18827,1
18828,1
18829,1
18830,1
18837,1
18840,1
18841,1
18888,1
18889,1
18890,1
18891,1
18892,1
18894,1
18895,1
18896,1
18897,1
18898,1
18904,1
18905,1
18906,1
18990,1
18991,1
18992,1
18993,1
18994,1
18995,1
18996,1
18997,1
18999,1
19000,1
19001,1
19002,1
19006,1
19007,1
19008,1
19014,1
19015,1
19016,1
19017,1
19018,1
19020,1
19021,1
19022,1
19023,1
19024,1
19030,1
19031,1
19032,1
19099,1
19100,1
19101,1
19102,1
19103,1
19104,1
19105,1
19106,1
19107,1
19108,1
19109,1
19110,1
19111,1
19117,1
19118,1
19119,1
19120,1
19121,1
19122,1
19123,1
19124,1
19125,1
19126,1
19127,1
19128,1
19129,1
19130,1
19131,1
19132,1
19138,1
19139,1
19140,1
19141,1
19142,1
19143,1
19144,1
19145,1
19146,1
19147,1
19148,1
19149,1
19150,1
19151,1
19152,1
19153,1
19159,2
19160,2
19161,2
19162,2
19163,2
19164,2
19165,2
19166,2
19167,2
19168,2
19169,2
19170,2
19171,2
19172,2
19173,2
19174,2
19175,2
19176,2
19177,2
19178,2
19179,2
19180,2
19181,2
19182,2
19183,2
19184,2
19185,2
19186,2
19187,2
19188,2
19189,2
19190,2
19191,2
19192,2
19193,2
19194,2
19195,2
19196,2
19197,2
19198,2
19199,2
19200,2
19201,2
19202,2
19203,2
19204,2
19205,2
19220,2
19221,2
19222,2
19223,2
19224,2
19225,2
19226,2
19227,2
19228,2
19229,2
19230,2
19232,2
19233,2
19234,2
19235,2
19236,2
19237,2
19238,2
19239,2
19240,2
19241,9
19242,9
19243,9
19245,7
19246,7
19247,7
19248,7
19249,7
19250,7
19251,7
19252,7
19253,7
19254,7
19255,7
19256,7
19257,7
19258,7
19259,7
19261,2
19262,2
19263,2
19264,2
19265,2
19266,2
19267,2
19268,2
19269,2
19270,2
19271,2
19272,2
19273,2
19274,2
19275,2
19276,2
19277,2
19278,2
19279,2
19313,1
19314,1
19315,1
19316,1
19317,1
19318,1
19325,1
19326,1
19327,1
19328,1
19329,1
19330,1
19331,1
19341,2
19342,2
19343,2
19344,2
19345,2
19346,2
19347,2
19359,2
19360,2
19361,2
19362,2
19363,2
19364,2
19365,2
19366,2
19398,2
19399,2
19400,2
30873,4
30874,4
30875,4
30876,4
30877,4
30885,4
30886,4
30887,4
30889,4
30890,4
30891,4
30892,4
30893,4
30894,4
30896,3
30898,1
30899,4
30900,4
30906,1
30907,1
30908,1
30909,1
30910,1
30911,1
30922,1
30923,1
30924,1
30925,1
30926,1
30927,1
30928,1
30929,1
30930,1
30931,1
30932,1
30954,1
30955,1
30956,1
30957,1
30958,1
30959,1
30970,1
30971,1
30972,1
30973,1
30974,1
30975,1
30976,1
30977,1
30978,1
30999,2
31000,2
31001,2
31002,2
31003,2
31004,2
31005,2
31006,2
31007,2
31008,2
31009,2
31010,2
31011,2
31012,2
31013,2
31014,2
31015,2
31016,2
31017,2
31018,2
31019,2
31020,2
31021,2
31055,3
31056,3
31057,3
31058,3
31059,3
31061,3
31062,3
31063,3
31155,2
31156,2
31157,2
31158,2
31159,2
31164,2
31165,2
31166,2
31167,2
31168,2
31174,1
31175,1
31176,1
31177,1
31178,1
31179,1
31185,4
31186,4
31187,4
31188,4
31189,4
31190,4
31303,1
31304,1
31305,1
31306,1
31307,1
31308,1
31314,6
31315,6
31316,6
31317,6
31318,6
31320,1
31321,1
31323,5
31325,1
31326,6
31327,6
31435,1
31436,1
31437,1
31438,1
31439,1
31442,1
31443,1
31444,1
31450,2
31451,2
31452,2
31453,2
31454,2
31455,2
31461,1
31462,1
31463,1
31464,1
31465,1
31466,1
31525,1
31526,1
31527,1
31528,1
31529,1
31530,1
31531,1
31532,1
31533,1
38130,1
38131,1
38132,1
38133,1
38134,1
38135,1
38136,1
38137,1
38138,1
38139,1
38140,1
38142,1
38143,1
38144,1
38145,1
38146,1
38173,1
38174,1
38175,1
38176,1
38182,10
38183,10
38184,10
38185,10
38186,10
38191,10
38192,10
38193,10
38194,10
38195,10
38196,10
38197,10
38206,10
38207,10
38208,10
38209,10
38210,10
38211,10
38212,10
38214,2
38215,2
38216,2
38217,2
38218,2
38219,2
38220,2
38221,8
38222,8
38223,8
38224,8
