1485,1
1486,1
1487,1
1488,1
1489,1
1490,1
1491,1
1497,2
1498,2
1499,2
1500,2
1501,2
1502,2
1503,2
1515,2
1516,2
1517,2
1524,14
1525,14
1526,14
1527,14
1528,14
1529,14
1535,2
1536,2
1537,2
1538,2
1539,2
1540,2
1565,2
1566,2
1567,2
1568,2
1569,2
1570,2
1571,2
1572,2
1573,2
1574,2
1575,2
1576,2
1577,2
1578,2
1579,2
1580,2
1607,2
1608,2
1609,2
1610,2
1611,2
1612,2
1613,2
1614,2
1615,2
1616,2
1617,2
1618,2
1619,2
1620,6
1621,6
1622,6
1623,6
1625,4
1626,4
1627,4
1628,4
1629,4
1630,4
1631,4
1632,4
1633,4
1634,4
1635,4
1637,2
1638,2
1639,2
1640,2
1641,2
1642,2
1643,2
1644,2
1645,3
1646,3
1647,3
1648,3
1650,1
1651,1
1652,1
1653,1
1654,1
1655,1
1656,1
1657,1
1658,1
1659,1
1660,1
1661,1
1663,2
1664,2
1665,2
1666,2
1667,2
1668,2
1669,2
1670,2
1671,2
1672,2
1673,2
1674,2
1675,2
1676,2
1677,2
1678,2
1679,2
1680,2
1681,2
1682,2
1689,2
1690,2
1691,2
1692,2
1693,2
1694,2
1695,2
1696,2
1697,2
1698,2
1699,2
1700,2
1701,2
1702,2
1703,2
1704,2
1705,2
1706,2
1707,2
1708,2
1709,2
1710,6
1711,6
1712,6
1713,6
1714,6
1716,4
1717,4
1718,4
1719,4
1720,4
1721,4
1722,4
1723,4
1724,4
1725,4
1726,4
1727,4
1728,4
1734,4
1735,4
1736,4
1737,4
1738,4
1739,4
1740,4
1759,4
1760,4
1761,4
1762,4
1763,4
1764,4
1765,4
1767,4
1768,4
1769,4
1771,2
1772,2
1773,2
1774,2
1775,2
1776,2
1778,1
1779,1
1780,1
1781,1
1782,1
1783,1
1784,1
1785,1
1786,1
1787,1
1788,1
1790,3
1791,3
1792,3
1793,3
1794,3
1795,3
1796,3
1797,3
1814,4
1815,4
1816,4
1818,2
1819,2
1820,2
1821,2
1822,2
1824,1
1825,1
1826,1
1827,1
1828,1
1829,1
1830,1
1831,1
1832,1
1833,1
1834,1
1835,1
1836,1
1838,1
1839,1
1840,1
1841,1
1842,1
1843,1
1844,1
1845,1
1846,1
1847,1
1849,4
1850,4
1852,2
1853,2
1854,2
1855,2
1856,2
1857,2
1858,2
1859,2
1860,2
1861,2
1862,2
1863,2
1864,2
1865,2
1866,2
1965,3
1966,3
1967,3
1968,3
1969,3
1970,3
1971,3
1972,3
1973,3
1974,3
1975,3
1976,3
1977,3
1978,3
1979,3
2005,3
2006,3
2007,3
2008,3
2009,3
2010,3
2011,3
2012,3
2013,3
2014,3
2015,3
2016,3
2017,3
2018,3
2019,3
2020,3
2021,3
2022,3
2023,3
2024,3
2025,3
2026,3
2036,3
2037,3
2038,3
2039,3
2040,3
2041,3
2042,3
2043,3
2044,3
2045,3
2046,3
2052,2
2053,2
2054,2
2055,2
2056,2
2058,2
2059,2
2060,2
2227,2
2228,2
2229,2
2230,2
2231,2
2232,2
2233,2
2234,2
2235,2
2236,2
2237,2
2238,2
2239,2
2240,2
2241,2
2242,2
2243,2
2244,2
2245,2
2246,2
2247,2
2248,2
2254,3
2255,3
2256,3
2257,3
2258,3
2259,3
2260,3
2272,3
2273,3
2274,3
2275,3
2276,3
2277,3
2278,3
2279,3
2281,1
2282,1
2283,1
2284,1
2285,1
2286,1
2287,1
2288,1
2289,1
2290,1
2291,1
2292,1
2293,1
2294,1
2304,1
2305,1
2306,1
2307,1
2308,1
2309,1
2310,1
2311,3
2312,3
2313,3
2319,1
2320,1
2321,1
2322,1
2323,1
2324,1
2325,1
2331,2
2332,2
2333,2
2334,2
2335,2
2336,2
2337,2
2338,2
2339,2
2340,2
2341,2
2342,2
2343,2
2344,2
2345,2
2346,2
2347,2
2348,6
2349,6
2350,6
2351,6
2352,6
2354,4
2355,4
2356,4
2357,4
2358,4
2359,4
2360,4
2361,4
2362,4
2363,4
2364,4
2365,4
2366,4
2367,4
2368,4
2381,4
2382,4
2383,4
2384,4
2385,4
2386,4
2387,4
2397,4
2398,4
2399,4
2400,4
2401,4
2402,4
2403,4
2405,4
2406,4
2407,4
2408,4
2409,4
2410,4
2411,4
2412,4
2413,4
2414,4
2415,4
2416,4
2417,4
2418,4
2420,3
2421,3
2422,3
2423,3
2424,3
2425,3
2426,3
2428,1
2429,1
2430,1
2431,1
2432,1
2433,1
2479,1
2480,1
2481,1
2482,1
2483,1
2484,1
2485,1
2486,1
2487,1
2488,1
2489,1
2513,1
2514,1
2515,1
2516,1
2517,1
2518,1
2519,1
2520,1
2521,1
2522,1
2523,1
2524,4
2525,4
2534,4
2535,4
2536,4
2538,1
2539,1
2540,1
2541,2
2542,2
2543,2
2544,2
2545,2
2547,1
2548,1
2549,1
2550,1
2551,1
2552,1
2553,1
2554,1
2555,1
2556,1
2557,1
2558,1
2559,1
2560,1
2562,4
2563,4
2564,4
2566,2
2567,2
2568,2
2569,2
2570,2
2571,2
2572,2
2573,2
10969,3
10970,3
10971,3
10972,3
10973,3
10974,3
10975,3
10976,3
10977,3
10978,3
10979,3
10980,3
10981,3
10982,3
10983,3
10984,3
10985,3
10986,3
10987,3
10988,3
10989,3
10990,3
10991,3
10992,3
10993,3
10994,3
10995,3
10996,3
10997,3
10998,3
10999,3
11000,3
11001,3
11002,3
11003,3
11004,3
11005,3
11006,3
11007,3
11013,6
11014,6
11015,6
11016,6
11017,6
11018,6
11019,6
11020,6
11021,6
11022,6
11023,6
11024,6
11025,6
11039,6
11040,6
11041,6
11042,6
11043,6
11075,6
11076,6
11077,6
11078,6
11079,6
11080,6
11081,6
11082,6
11083,6
11084,6
11085,6
11086,6
11087,6
11093,4
11094,4
11095,4
11096,4
11097,4
11098,4
11099,4
11100,4
11101,4
11102,4
11103,4
11104,4
11105,4
11106,4
11107,4
11108,4
11109,4
11110,4
11137,4
11138,4
11139,4
11140,4
11141,4
11142,4
11143,4
11144,4
11145,4
11146,4
11147,4
11148,4
11149,4
11150,4
11151,4
11152,4
11153,4
11154,4
11155,4
11156,4
11157,4
11158,4
11159,4
11160,4
11161,4
11167,1
11168,1
11169,1
11170,1
11171,1
11172,1
11173,1
11183,1
11184,1
11185,1
11186,1
11187,1
11188,1
11189,1
11190,1
11191,3
11192,3
11193,3
11194,3
11196,2
11197,2
11198,2
11199,2
11200,2
11201,2
11202,2
11203,2
11204,2
11205,2
11206,2
11207,2
11208,2
11209,2
11210,2
11211,2
11212,2
11213,2
11214,2
11215,2
11216,2
11217,2
11218,2
11219,2
11220,2
11221,2
11222,2
11223,2
11224,2
11225,2
11227,1
11228,1
11229,1
11352,3
11353,3
11354,3
11355,3
11356,3
11357,3
11358,3
11359,3
11360,3
11361,3
11362,3
11363,3
11364,3
11365,3
11366,3
11367,3
11368,3
11370,3
11371,3
11372,3
11373,3
11374,3
11375,3
11376,3
11377,3
11378,3
11393,4
11394,4
11395,4
11396,4
11397,4
11398,4
11399,4
11400,4
11401,4
11402,4
11403,4
11404,4
11405,4
11411,2
11412,2
11413,2
11414,2
11415,2
11416,2
11417,2
11418,2
11419,2
11420,2
11421,2
11422,2
11423,2
11443,2
11444,2
11445,2
11446,2
11447,2
11448,2
11449,2
11450,2
11451,2
11480,10
11481,10
11482,10
11483,10
11484,10
11485,10
11486,10
11487,10
11488,10
11489,10
11490,10
11491,10
11492,10
11493,10
11494,10
11495,10
11496,10
11498,3
11499,3
11500,3
11501,3
11502,3
11503,3
11505,7
11507,3
11508,10
11509,10
11538,2
11539,2
11540,2
11541,2
11542,2
11543,2
11544,2
11545,2
11546,2
11547,2
11548,2
11549,2
11550,2
11614,2
11615,2
11616,2
11617,2
11618,2
11619,2
11620,2
11621,2
11622,2
11623,2
11624,2
11625,2
11626,2
11627,2
11628,2
11629,2
11630,2
11631,2
11632,2
11633,2
11634,2
11635,2
11636,2
11637,2
11638,2
11644,2
11645,2
11646,2
11647,2
11648,2
11649,2
11650,2
11651,2
11652,2
11653,2
11654,2
11655,2
11656,2
11662,3
11663,3
11664,3
11665,3
11666,3
11667,3
11668,3
11669,3
11670,3
11671,3
11672,3
11673,3
11674,3
11691,1
11692,1
11693,1
11694,1
11695,1
11696,1
11697,1
11698,1
11699,1
11700,1
11701,1
11702,1
11703,1
11704,1
11705,1
11706,1
11707,1
11708,1
11709,1
11710,1
11711,1
11712,1
12327,3
12328,3
12329,3
12330,3
12331,3
12332,3
12333,3
12334,3
12335,3
12336,3
12337,3
12343,3
12344,3
12345,3
12346,3
12347,3
12348,3
12349,3
12350,3
12351,3
12352,3
12353,3
12354,3
12373,3
12374,3
12375,3
12376,3
12377,3
12378,3
12379,3
12380,3
12381,3
12382,3
12383,3
12384,3
12385,3
12386,3
12387,3
12388,3
12389,4
12390,4
12391,4
12392,4
12394,4
12395,4
12396,4
12397,4
12398,4
12399,4
12400,4
12401,4
12402,4
12403,4
12404,4
12405,4
12406,4
12408,1
12409,1
12410,1
12411,1
12412,1
12413,1
12414,1
12416,3
12417,3
12418,3
12419,3
12420,1
12421,1
24109,1
24110,1
24111,1
24112,1
24113,1
24114,1
24115,1
24116,1
24117,1
24118,1
24119,1
24120,1
24121,1
24122,1
24123,1
24124,1
24125,1
24126,1
24127,1
24128,1
24129,1
24130,1
24131,1
24132,1
24133,1
24134,1
24135,1
24136,1
24137,1
24138,1
24139,1
24140,1
24141,1
24142,1
24143,1
24144,1
24145,1
24146,1
24147,1
24148,1
24149,1
24150,1
24151,1
24152,1
24153,1
24154,1
24155,1
24156,1
24157,1
24158,1
24159,1
24160,1
24161,1
24162,1
24163,1
24164,1
24165,1
24166,1
24167,1
24168,1
24169,1
24170,1
24171,1
24172,1
24173,1
24174,1
24175,1
24176,1
24177,1
24178,1
24179,1
24180,1
24181,1
24182,1
24183,1
24184,1
24185,1
24186,1
24187,1
24188,1
24189,1
24190,1
24191,1
24192,1
24193,1
24194,1
24195,1
24196,1
24197,1
24198,1
24199,1
24200,1
24201,1
24202,1
24203,1
24204,1
24205,1
24206,1
24207,1
24208,1
24209,1
24210,1
24211,1
24212,1
24213,1
24214,1
24215,1
24216,1
24217,1
24218,1
24219,1
24220,1
24221,1
24222,1
24223,1
24224,1
24225,1
24226,1
24227,1
24228,1
24229,1
24230,1
24231,1
24232,1
24233,1
24234,1
24235,1
24236,1
24237,1
24238,1
24239,1
24240,1
24241,1
24242,1
24243,1
24244,1
24245,1
24246,1
24247,1
24248,1
24249,1
24250,1
24251,1
24252,1
24253,1
24254,1
24255,1
24256,1
24257,1
24258,1
24259,1
24260,1
24261,1
24262,1
24264,1
24265,1
24266,1
24267,1
24268,1
24269,1
24270,1
24271,1
24272,1
24273,1
24274,1
24275,1
24276,1
24277,1
24278,1
24279,1
24280,1
24281,1
24282,1
24283,1
24284,1
24285,1
24286,1
24287,1
24288,1
24289,1
24290,1
24291,1
24292,1
24293,1
24294,1
24322,1
24323,1
24324,1
30766,2
30767,2
30768,2
30769,2
30770,2
30771,2
30772,2
30773,2
30774,2
30775,2
30776,2
30777,2
30778,2
30779,2
30780,2
30781,2
30782,2
30783,2
30784,2
30812,6
30813,6
30814,6
30815,6
30816,6
30817,6
30818,6
30819,6
30820,6
30821,6
30822,6
30823,6
30824,6
30825,6
30826,6
30827,6
30828,6
30829,6
30830,6
30831,6
30832,6
30833,6
30834,6
30835,6
30836,6
30837,6
30838,6
30839,6
30840,6
30841,6
30842,6
30843,6
30844,6
30845,6
30846,6
30847,6
30848,6
30849,6
30850,6
30851,6
30852,6
30853,6
30854,6
30860,6
30861,6
30862,6
30863,6
30864,6
30865,6
30866,6
30867,6
30984,4
30985,4
30986,4
30987,4
30988,4
30989,4
30990,4
30991,4
30992,4
30993,4
30999,3
31000,3
31001,3
31002,3
31003,3
31004,3
31005,3
31006,3
31007,3
31008,3
31009,3
31010,3
31011,3
31012,3
31013,3
31014,3
31015,3
31016,3
31017,3
31018,3
31019,3
31020,3
31021,3
31055,4
31056,4
31057,4
31058,4
31059,4
31061,3
31062,3
31063,3
31064,1
31065,1
31066,1
31067,1
31068,1
31073,1
31074,1
31075,1
31076,1
31077,1
31078,1
31079,1
31080,1
31081,1
31082,1
31083,1
31084,1
31085,1
31086,1
31087,1
31089,1
31090,1
31091,1
31092,1
31093,1
31094,1
31095,1
31096,1
31097,1
31100,1
31101,1
31102,1
31155,15
31156,15
31157,15
31158,15
31159,15
31164,15
31165,15
31166,15
31167,15
31168,15
31174,1
31175,1
31176,1
31177,1
31178,1
31179,1
31185,4
31186,4
31187,4
31188,4
31189,4
31190,4
31314,3
31315,3
31316,3
31317,3
31318,3
31320,3
31321,3
31325,3
31326,3
31327,3
31396,6
31397,6
31398,6
31399,6
31400,6
31403,6
31404,6
31405,6
31450,9
31451,9
31452,9
31453,9
31454,9
31455,9
31645,2
31646,2
31647,2
31648,2
31649,2
31650,2
31651,2
31652,2
31653,2
31654,2
38182,20
38183,20
38184,20
38185,20
38186,20
38191,20
38192,20
38193,20
38194,20
38195,20
38196,20
38197,20
38206,20
38207,20
38208,20
38209,20
38210,20
38211,20
38212,20
38214,13
38215,13
38216,13
38217,13
38218,13
38219,13
38220,13
38221,7
38222,7
38223,7
38224,7
38253,39
38254,39
38255,39
38256,39
38257,39
38258,39
38259,39
38260,39
38261,39
38290,6
38291,6
38292,6
38293,6
38294,6
38299,6
38300,6
38301,6
38302,6
38303,6
38348,6
38349,6
38350,6
38351,6
38352,6
38353,6
38354,6
38355,6
38356,6
38357,6
38358,6
38359,45
38360,45
38361,45
38363,39
38364,39
38365,39
38366,39
38367,39
38368,39
38369,39
38370,39
38371,39
38372,39
38373,39
38374,39
38410,39
38411,39
38412,39
38414,6
38415,6
38416,6
38417,6
40178,1
40179,1
40180,1
40181,1
40182,1
40183,1
40184,1
40185,1
40186,1
40187,1
40188,1
40189,1
40190,1
40191,1
40192,1
40198,2
40199,2
40200,2
40201,2
40202,2
40203,2
40204,2
40205,2
40206,2
40207,2
40208,2
40209,2
40210,2
40211,2
40212,2
40213,2
40214,2
40233,1
40234,1
40235,1
40236,1
40237,1
40238,1
40239,1
40240,1
40257,2
40258,2
40259,2
40260,2
40261,2
40262,2
40283,2
40284,2
40285,2
40286,2
40287,2
40289,1
40290,1
40291,1
40292,1
40293,1
40294,1
40295,1
40296,1
40297,1
40298,1
40299,1
40320,1
40321,1
40322,1
40323,1
40324,1
40325,1
40326,1
40327,1
40328,1
40329,1
