1485,1
1486,1
1487,1
1488,1
1489,1
1490,1
1491,1
1497,1
1498,1
1499,1
1500,1
1501,1
1502,1
1503,1
1515,1
1516,1
1517,1
1524,10
1525,10
1526,10
1527,10
1528,10
1529,10
1535,1
1536,1
1537,1
1538,1
1539,1
1540,1
1546,1
1547,1
1548,1
1549,1
1550,1
1551,1
1552,1
1553,1
1554,1
1555,1
1556,1
1557,1
1558,1
1559,1
1607,1
1608,1
1609,1
1610,1
1611,1
1612,1
1613,1
1614,1
1615,1
1616,1
1617,1
1618,1
1619,1
1620,3
1621,3
1622,3
1623,3
1625,2
1626,2
1627,2
1628,2
1629,2
1630,2
1631,2
1632,2
1633,2
1634,2
1635,2
1637,1
1638,1
1639,1
1640,1
1641,1
1642,1
1643,1
1644,1
1645,1
1646,1
1647,1
1648,1
1663,1
1664,1
1665,1
1666,1
1667,1
1668,1
1669,1
1670,1
1671,1
1672,1
1673,1
1674,1
1675,1
1676,1
1677,1
1678,1
1679,1
1680,1
1681,1
1682,1
1689,1
1690,1
1691,1
1692,1
1693,1
1694,1
1695,1
1696,1
1697,1
1698,1
1699,1
1700,1
1701,1
1702,1
1703,1
1704,1
1705,1
1706,1
1707,1
1708,1
1709,1
1710,3
1711,3
1712,3
1713,3
1714,3
1716,2
1717,2
1718,2
1719,2
1720,2
1721,2
1722,2
1723,2
1724,2
1725,2
1726,2
1727,2
1728,2
1734,2
1735,2
1736,2
1737,2
1738,2
1739,2
1740,2
1759,2
1760,2
1761,2
1762,2
1763,2
1764,2
1765,2
1767,2
1768,2
1769,2
1790,2
1791,2
1792,2
1793,2
1794,2
1795,2
1796,2
1797,2
1814,2
1815,2
1816,2
1849,2
1850,2
1852,1
1853,1
1854,1
1855,1
1856,1
1857,1
1858,1
1859,1
1860,1
1861,1
1862,1
1863,1
1864,1
1865,1
1866,1
1872,2
1873,2
1874,2
1875,4
1876,4
1877,4
1878,4
1879,4
1881,3
1882,3
1883,3
1884,3
1885,3
1886,3
1887,3
1888,3
1889,3
1890,3
1891,3
1892,3
1893,3
1894,3
1896,1
1897,1
1898,1
1899,1
1900,1
1902,1
1903,1
1904,1
1905,1
1906,1
1907,1
1908,1
1910,2
1911,2
1912,2
1913,2
1914,2
1915,2
1916,2
1917,2
1918,2
1919,2
1920,2
1921,2
1935,2
1936,2
1938,2
1939,2
1940,2
1941,2
1942,2
1957,2
1958,2
1959,2
1965,2
1966,2
1967,2
1968,2
1969,2
1970,2
1971,2
1972,2
1973,2
1974,2
1975,2
1976,2
1977,2
1978,2
1979,2
2005,2
2006,2
2007,2
2008,2
2009,2
2010,2
2011,2
2012,2
2013,2
2014,2
2015,2
2016,2
2017,2
2018,2
2019,2
2020,2
2021,2
2022,2
2023,2
2024,2
2025,2
2026,2
2028,2
2029,2
2030,2
2031,2
2032,2
2033,2
2034,2
2035,2
2036,2
2037,2
2038,2
2039,2
2040,2
2041,2
2042,2
2043,2
2044,2
2045,2
2046,2
2052,1
2053,1
2054,1
2055,1
2056,1
2058,1
2059,1
2060,1
2227,1
2228,1
2229,1
2230,1
2231,1
2232,1
2233,1
2234,1
2235,1
2236,1
2237,1
2238,1
2239,1
2240,1
2241,1
2242,1
2243,1
2244,1
2245,1
2246,1
2247,1
2248,1
2254,2
2255,2
2256,2
2257,2
2258,2
2259,2
2260,2
2272,2
2273,2
2274,2
2275,2
2276,2
2277,2
2278,2
2279,2
2311,2
2312,2
2313,2
10969,1
10970,1
10971,1
10972,1
10973,1
10974,1
10975,1
10976,1
10977,1
10978,1
10979,1
10980,1
10981,1
10982,1
10983,1
10984,1
10985,1
10986,1
10987,1
10988,1
10989,1
10990,1
10991,1
10992,1
10993,1
10994,1
10995,1
10996,1
10997,1
10998,1
10999,1
11000,1
11001,1
11002,1
11003,1
11004,1
11005,1
11006,1
11007,1
11013,2
11014,2
11015,2
11016,2
11017,2
11018,2
11019,2
11020,2
11021,2
11022,2
11023,2
11024,2
11025,2
11039,2
11040,2
11041,2
11042,2
11043,2
11075,2
11076,2
11077,2
11078,2
11079,2
11080,2
11081,2
11082,2
11083,2
11084,2
11085,2
11086,2
11087,2
11275,2
11276,2
11277,2
11278,2
11279,2
11280,2
11281,2
11282,2
11283,2
11284,2
11285,2
11286,2
11287,2
11288,2
11289,2
11290,2
11291,2
11292,2
11293,2
11294,2
11295,2
11296,2
11297,2
11298,2
11307,2
11308,2
11309,2
11310,2
11311,2
11312,2
11313,2
11314,2
11315,2
11316,2
11317,2
11318,2
11319,2
11343,2
11344,2
11345,2
11346,2
11352,4
11353,4
11354,4
11355,4
11356,4
11357,4
11358,4
11359,4
11360,4
11361,4
11362,4
11363,4
11364,4
11365,4
11366,4
11367,4
11368,4
11370,4
11371,4
11372,4
11373,4
11374,4
11375,4
11376,4
11377,4
11378,4
11393,2
11394,2
11395,2
11396,2
11397,2
11398,2
11399,2
11400,2
11401,2
11402,2
11403,2
11404,2
11405,2
11411,1
11412,1
11413,1
11414,1
11415,1
11416,1
11417,1
11418,1
11419,1
11420,1
11421,1
11422,1
11423,1
11443,1
11444,1
11445,1
11446,1
11447,1
11448,1
11449,1
11450,1
11451,1
11480,9
11481,9
11482,9
11483,9
11484,9
11485,9
11486,9
11487,9
11488,9
11489,9
11490,9
11491,9
11492,9
11493,9
11494,9
11495,9
11496,9
11498,4
11499,4
11500,4
11501,4
11502,4
11503,4
11505,5
11507,4
11508,9
11509,9
11538,1
11539,1
11540,1
11541,1
11542,1
11543,1
11544,1
11545,1
11546,1
11547,1
11548,1
11549,1
11550,1
11614,1
11615,1
11616,1
11617,1
11618,1
11619,1
11620,1
11621,1
11622,1
11623,1
11624,1
11625,1
11626,1
11627,1
11628,1
11629,1
11630,1
11631,1
11632,1
11633,1
11634,1
11635,1
11636,1
11637,1
11638,1
11662,2
11663,2
11664,2
11665,2
11666,2
11667,2
11668,2
11669,2
11670,2
11671,2
11672,2
11673,2
11674,2
12138,2
12139,2
12140,2
12141,2
12142,2
12143,2
12144,2
12145,2
12146,2
12147,2
12148,2
12149,2
12155,2
12156,2
12157,2
12158,2
12159,2
12160,2
12161,2
12162,2
12163,2
12164,2
12165,2
12166,2
12167,2
12168,2
12169,2
12170,2
12171,6
12172,6
12173,6
12174,6
12176,4
12177,4
12178,4
12179,4
12180,4
12181,4
12182,4
12183,4
12184,4
12185,4
12186,4
12188,2
12189,2
12190,2
12191,2
12192,2
12193,2
12194,2
12195,2
12196,2
12197,4
12198,4
12200,2
12201,2
12202,2
12203,2
12204,2
12207,2
12208,2
12209,2
12210,2
12211,2
12212,2
12213,2
12214,2
12220,2
12221,2
12222,2
12223,2
12224,2
12225,2
12226,2
12227,2
12228,2
12229,2
12230,2
12231,2
12360,1
12361,1
12362,1
12363,1
12364,1
12365,1
12366,1
12367,1
12373,2
12374,2
12375,2
12376,2
12377,2
12378,2
12379,2
12380,2
12381,2
12382,2
12383,2
12384,2
12385,2
12386,2
12387,2
12388,2
12389,3
12390,3
12391,3
12392,3
12394,3
12395,3
12396,3
12397,3
12398,3
12399,3
12400,3
12401,3
12402,3
12403,3
12404,3
12405,3
12406,3
12408,1
12409,1
12410,1
12411,1
12412,1
12413,1
12414,1
12416,2
12417,2
12418,2
12419,2
12420,1
12421,1
23789,1
23790,1
23791,1
23792,1
23793,1
23794,1
23795,1
23796,1
23797,1
23798,1
23799,1
23800,1
23801,1
23802,1
23803,1
23804,1
23805,1
23806,1
23807,1
23808,1
23809,1
23810,1
23811,1
23812,1
23813,1
23814,1
23815,1
23816,1
23817,1
23818,1
23819,1
23820,1
23821,1
23822,1
23823,1
23824,1
23825,1
23826,1
23827,1
23828,1
23829,1
23830,1
23831,1
23832,1
23833,1
23834,1
23835,1
23836,1
23837,1
23838,1
23839,1
23840,1
23841,1
23842,1
23843,1
23844,1
23845,1
23846,1
23847,1
23848,1
23849,1
23850,1
23851,1
23852,1
23853,1
23854,1
23855,1
23856,1
23857,1
23858,1
23859,1
23860,1
23861,1
23862,1
23863,1
23864,1
23865,1
23866,1
23867,1
23868,1
23869,1
23870,1
23871,1
23872,1
23873,1
23874,1
23875,1
23876,1
23877,1
23878,1
23879,1
23880,1
23881,1
23882,1
23883,1
23884,1
23885,1
23886,1
23887,1
23888,1
23889,1
23890,1
23891,1
23892,1
23893,1
23894,1
23895,1
23896,1
23897,1
23898,1
23899,1
23900,1
23901,1
23902,1
23903,1
23904,1
23905,1
23906,1
23907,1
23908,1
23909,1
23910,1
23911,1
23912,1
23913,1
23914,1
23915,1
23916,1
23917,1
23918,1
23919,1
23920,1
23921,1
23922,1
23923,1
23924,1
23925,1
23926,1
23927,1
23928,1
23929,1
23930,3
23931,3
23932,3
23933,3
23934,3
23936,2
23937,2
23938,2
23939,2
23940,2
23941,2
23942,2
23943,2
23944,2
23945,2
23946,2
23947,1
23948,1
23949,1
23950,1
23951,1
23952,1
23953,1
23954,1
23955,1
23956,1
23957,1
23958,1
23959,1
23960,1
23961,1
23962,1
23963,1
23964,1
23965,1
23966,1
23967,1
23968,1
23969,1
23970,1
23972,1
23973,1
23974,1
23975,1
23976,1
23977,1
23978,1
23979,1
23980,1
23981,1
23982,1
23983,1
23984,1
23985,1
23986,1
23987,1
23988,1
23989,1
23990,1
23991,1
23992,1
23993,1
23994,1
23995,1
23996,1
23997,1
23998,1
23999,1
24000,1
24001,1
24002,1
24003,1
24004,1
24005,1
24006,1
24014,2
24015,2
24017,1
24018,1
24019,1
25212,1
25213,1
25214,1
25215,1
25216,1
25217,1
25218,1
25219,1
25220,1
25221,1
25222,1
25223,1
25224,1
25225,1
25226,1
25232,2
25233,2
25234,2
25235,2
25236,2
25237,2
25238,2
25239,2
25240,2
25241,2
25242,2
25244,2
25245,2
25246,2
25247,2
25248,2
25249,2
25250,2
25251,2
25252,2
25253,2
25254,2
25255,2
25256,2
25257,2
25258,2
25259,2
25260,2
25261,2
25262,2
25291,2
25292,2
25293,2
25294,2
25295,2
25296,2
25297,2
25298,2
25299,2
25300,2
25301,2
25302,2
25303,2
25304,2
25305,2
25306,2
25307,2
25308,2
25309,2
25310,2
25311,2
25312,2
25313,2
25314,2
25315,2
25316,2
25317,2
25318,2
25319,2
25320,2
25321,2
25322,2
25323,2
25324,2
25325,2
25326,2
25327,2
25329,2
25330,2
25331,2
25332,2
25334,2
25335,2
25336,2
25337,2
25338,2
25339,2
25340,2
25341,2
25342,2
25343,2
25344,2
25345,2
25346,2
25347,2
25353,2
25354,2
25355,2
25361,1
25362,1
25363,1
25364,1
25365,1
25366,1
25367,1
25368,1
25369,1
25370,1
25371,1
25372,1
25373,1
25374,1
25375,1
25376,1
25377,1
25378,1
25379,1
25380,1
25381,1
25382,1
25383,3
25384,3
25385,3
25386,3
25387,3
25389,2
25390,2
25391,2
25392,2
25393,2
25394,2
25395,2
25396,2
25397,2
25398,2
25399,2
25400,2
25401,2
25403,2
25404,2
25405,2
25406,2
25407,2
25418,2
25419,2
25420,2
25421,2
25422,2
25423,2
25424,2
25543,2
25544,2
25545,2
25546,2
25547,2
25548,2
25549,2
25551,2
25552,2
25553,2
25554,2
25555,2
25557,2
25558,2
25559,2
25560,2
25561,2
25572,2
25573,2
25574,2
25575,2
25576,2
25577,2
25578,2
25579,2
25580,2
25644,2
25645,2
25646,2
25647,2
25648,2
25649,2
25650,2
25651,2
25661,2
25662,2
25663,2
25664,2
25665,2
25666,2
25667,2
25668,2
25670,1
25671,1
25672,1
25673,1
25674,1
25675,1
25676,1
25677,1
25678,1
25684,2
25685,2
25686,2
25687,2
25688,2
25689,2
25708,2
25709,2
25710,2
25716,1
25717,1
25718,1
25719,1
25720,1
25721,1
25722,1
25723,1
25724,1
25725,1
25726,1
25727,1
25728,1
25729,1
30790,2
30791,2
30792,2
30793,2
30794,2
30795,2
30796,2
30797,2
30798,2
30799,2
30800,2
30801,2
30802,2
30803,2
30804,2
30805,2
30806,2
30812,2
30813,2
30814,2
30815,2
30816,2
30817,2
30818,2
30819,2
30820,2
30821,2
30822,2
30823,2
30824,2
30825,2
30826,2
30827,2
30828,2
30829,2
30830,2
30831,2
30832,2
30833,2
30834,2
30835,2
30836,2
30837,2
30838,2
30839,2
30840,2
30841,2
30842,2
30843,2
30844,2
30845,2
30846,2
30847,2
30848,2
30849,2
30850,2
30851,2
30852,2
30853,2
30854,2
30860,2
30861,2
30862,2
30863,2
30864,2
30865,2
30866,2
30867,2
30873,5
30874,5
30875,5
30876,5
30877,5
30885,5
30886,5
30887,5
30896,5
30899,5
30900,5
30906,5
30907,5
30908,5
30909,5
30910,5
30911,5
30922,5
30923,5
30924,5
30925,5
30926,5
30927,5
30928,5
30929,5
30930,5
30931,5
30932,5
30954,2
30955,2
30956,2
30957,2
30958,2
30959,2
30970,2
30971,2
30972,2
30973,2
30974,2
30975,2
30976,2
30977,2
30978,2
30984,2
30985,2
30986,2
30987,2
30988,2
30989,2
30990,2
30991,2
30992,2
30993,2
30999,2
31000,2
31001,2
31002,2
31003,2
31004,2
31005,2
31006,2
31007,2
31008,2
31009,2
31010,2
31011,2
31012,2
31013,2
31014,2
31015,2
31016,2
31017,2
31018,2
31019,2
31020,2
31021,2
31055,4
31056,4
31057,4
31058,4
31059,4
31061,2
31062,2
31063,2
31064,2
31065,2
31066,2
31067,2
31068,2
31073,2
31074,2
31075,2
31076,2
31077,2
31078,2
31079,2
31080,2
31081,2
31082,2
31083,2
31084,2
31085,2
31086,2
31087,2
31089,2
31090,2
31091,2
31092,2
31093,2
31094,2
31095,2
31096,2
31097,2
31100,2
31101,2
31102,2
31141,2
31142,2
31143,2
31144,2
31145,2
31146,2
31147,2
31148,2
31149,2
31155,6
31156,6
31157,6
31158,6
31159,6
31164,6
31165,6
31166,6
31167,6
31168,6
31174,1
31175,1
31176,1
31177,1
31178,1
31179,1
31185,3
31186,3
31187,3
31188,3
31189,3
31190,3
31227,5
31228,5
31229,5
31230,5
31231,5
31232,5
31235,5
31236,5
31237,5
31238,5
31239,5
31240,5
31241,5
31242,5
31243,5
31271,2
31272,2
31273,2
31274,2
31275,2
31278,2
31279,2
31280,2
31281,2
31282,2
31283,2
31284,2
31285,2
31286,2
31292,2
31293,2
31294,2
31295,2
31296,2
31297,2
31303,2
31304,2
31305,2
31306,2
31307,2
31308,2
31314,9
31315,9
31316,9
31317,9
31318,9
31320,9
31321,9
31323,9
31326,9
31327,9
31396,2
31397,2
31398,2
31399,2
31400,2
31403,2
31404,2
31405,2
31411,7
31412,7
31413,7
31414,7
31415,7
31416,7
31417,7
31418,7
31435,2
31436,2
31437,2
31438,2
31439,2
31443,2
31444,2
31450,4
31451,4
31452,4
31453,4
31454,4
31455,4
31461,2
31462,2
31463,2
31464,2
31465,2
31466,2
31468,2
31469,2
31470,2
31471,2
31472,2
31473,2
31474,2
31475,2
31476,2
31477,2
31478,2
31479,2
31480,2
31481,5
31482,5
31483,5
31485,3
31486,3
31487,3
31488,3
31489,3
31490,3
31491,3
31492,3
31497,3
31498,3
31499,3
31500,3
31501,3
31502,3
31503,3
31504,3
31505,3
31506,3
31507,3
31508,3
31509,3
31510,3
31511,3
31512,3
31513,3
31514,3
31515,3
31516,3
31517,3
31518,3
31519,3
31520,3
31521,3
31522,3
31523,3
31525,2
31526,2
31527,2
31528,2
31529,2
31530,2
31531,2
31532,2
31533,2
31570,2
31571,2
31572,2
31573,2
31574,2
31575,2
31576,2
31577,2
31578,2
31579,2
31585,2
31586,2
31587,2
31588,2
31589,2
31590,2
31591,2
31592,2
31593,2
31594,2
31615,2
31616,2
31617,2
31618,2
31619,2
31620,2
31621,2
31622,2
31623,2
31624,2
31630,2
31631,2
31632,2
31633,2
31634,2
31635,2
31636,2
31637,2
31638,2
31639,2
31645,2
31646,2
31647,2
31648,2
31649,2
31650,2
31651,2
31652,2
31653,2
31654,2
31660,2
31661,2
31662,2
31663,2
31664,2
31665,2
31666,2
31667,2
31668,2
31669,2
31691,2
31692,2
31693,2
31694,2
31695,2
31696,2
31697,2
31698,2
31699,2
31700,2
38130,2
38131,2
38132,2
38133,2
38134,2
38135,2
38136,2
38137,2
38138,2
38139,2
38140,2
38142,2
38143,2
38144,2
38145,2
38146,2
38173,2
38174,2
38175,2
38176,2
38182,17
38183,17
38184,17
38185,17
38186,17
38191,17
38192,17
38193,17
38194,17
38195,17
38196,17
38197,17
38206,17
38207,17
38208,17
38209,17
38210,17
38211,17
38212,17
38214,9
38215,9
38216,9
38217,9
38218,9
38219,9
38220,9
38221,8
38222,8
38223,8
38224,8
38253,2
38254,2
38255,2
38256,2
38257,2
38258,2
38259,2
38260,2
38261,2
38267,2
38268,2
38269,2
38270,2
38271,2
38272,2
38273,2
38274,2
38280,2
38283,2
38284,2
38290,2
38291,2
38292,2
38293,2
38294,2
38299,2
38300,2
38301,2
38302,2
38303,2
38305,2
38306,2
38307,2
38308,2
38309,2
38310,2
38311,2
38312,2
38313,2
38314,2
38315,2
38316,2
38317,2
38345,2
38346,2
38414,2
38415,2
38416,2
38417,2
38451,2
38452,2
38453,2
38454,2
38455,2
38456,2
38457,2
38458,2
38459,2
38460,2
38461,2
38462,2
38468,2
38469,2
38470,2
38471,2
38472,2
38473,2
38474,2
38475,2
38476,2
38477,2
38478,2
38479,2
38480,2
38481,2
38482,2
38483,2
38484,2
38485,2
38486,2
38487,2
38488,2
38489,2
38490,2
38491,2
38492,2
38493,2
38494,2
38495,2
38496,2
38497,2
38498,2
38499,2
38500,2
38501,2
38502,2
38503,2
38504,2
38505,2
38506,2
38507,2
38508,2
38509,2
38510,2
38511,2
38512,2
38513,2
38514,2
38515,2
38516,2
38517,2
38518,2
38519,2
38520,2
38521,2
38522,2
38523,2
38524,2
38525,2
38526,2
38527,2
38528,2
38529,2
38530,2
38531,2
38532,2
38533,2
38534,2
38535,2
38536,2
38537,2
38538,2
38550,2
38551,2
38552,2
38553,2
38590,2
38591,2
38592,2
38593,2
38594,2
38595,2
38596,2
38597,2
38692,2
38693,2
38694,2
38695,2
38696,2
38697,2
38698,2
38699,2
38700,2
38701,2
38702,2
38703,2
38704,2
38705,2
38706,2
38707,2
38708,2
38709,2
38710,2
38711,2
38712,2
38713,2
38714,2
38715,2
38716,2
38717,2
38718,2
38719,2
38720,2
38811,2
38812,2
38813,2
38814,2
38815,2
38816,2
38817,2
38818,2
38819,2
38820,2
