1481,1
1482,1
1483,1
1484,1
1485,1
1486,1
1487,1
1493,1
1494,1
1495,1
1496,1
1497,1
1498,1
1499,1
1501,1
1502,1
1503,1
1504,1
1505,1
1506,1
1507,1
1508,1
1509,1
1510,1
1515,1
1516,1
1517,1
1520,1
1521,1
1522,1
1523,1
1524,1
1525,1
1531,2
1532,2
1533,2
1534,2
1535,2
1536,2
1542,1
1543,1
1544,1
1545,1
1546,1
1547,1
1548,1
1549,1
1550,1
1551,1
1552,1
1553,1
1557,1
1558,1
1559,1
1603,1
1604,1
1605,1
1606,1
1607,1
1608,1
1609,1
1610,1
1611,1
1612,1
1613,1
1614,1
1615,1
1617,2
1618,2
1619,2
1620,2
1621,2
1622,2
1623,2
1624,2
1625,2
1626,2
1627,3
1628,3
1629,3
1630,3
1631,3
1633,1
1634,1
1635,1
1636,1
1637,1
1638,1
1639,1
1640,1
1653,1
1654,1
1655,1
1656,1
1657,1
1659,1
1660,1
1661,1
1662,1
1663,1
1664,1
1665,1
1666,1
1667,1
1668,1
1669,1
1670,1
1671,1
1672,1
1673,1
1674,1
1675,1
1676,1
1677,1
1678,1
1685,1
1686,1
1687,1
1688,1
1689,1
1690,1
1691,1
1692,1
1693,1
1694,1
1695,1
1696,1
1697,1
1698,1
1699,1
1700,1
1701,1
1702,1
1703,1
1704,1
1705,1
1706,1
1707,1
1852,1
1853,1
1854,1
1855,1
1856,1
1858,1
1859,1
1860,1
1861,1
1862,1
1863,1
1864,1
1865,1
1866,1
1874,1
1875,1
1876,1
2055,1
2056,1
2057,1
2058,1
2059,1
2061,1
2062,1
2063,1
2228,1
2229,1
2230,1
2231,1
2232,1
2233,1
2234,1
2235,1
2236,1
2237,1
2238,1
2239,1
2240,1
2241,1
2242,1
2243,1
2244,1
2245,1
2246,1
2247,1
2248,1
2249,1
3734,1
3735,1
3736,1
3737,1
3738,1
3739,1
3740,1
3741,1
3742,1
3743,1
3744,1
3745,1
3746,1
3747,1
3748,1
3749,1
3750,1
3754,1
3755,1
3756,1
3757,1
3758,1
3759,1
3760,1
3761,1
3762,1
3763,1
3764,1
3765,1
3766,1
3767,1
3768,1
3769,1
3770,1
3771,1
3772,1
3773,1
3774,1
3776,2
3777,2
3778,2
3779,2
3780,2
3781,2
3782,2
3783,2
3784,2
3785,2
3786,2
3787,2
3788,2
3789,2
3791,1
3792,1
3793,1
3794,1
3795,1
3796,1
3797,1
3798,3
3799,3
3800,3
3801,3
3802,3
3804,1
3805,1
3806,1
3807,1
3808,1
3809,1
3815,1
3816,1
3817,1
3818,1
3819,1
3820,1
3821,1
3822,1
3823,1
3824,1
3825,1
3826,1
3827,1
3828,1
3829,1
3830,1
3831,1
3832,1
3833,1
3834,1
3840,1
3841,1
3842,1
3843,1
3844,1
3845,1
3846,1
3847,1
3848,1
3849,1
3850,1
3851,1
3868,1
3869,1
3870,1
3871,1
3872,1
3873,1
3874,1
3875,1
3876,1
3877,1
3878,1
3879,1
10928,1
10929,1
10930,1
10931,1
10932,1
10933,1
10934,1
10935,1
10936,1
10937,1
10938,1
10939,1
10940,1
10941,1
10942,1
10943,1
10944,1
10945,1
10946,1
10947,1
10948,1
10949,1
10950,1
10951,1
10952,1
10953,1
10954,1
10955,1
10956,1
10957,1
10958,1
10959,1
10960,1
10961,1
10962,1
10963,1
10964,1
10965,1
10966,1
10967,1
10968,1
10974,2
10975,2
10976,2
10977,2
10978,2
10979,2
10980,2
10981,2
10982,2
10983,2
10984,2
10985,2
10986,2
11000,2
11001,2
11002,2
11003,2
11004,2
11006,2
11007,2
11008,2
11009,2
11010,2
11011,2
11012,2
11013,2
11028,2
11029,2
11030,2
11031,2
11032,2
11033,2
11034,2
11035,2
11036,2
11037,2
11038,2
11039,2
11040,2
11041,2
11042,2
11043,2
11044,2
11045,2
11046,2
11047,2
11048,2
11372,1
11373,1
11374,1
11375,1
11376,1
11377,1
11378,1
11379,1
11380,1
11381,1
11382,1
11383,1
11384,1
11404,1
11405,1
11406,1
11407,1
11408,1
11409,1
11410,1
11411,1
11412,1
11497,1
11498,1
11499,1
11500,1
11501,1
11502,1
11503,1
11504,1
11505,1
11506,1
11507,1
11508,1
11509,1
11573,1
11574,1
11575,1
11576,1
11577,1
11578,1
11579,1
11580,1
11581,1
11582,1
11583,1
11584,1
11585,1
11586,1
11587,1
11588,1
11589,1
11590,1
11591,1
11592,1
11593,1
11594,1
11595,1
11596,1
11597,1
25582,1
25583,1
25584,1
25585,1
25586,1
25587,1
25588,1
25589,1
25590,1
25591,1
25592,1
25593,1
25594,1
25595,1
25596,1
25597,1
25598,1
25734,1
25735,1
25736,1
25737,1
25738,1
25739,1
25740,1
25741,1
25742,1
25743,1
25744,1
25745,1
25746,1
25747,1
25748,1
25749,1
25750,1
25751,1
25752,1
25753,1
25754,1
25755,1
25756,1
25757,1
26039,1
26040,1
26041,1
26042,1
26043,1
26045,1
26046,1
26047,1
26048,1
26049,1
26050,1
26051,1
26052,1
26053,1
26093,1
26094,1
26095,1
26096,1
26097,1
26098,1
26099,1
26100,1
26101,1
26102,1
26103,1
26104,1
26105,1
26106,1
31301,2
31302,2
31303,2
31304,2
31305,2
31306,2
31307,2
31308,2
31309,2
31310,2
31311,2
31312,2
31313,2
31314,2
31315,2
31316,2
31317,2
31323,2
31324,2
31325,2
31326,2
31327,2
31328,2
31329,2
31330,2
31331,2
31332,2
31333,2
31334,2
31335,2
31336,2
31337,2
31338,2
31339,2
31340,2
31341,2
31342,2
31343,2
31344,2
31345,2
31346,2
31347,2
31348,2
31349,2
31350,2
31351,2
31352,2
31353,2
31354,2
31355,2
31356,2
31357,2
31358,2
31359,2
31360,2
31361,2
31362,2
31363,2
31364,2
31365,2
31371,2
31372,2
31373,2
31374,2
31375,2
31376,2
31377,2
31378,2
31498,2
31499,2
31500,2
31501,2
31502,2
31503,2
31504,2
31505,2
31506,2
31507,2
31666,2
31667,2
31668,2
31669,2
31670,2
31675,2
31676,2
31677,2
31678,2
31679,2
31902,2
31903,2
31904,2
31905,2
31906,2
31909,2
31910,2
31954,2
31955,2
31956,2
31957,2
31958,2
31959,2
32076,2
32077,2
32078,2
32079,2
32080,2
32081,2
32082,2
32083,2
32084,2
32085,2
32091,2
32092,2
32093,2
32094,2
32095,2
32096,2
32097,2
32098,2
32099,2
32100,2
32121,2
32122,2
32123,2
32124,2
32125,2
32126,2
32127,2
32128,2
32129,2
32130,2
32136,2
32137,2
32138,2
32139,2
32140,2
32141,2
32142,2
32143,2
32144,2
32145,2
32151,2
32152,2
32153,2
32154,2
32155,2
32156,2
32157,2
32158,2
32159,2
32160,2
32166,2
32167,2
32168,2
32169,2
32170,2
32171,2
32172,2
32173,2
32174,2
32175,2
32197,2
32198,2
32199,2
32200,2
32201,2
32202,2
32203,2
32204,2
32205,2
32206,2
34745,1
34746,1
34747,1
34748,1
34749,1
34750,1
34751,1
34752,1
34753,1
34754,1
34755,1
34756,1
34757,1
34758,1
34759,1
34760,1
34761,1
34762,1
34763,1
34764,1
34765,1
34766,1
34767,1
34768,1
34769,1
34770,1
34771,1
34772,1
34773,1
34774,1
34775,1
34776,1
34777,1
34778,1
34779,1
34780,1
34781,1
34782,1
34783,1
34784,1
34785,1
34786,1
34787,1
34788,1
34799,1
34800,1
34801,1
34802,1
34803,1
34804,1
34805,1
34806,1
34807,1
34808,1
34809,1
34810,1
34811,1
34812,1
34813,1
34814,1
38807,2
38808,2
38809,2
38810,2
38811,2
38812,2
38813,2
38814,2
38815,2
38821,2
38822,2
38823,2
38824,2
38825,2
38826,2
38827,2
38828,2
38835,2
38836,2
38842,2
38843,2
38844,2
38845,2
38846,2
38851,2
38852,2
38853,2
38854,2
38855,2
38857,2
38858,2
38859,2
38860,2
38861,2
38862,2
38863,2
38864,2
38865,2
38866,2
38867,2
38868,2
38869,2
38963,2
38964,2
38965,2
38966,2
39039,2
39040,2
39041,2
39042,2
39043,2
39044,2
39045,2
39046,2
39047,2
39048,2
39049,2
39050,2
39051,2
39052,2
39053,2
39054,2
39055,2
39056,2
39057,2
39058,2
39059,2
39060,2
39061,2
39062,2
39063,2
39064,2
39065,2
39066,2
39067,2
39068,2
39069,2
39070,2
39071,2
39072,2
39073,2
39074,2
39075,2
39076,2
39077,2
39078,2
39079,2
39080,2
39081,2
39082,2
39083,2
39084,2
39085,2
39086,2
39087,2
39088,2
39089,2
39090,2
39091,2
39092,2
39093,2
39094,2
39095,2
39096,2
39097,2
39098,2
39099,2
39100,2
39101,2
39102,2
39103,2
39104,2
39105,2
39118,2
39119,2
39120,2
39121,2
39122,2
39123,2
39124,2
39125,2
39237,2
39238,2
39239,2
39240,2
39241,2
39242,2
39243,2
39244,2
39264,2
39265,2
39266,2
39267,2
39268,2
39269,2
39270,2
39271,2
39272,2
39273,2
39274,2
39275,2
39276,2
39277,2
39278,2
39279,2
39280,2
39281,2
39282,2
39283,2
39284,2
39285,2
39286,2
39287,2
39288,2
39289,2
39290,2
39291,2
39292,2
