3857,1
3858,1
3859,1
3860,1
3861,1
3862,1
3863,1
3864,1
3865,1
3866,1
3867,1
3868,1
10468,1
10469,1
10470,1
10471,1
10472,1
10473,1
10474,1
10475,1
10476,1
10477,1
10478,1
10479,1
10480,1
10481,1
10482,1
10483,1
10484,1
10485,1
10486,1
10487,1
10488,1
10489,1
10490,1
10491,1
10492,1
10493,1
10494,1
10495,1
10496,1
10497,1
10498,1
10499,1
10500,1
10501,1
10502,1
10503,1
10504,1
10505,1
10506,1
10507,1
10518,1
10519,1
10520,1
10521,1
10522,1
10523,1
10524,1
10525,1
10526,1
10527,1
10528,1
10529,1
10530,1
10531,1
10532,1
10533,1
10534,1
10870,1
10871,1
10872,1
10873,1
10874,1
10875,1
10876,1
10877,1
10878,1
10879,1
10880,1
10881,1
10882,1
10883,1
10884,1
10885,1
10886,1
10887,1
10893,1
10894,1
10895,1
10896,1
10897,1
10898,1
11352,1
11353,1
11354,1
11355,1
11356,1
11357,1
11358,1
11359,1
11360,1
11361,1
11362,1
11363,1
11364,1
11365,1
11366,1
11367,1
11368,1
11370,1
11371,1
11372,1
11373,1
11374,1
11375,1
11376,1
11377,1
11378,1
11393,1
11394,1
11395,1
11396,1
11397,1
11398,1
11399,1
11400,1
11401,1
11402,1
11403,1
11404,1
11405,1
11411,1
11412,1
11413,1
11414,1
11415,1
11416,1
11417,1
11418,1
11419,1
11420,1
11421,1
11422,1
11423,1
11443,1
11444,1
11445,1
11446,1
11447,1
11448,1
11449,1
11450,1
11451,1
11515,2
11516,2
11517,2
11518,2
11519,2
11520,2
11521,2
11522,2
11523,2
11524,2
11525,2
11526,2
11527,2
11528,2
11529,2
11530,2
11531,2
11532,2
11614,1
11615,1
11616,1
11617,1
11618,1
11619,1
11620,1
11621,1
11622,1
11623,1
11624,1
11625,1
11626,1
11627,1
11628,1
11629,1
11630,1
11631,1
11632,1
11633,1
11634,1
11635,1
11636,1
11637,1
11638,1
11662,1
11663,1
11664,1
11665,1
11666,1
11667,1
11668,1
11669,1
11670,1
11671,1
11672,1
11673,1
11674,1
17563,1
17564,1
17565,1
17566,1
17567,1
17584,1
17585,1
17586,1
18096,1
18097,1
18098,1
18099,1
18100,1
18101,1
18102,1
18103,1
18104,1
18105,1
18106,1
18107,1
18108,1
18109,1
18110,1
18111,1
18112,1
18113,1
18114,1
18115,1
18116,1
18117,1
18118,1
18119,1
18120,1
18121,1
18122,1
18123,1
18124,1
18125,1
18126,1
18134,1
18135,1
18136,1
18137,1
18138,1
18139,1
18140,1
18311,2
18312,2
18313,2
18314,2
18315,2
18316,2
18317,2
18318,2
18319,2
18320,2
18321,2
18322,2
18323,2
18324,2
18325,2
18326,2
18327,2
18328,2
18329,2
18330,2
18331,2
18333,2
18334,2
18335,2
18336,2
18337,2
18338,2
18339,2
18340,2
18342,1
18343,1
18344,1
18345,1
18346,1
18347,1
18348,1
18349,1
18350,1
18351,1
18352,1
18354,1
18355,1
18356,1
18357,1
18358,1
18624,1
18625,1
18626,1
18628,1
18629,1
18630,1
18632,2
18633,2
18634,2
18635,2
18636,2
18637,2
18638,2
18639,2
18640,2
18641,2
18642,2
18653,2
18654,2
18655,2
18656,2
18657,2
18658,2
18659,2
18666,2
18667,2
18668,2
18669,2
18693,2
18694,2
18695,2
18696,2
18697,2
18698,2
18699,2
18708,2
18709,2
18710,2
18711,2
18712,2
18713,2
18714,2
18716,2
18717,2
18718,2
18719,2
18720,2
18722,2
18723,2
18724,2
18725,2
18726,2
18727,1
18735,1
18736,1
18737,1
18738,1
18749,1
18750,1
18751,1
18753,1
18754,1
18755,1
18757,1
18758,1
18759,1
18760,1
18761,1
18762,1
18763,1
18764,1
18765,1
18767,1
18768,1
18769,1
18771,1
18772,1
18774,1
18775,1
18776,1
18777,1
18778,1
18779,1
18780,1
18781,1
18782,1
18783,1
18784,1
18785,1
18786,1
18787,1
18788,1
18789,1
18790,1
18791,1
18792,1
18793,1
18794,1
18795,1
18796,1
18797,1
18819,1
18820,1
18821,1
19099,1
19100,1
19101,1
19102,1
19103,1
19104,1
19105,1
19106,1
19107,1
19108,1
19109,1
19113,1
19114,1
19115,1
19138,1
19139,1
19140,1
19141,1
19142,1
19143,1
19144,1
19145,1
19146,1
19147,1
19148,1
19149,1
19150,1
19151,1
19155,1
19156,1
19157,1
19159,1
19160,1
19161,1
19162,1
19163,1
19164,1
19165,1
19166,1
19167,1
19168,1
19169,1
19170,1
19171,1
19172,1
19173,1
19174,1
19175,1
19176,1
19177,1
19178,1
19179,1
19180,1
19181,1
19182,1
19183,1
19184,1
19185,1
19186,1
19187,1
19188,1
19189,1
19190,1
19191,1
19192,1
19193,1
19194,1
19195,1
19196,1
19197,1
19198,1
19199,1
19200,1
19201,1
19202,1
19203,1
19204,1
19205,1
19220,1
19221,1
19222,1
19223,1
19224,1
19225,1
19226,1
19227,1
19228,1
19229,1
19230,1
19232,1
19233,1
19234,1
19235,1
19236,1
19237,1
19238,1
19239,1
19240,1
19241,2
19242,2
19243,2
19245,2
19246,2
19247,2
19248,2
19249,2
19250,2
19251,2
19252,2
19253,2
19254,2
19255,2
19256,1
19257,1
19258,1
19259,1
19281,1
19282,1
19283,1
19341,1
19342,1
19343,1
19344,1
19345,1
19346,1
19347,1
19359,1
19360,1
19361,1
19362,1
19363,1
19364,1
19365,1
19366,1
19398,1
19399,1
19400,1
30999,1
31000,1
31001,1
31002,1
31003,1
31004,1
31005,1
31006,1
31007,1
31008,1
31009,1
31010,1
31011,1
31012,1
31013,1
31014,1
31015,1
31016,1
31017,1
31018,1
31019,1
31020,1
31021,1
31155,1
31156,1
31157,1
31158,1
31159,1
31164,1
31165,1
31166,1
31167,1
31168,1
31314,1
31315,1
31316,1
31317,1
31318,1
31320,1
31321,1
31325,1
31326,1
31327,1
31450,1
31451,1
31452,1
31453,1
31454,1
31455,1
38182,5
38183,5
38184,5
38185,5
38186,5
38191,5
38192,5
38193,5
38194,5
38195,5
38196,5
38197,5
38206,5
38207,5
38208,5
38209,5
38210,5
38211,5
38212,5
38214,2
38215,2
38216,2
38217,2
38218,2
38219,2
38220,2
38221,3
38222,3
38223,3
38224,3
