9729,1
9730,1
9731,1
9732,1
9733,1
9734,1
9735,1
9736,1
9737,1
9738,1
9739,1
9740,1
9741,1
9742,1
9743,1
9744,1
9745,1
9746,1
9747,1
9748,1
9749,1
9750,1
9751,1
9752,1
9753,1
9754,1
9755,1
9756,1
9757,1
9758,1
9759,1
9760,1
9761,1
9762,1
9763,1
9764,1
9765,1
9766,1
9767,1
9768,1
9769,1
9770,1
9771,1
9772,1
9773,1
9774,1
9775,1
9776,1
9777,1
9778,1
9779,1
9780,1
9781,1
9782,1
9783,1
9784,1
9785,1
9786,1
9787,1
9788,1
9789,1
9790,1
9791,1
9792,1
9793,1
9794,1
9795,1
9796,1
9797,1
9798,1
9799,1
9800,1
9801,1
9802,1
9803,1
9804,1
9805,1
9806,1
9807,1
9808,1
9809,1
9810,1
9811,1
9812,1
9813,1
9814,1
9815,1
9816,1
9817,1
9818,1
9819,1
9820,1
11275,1
11276,1
11277,1
11278,1
11279,1
11280,1
11281,1
11282,1
11283,1
11284,1
11285,1
11286,1
11287,1
11288,1
11289,1
11290,1
11291,1
11292,1
11293,1
11294,1
11295,1
11296,1
11297,1
11298,1
11307,1
11308,1
11309,1
11310,1
11311,1
11312,1
11313,1
11314,1
11315,1
11316,4
11317,4
11318,4
11319,4
11321,3
11322,3
11323,3
11324,3
11325,3
11326,3
11327,3
11328,3
11329,3
11330,3
11331,3
11340,3
11341,3
11343,1
11344,1
11345,1
11346,1
11352,2
11353,2
11354,2
11355,2
11356,2
11357,2
11358,2
11359,2
11360,2
11361,2
11362,2
11363,2
11364,2
11365,2
11366,2
11367,2
11368,2
11370,2
11371,2
11372,2
11373,2
11374,2
11375,2
11376,2
11377,2
11378,2
11393,1
11394,1
11395,1
11396,1
11397,1
11398,1
11399,1
11400,1
11401,1
11402,1
11403,1
11404,1
11405,1
11411,1
11412,1
11413,1
11414,1
11415,1
11416,1
11417,1
11418,1
11419,1
11420,1
11421,1
11422,1
11423,1
11443,1
11444,1
11445,1
11446,1
11447,1
11448,1
11449,1
11450,1
11451,1
11480,2
11481,2
11482,2
11483,2
11484,2
11485,2
11486,2
11487,2
11488,2
11489,2
11490,2
11491,2
11492,2
11493,2
11494,2
11495,2
11496,2
11498,1
11499,1
11500,1
11501,1
11502,1
11503,1
11505,1
11507,1
11508,2
11509,2
11515,1
11516,1
11517,1
11518,1
11519,1
11520,1
11521,1
11522,1
11523,1
11524,1
11525,1
11526,1
11527,1
11528,1
11529,1
11530,1
11531,1
11532,1
11614,1
11615,1
11616,1
11617,1
11618,1
11619,1
11620,1
11621,1
11622,1
11623,1
11624,1
11625,1
11626,1
11627,1
11628,1
11629,1
11630,1
11631,1
11632,1
11633,1
11634,1
11635,1
11636,1
11637,1
11638,1
11644,1
11645,1
11646,1
11647,1
11648,1
11649,1
11650,1
11651,1
11652,1
11653,1
11654,1
11655,1
11656,1
11662,1
11663,1
11664,1
11665,1
11666,1
11667,1
11668,1
11669,1
11670,1
11671,1
11672,1
11673,1
11674,1
11680,3
11681,3
11682,3
11683,3
11684,3
11685,3
12327,2
12328,2
12329,2
12330,2
12331,2
12332,2
12333,2
12334,2
12335,2
12336,2
12337,2
12343,2
12344,2
12345,2
12346,2
12347,2
12348,2
12349,2
12350,2
12351,2
12352,2
12353,2
12354,2
12373,2
12374,2
12375,2
12376,2
12377,2
12378,2
12379,2
12380,2
12381,2
12382,2
12383,2
12384,2
12385,2
12386,2
12387,2
12388,2
12389,3
12390,3
12391,3
12392,3
12394,2
12395,2
12396,2
12397,2
12398,2
12399,2
12400,2
12401,2
12402,2
12403,2
12404,2
12405,2
12406,2
12408,1
12409,1
12410,1
12411,1
12412,1
12413,1
12414,1
12416,1
12417,1
12418,1
12419,1
12420,1
12421,1
12423,1
12424,1
12425,1
17563,2
17564,2
17565,2
17566,2
17567,2
17584,2
17585,2
17586,2
17592,1
17593,1
17594,1
17595,1
17596,1
17597,1
17598,1
17610,1
17611,1
17612,1
17618,1
17619,1
17620,1
17621,1
17622,1
17623,1
17624,1
17625,1
17626,1
17627,1
17628,1
17629,1
17630,1
17631,1
17632,1
17633,1
17634,1
17635,1
17636,1
17637,1
17668,1
17669,1
17670,1
17671,1
17677,1
17678,1
17679,1
17680,1
17681,1
17682,1
17684,1
17685,1
17686,1
17687,1
17688,1
17689,1
17690,1
17691,1
17692,1
17737,1
17738,1
17739,1
17740,1
17741,1
17742,2
17743,2
17744,2
17745,2
17746,2
17748,2
17749,2
17750,2
17751,2
17752,2
17753,2
17754,2
17755,2
17756,2
17757,2
17758,2
17759,2
17760,2
17761,2
17762,2
17763,2
17764,2
17765,2
17766,2
17768,1
17769,1
17770,1
17771,1
17773,1
17775,1
17776,1
17777,1
17778,1
17779,1
17783,1
17784,1
17785,1
17786,1
17787,1
17788,1
17790,1
17791,1
17792,1
17793,1
17794,1
17795,1
17796,1
17797,1
17798,1
17799,1
17800,1
17801,1
17802,1
17803,1
17804,1
17829,1
17830,1
17831,1
17833,1
17834,1
17835,1
18096,1
18097,1
18098,1
18099,1
18100,1
18101,1
18102,1
18103,1
18104,1
18105,1
18106,1
18107,1
18108,1
18109,1
18110,1
18111,1
18112,1
18113,1
18114,1
18115,1
18116,1
18117,1
18118,1
18119,1
18120,1
18121,1
18122,1
18123,1
18124,1
18125,1
18126,1
18134,1
18135,1
18136,1
18137,1
18138,1
18139,1
18140,1
18146,1
18147,1
18148,1
18149,1
18150,1
18152,1
18153,1
18154,1
18311,1
18312,1
18313,1
18314,1
18315,1
18316,1
18317,1
18318,1
18319,1
18320,1
18321,1
18322,1
18323,1
18324,1
18325,1
18326,1
18327,1
18328,1
18329,1
18330,1
18331,1
18361,1
18362,1
18363,1
18365,1
18366,1
18367,1
18368,1
18369,1
18370,1
18371,1
18372,1
18386,1
18387,1
18388,1
18389,1
18390,1
18391,1
18392,1
18393,1
18402,1
18403,1
18404,1
18405,1
18406,1
18407,1
18408,1
18409,1
18410,1
18411,1
18455,1
18456,1
18457,1
18458,1
18459,1
18460,1
18496,1
18497,1
18498,1
18499,1
18500,1
18501,1
18502,1
18503,1
18624,1
18625,1
18626,1
18632,1
18633,1
18634,1
18635,1
18636,1
18637,1
18638,1
18639,1
18640,1
18641,1
18642,1
18653,1
18654,1
18655,1
18656,1
18657,1
18658,1
18659,1
18666,1
18667,1
18668,1
18669,1
18693,1
18694,1
18695,1
18696,1
18697,1
18698,1
18699,1
18708,1
18709,1
18710,1
18711,1
18712,1
18713,1
18714,1
18716,1
18717,1
18718,1
18719,1
18720,1
18722,1
18723,1
18724,1
18725,1
18726,1
18727,1
18735,1
18736,1
18737,1
18738,1
18749,1
18750,1
18751,1
18757,1
18758,1
18759,1
18760,1
18761,1
18762,1
18763,1
18764,1
18765,1
18798,1
18799,1
18800,1
18801,1
18802,1
18803,1
18804,1
18805,1
18806,1
18807,1
18808,1
18809,1
18811,1
18812,1
18813,1
18814,1
18815,1
18816,1
18817,1
18847,1
18848,1
18849,1
18850,1
18851,1
18852,1
18853,1
18854,1
18855,1
18856,1
18857,1
18858,1
18859,1
18860,1
18861,1
18862,1
18863,1
18864,1
18865,1
18866,1
18867,1
18868,1
18870,1
18871,1
18872,1
18874,1
18875,1
18876,1
18880,1
18881,1
18882,1
19117,1
19118,1
19119,1
19120,1
19121,1
19122,1
19123,1
19124,1
19125,1
19126,1
19127,1
19128,1
19129,1
19130,1
19131,1
19132,1
19159,1
19160,1
19161,1
19162,1
19163,1
19164,1
19165,1
19166,1
19167,1
19168,1
19169,1
19170,1
19171,1
19172,1
19173,1
19174,1
19175,1
19176,1
19177,1
19178,1
19179,1
19180,1
19181,1
19182,1
19183,1
19184,1
19185,1
19186,1
19187,1
19188,1
19189,1
19190,1
19191,1
19192,1
19193,1
19194,1
19195,1
19196,1
19197,1
19198,1
19199,1
19200,1
19201,1
19202,1
19203,1
19204,1
19205,1
19220,1
19221,1
19222,1
19223,1
19224,1
19225,1
19226,1
19227,1
19228,1
19229,1
19230,1
19232,1
19233,1
19234,1
19235,1
19236,1
19237,1
19238,1
19239,1
19240,1
19241,2
19242,2
19243,2
19245,1
19246,1
19247,1
19248,1
19249,1
19250,1
19251,1
19252,1
19253,1
19254,1
19255,1
19256,1
19257,1
19258,1
19259,1
19261,1
19262,1
19263,1
19264,1
19265,1
19266,1
19267,1
19268,1
19269,1
19270,1
19271,1
19272,1
19273,1
19274,1
19275,1
19276,1
19277,1
19278,1
19279,1
19341,1
19342,1
19343,1
19344,1
19345,1
19346,1
19347,1
19359,1
19360,1
19361,1
19362,1
19363,1
19364,1
19365,1
19366,1
19398,1
19399,1
19400,1
30999,1
31000,1
31001,1
31002,1
31003,1
31004,1
31005,1
31006,1
31007,1
31008,1
31009,1
31010,1
31011,1
31012,1
31013,1
31014,1
31015,1
31016,1
31017,1
31018,1
31019,1
31020,1
31021,1
31055,1
31056,1
31057,1
31058,1
31059,1
31061,1
31062,1
31063,1
31119,2
31120,2
31121,2
31122,2
31123,2
31124,2
31155,1
31156,1
31157,1
31158,1
31159,1
31164,1
31165,1
31166,1
31167,1
31168,1
31174,1
31175,1
31176,1
31177,1
31178,1
31179,1
31185,2
31186,2
31187,2
31188,2
31189,2
31190,2
31314,1
31315,1
31316,1
31317,1
31318,1
31320,1
31321,1
31325,1
31326,1
31327,1
31450,1
31451,1
31452,1
31453,1
31454,1
31455,1
38182,10
38183,10
38184,10
38185,10
38186,10
38191,10
38192,10
38193,10
38194,10
38195,10
38196,10
38197,10
38206,10
38207,10
38208,10
38209,10
38210,10
38211,10
38212,10
38214,1
38215,1
38216,1
38217,1
38218,1
38219,1
38220,1
38221,9
38222,9
38223,9
38224,9
