1485,1
1486,1
1487,1
1488,1
1489,1
1490,1
1491,1
1497,1
1498,1
1499,1
1500,1
1501,1
1502,1
1503,1
1515,1
1516,1
1517,1
1524,7
1525,7
1526,7
1527,7
1528,7
1529,7
1535,1
1536,1
1537,1
1538,1
1539,1
1540,1
1546,1
1547,1
1548,1
1549,1
1550,1
1551,1
1552,1
1553,1
1554,1
1555,1
1556,1
1557,1
1558,1
1559,1
1607,1
1608,1
1609,1
1610,1
1611,1
1612,1
1613,1
1614,1
1615,1
1616,1
1617,1
1618,1
1619,1
1620,11
1621,11
1622,11
1623,11
1625,10
1626,10
1627,10
1628,10
1629,10
1630,10
1631,10
1632,10
1633,10
1634,10
1635,10
1637,1
1638,1
1639,1
1640,1
1641,1
1642,1
1643,1
1644,1
1645,1
1646,1
1647,1
1648,1
1663,1
1664,1
1665,1
1666,1
1667,1
1668,1
1669,1
1670,1
1671,1
1672,1
1673,1
1674,1
1675,1
1676,1
1677,1
1678,1
1679,1
1680,1
1681,1
1682,1
1689,1
1690,1
1691,1
1692,1
1693,1
1694,1
1695,1
1696,1
1697,1
1698,1
1699,1
1700,1
1701,1
1702,1
1703,1
1704,1
1705,1
1706,1
1707,1
1708,1
1709,1
1710,3
1711,3
1712,3
1713,3
1714,3
1716,2
1717,2
1718,2
1719,2
1720,2
1721,2
1722,2
1723,2
1724,2
1725,2
1726,2
1727,2
1728,2
1734,2
1735,2
1736,2
1737,2
1738,2
1739,2
1740,2
1759,2
1760,2
1761,2
1762,2
1763,2
1764,2
1765,2
1767,1
1768,1
1769,1
1790,1
1791,1
1792,1
1793,1
1794,1
1795,1
1796,1
1797,1
1799,1
1800,1
1801,1
1802,1
1803,1
1804,1
1805,1
1806,1
1807,1
1808,1
1809,1
1814,2
1815,2
1816,2
1849,2
1850,2
1852,1
1853,1
1854,1
1855,1
1856,1
1857,1
1858,1
1859,1
1860,1
1861,1
1862,1
1863,1
1864,1
1865,1
1866,1
1872,1
1873,1
1874,1
1875,3
1876,3
1877,3
1878,3
1879,3
1881,3
1882,3
1883,3
1884,3
1885,3
1886,3
1887,3
1888,3
1889,3
1890,3
1891,3
1892,3
1893,3
1894,3
1910,3
1911,3
1912,3
1913,3
1914,3
1915,3
1916,3
1917,3
1918,3
1919,2
1920,2
1921,2
1923,1
1924,1
1925,1
1926,1
1927,1
1928,1
1929,1
1930,1
1931,1
1932,1
1933,1
1935,2
1936,2
1938,1
1939,1
1940,1
1941,1
1942,1
1957,1
1958,1
1959,1
1965,1
1966,1
1967,1
1968,1
1969,1
1970,1
1971,1
1972,1
1973,1
1974,1
1975,1
1976,1
1977,1
1978,1
1979,1
2005,1
2006,1
2007,1
2008,1
2009,1
2010,1
2011,1
2012,1
2013,1
2014,1
2015,1
2016,1
2017,1
2018,1
2019,1
2020,1
2021,1
2022,1
2023,1
2024,1
2025,1
2026,1
2028,1
2029,1
2030,1
2031,1
2032,1
2033,1
2034,1
2035,1
2036,1
2037,1
2038,1
2039,1
2040,1
2041,1
2042,1
2043,1
2044,1
2045,1
2046,1
2052,1
2053,1
2054,1
2055,1
2056,1
2058,1
2059,1
2060,1
2227,1
2228,1
2229,1
2230,1
2231,1
2232,1
2233,1
2234,1
2235,1
2236,1
2237,1
2238,1
2239,1
2240,1
2241,1
2242,1
2243,1
2244,1
2245,1
2246,1
2247,1
2248,1
2254,1
2255,1
2256,1
2257,1
2258,1
2259,1
2260,1
2272,1
2273,1
2274,1
2275,1
2276,1
2277,1
2278,1
2279,1
2311,1
2312,1
2313,1
11275,1
11276,1
11277,1
11278,1
11279,1
11280,1
11281,1
11282,1
11283,1
11284,1
11285,1
11286,1
11287,1
11288,1
11289,1
11290,1
11291,1
11292,1
11293,1
11294,1
11295,1
11296,1
11297,1
11298,1
11300,1
11301,1
11302,1
11303,1
11304,1
11305,1
11306,1
11352,2
11353,2
11354,2
11355,2
11356,2
11357,2
11358,2
11359,2
11360,2
11361,2
11362,2
11363,2
11364,2
11365,2
11366,2
11367,2
11368,2
11370,2
11371,2
11372,2
11373,2
11374,2
11375,2
11376,2
11377,2
11378,2
11393,1
11394,1
11395,1
11396,1
11397,1
11398,1
11399,1
11400,1
11401,1
11402,1
11403,1
11404,1
11405,1
11411,1
11412,1
11413,1
11414,1
11415,1
11416,1
11417,1
11418,1
11419,1
11420,1
11421,1
11422,1
11423,1
11443,1
11444,1
11445,1
11446,1
11447,1
11448,1
11449,1
11450,1
11451,1
11480,4
11481,4
11482,4
11483,4
11484,4
11485,4
11486,4
11487,4
11488,4
11489,4
11490,4
11491,4
11492,4
11493,4
11494,4
11495,4
11496,4
11498,3
11499,3
11500,3
11501,3
11502,3
11503,3
11505,1
11507,3
11508,4
11509,4
11538,1
11539,1
11540,1
11541,1
11542,1
11543,1
11544,1
11545,1
11546,1
11547,1
11548,1
11549,1
11550,1
11614,1
11615,1
11616,1
11617,1
11618,1
11619,1
11620,1
11621,1
11622,1
11623,1
11624,1
11625,1
11626,1
11627,1
11628,1
11629,1
11630,1
11631,1
11632,1
11633,1
11634,1
11635,1
11636,1
11637,1
11638,1
11644,1
11645,1
11646,1
11647,1
11648,1
11649,1
11650,1
11651,1
11652,1
11653,1
11654,1
11655,1
11656,1
11662,1
11663,1
11664,1
11665,1
11666,1
11667,1
11668,1
11669,1
11670,1
11671,1
11672,1
11673,1
11674,1
11691,2
11692,2
11693,2
11694,2
11695,2
11696,2
11697,2
11698,2
11699,2
11700,2
11701,2
11702,2
11703,2
11704,2
11705,2
11706,2
11707,2
11708,2
11709,2
11710,2
11711,2
11712,2
12043,1
12044,1
12045,1
12046,1
12047,1
12052,1
12053,1
12054,1
12055,1
12056,1
12057,1
12058,1
12059,1
12060,1
12061,1
12064,1
12065,1
12066,1
12067,1
12068,1
12069,1
12070,1
12101,1
12102,1
12103,1
12104,1
12105,1
12106,1
12107,1
12108,1
12109,1
12110,1
12111,1
12112,1
12155,3
12156,3
12157,3
12158,3
12159,3
12160,3
12161,3
12162,3
12163,3
12164,3
12165,3
12166,3
12167,3
12168,3
12169,3
12170,3
12171,6
12172,6
12173,6
12174,6
12176,3
12177,3
12178,3
12179,3
12180,3
12181,3
12182,3
12183,3
12184,3
12185,3
12186,3
12188,3
12189,3
12190,3
12191,3
12192,3
12193,3
12194,3
12195,3
12196,3
12197,3
12198,3
12200,3
12201,3
12202,3
12203,3
12204,3
12207,3
12208,3
12209,3
12210,3
12211,3
12212,3
12213,3
12214,3
12220,2
12221,2
12222,2
12223,2
12224,2
12225,2
12226,2
12227,2
12228,2
12229,2
12230,2
12231,2
12327,1
12328,1
12329,1
12330,1
12331,1
12332,1
12333,1
12334,1
12335,1
12336,1
12337,1
12343,1
12344,1
12345,1
12346,1
12347,1
12348,1
12349,1
12350,1
12351,1
12352,1
12353,1
12354,1
12373,4
12374,4
12375,4
12376,4
12377,4
12378,4
12379,4
12380,4
12381,4
12382,4
12383,4
12384,4
12385,4
12386,4
12387,4
12388,4
12389,4
12390,4
12391,4
12392,4
12394,4
12395,4
12396,4
12397,4
12398,4
12399,4
12400,4
12401,4
12402,4
12403,4
12404,4
12405,4
12406,4
12408,4
12409,4
12410,4
12411,4
12412,4
12413,4
12414,4
12416,4
12417,4
12418,4
12419,4
25212,1
25213,1
25214,1
25215,1
25216,1
25217,1
25218,1
25219,1
25220,1
25221,1
25222,1
25223,1
25224,1
25225,1
25226,1
25361,1
25362,1
25363,1
25364,1
25365,1
25366,1
25367,1
25368,1
25369,1
25370,1
25371,1
25372,1
25373,1
25374,1
25375,1
25376,1
25377,1
25378,1
25379,1
25380,1
25381,1
25382,1
25383,5
25384,5
25385,5
25386,5
25387,5
25389,4
25390,4
25391,4
25392,4
25393,4
25394,4
25395,4
25396,4
25397,4
25398,4
25399,4
25400,4
25401,4
25403,4
25404,4
25405,4
25406,4
25407,4
25418,4
25419,4
25420,4
25421,4
25422,4
25423,4
25424,4
25426,1
25427,1
25428,1
25429,1
25430,1
25431,1
25432,1
25433,1
25434,1
25435,1
25437,1
25446,1
25447,1
25448,1
25449,1
25450,1
25451,1
25452,1
25453,1
25454,1
25455,1
25456,1
25457,1
25458,1
25459,1
25460,1
25471,1
25472,1
25473,1
25474,1
25475,1
25488,1
25489,1
25490,1
25491,1
25492,1
25493,1
25494,1
25495,1
25496,1
25497,1
25498,1
25499,1
25500,1
25501,1
25502,1
25503,1
25504,1
25505,1
25506,1
25507,1
25508,1
25509,1
25510,1
25511,1
25512,1
25513,1
25514,1
25515,1
25516,1
25517,1
25518,1
25519,1
25520,1
25521,1
25522,1
25523,1
25524,1
25525,1
25526,1
25540,1
25541,1
25543,3
25544,3
25545,3
25546,3
25547,3
25548,3
25549,3
25653,3
25654,3
25655,3
25656,3
25657,3
25658,3
25659,3
25660,3
25661,4
25662,4
25663,4
25664,4
25665,4
25666,4
25667,4
25668,4
25670,1
25671,1
25672,1
25673,1
25674,1
25675,1
25676,1
25677,1
25678,1
25684,4
25685,4
25686,4
25687,4
25688,4
25689,4
25708,4
25709,4
25710,4
25716,1
25717,1
25718,1
25719,1
25720,1
25721,1
25722,1
25723,1
25724,1
25725,1
25726,1
25727,1
25728,1
25729,1
25735,3
25736,3
25737,3
25738,3
25739,3
25740,3
25762,3
25763,3
25764,3
25765,3
25766,3
25767,3
25768,3
25769,3
25770,3
25771,3
25772,3
30873,3
30874,3
30875,3
30876,3
30877,3
30885,3
30886,3
30887,3
30889,3
30890,3
30891,3
30892,3
30893,3
30894,3
30896,2
30898,1
30899,3
30900,3
30906,3
30907,3
30908,3
30909,3
30910,3
30911,3
30913,1
30914,1
30915,1
30916,1
30917,1
30918,1
30919,1
30920,1
30921,1
30922,2
30923,2
30924,2
30925,2
30926,2
30927,2
30928,2
30929,2
30930,2
30931,2
30932,2
30934,1
30935,1
30936,1
30954,3
30955,3
30956,3
30957,3
30958,3
30959,3
30970,3
30971,3
30972,3
30973,3
30974,3
30975,2
30976,2
30977,2
30978,2
30980,1
30981,1
30982,1
30984,10
30985,10
30986,10
30987,10
30988,10
30989,10
30990,10
30991,10
30992,10
30993,10
30999,1
31000,1
31001,1
31002,1
31003,1
31004,1
31005,1
31006,1
31007,1
31008,1
31009,1
31010,1
31011,1
31012,1
31013,1
31014,1
31015,1
31016,1
31017,1
31018,1
31019,1
31020,1
31021,1
31055,4
31056,4
31057,4
31058,4
31059,4
31061,4
31062,4
31063,4
31155,1
31156,1
31157,1
31158,1
31159,1
31161,1
31162,1
31167,1
31168,1
31174,5
31175,5
31176,5
31177,5
31178,5
31179,5
31185,4
31186,4
31187,4
31188,4
31189,4
31190,4
31271,1
31272,1
31273,1
31274,1
31275,1
31278,1
31279,1
31280,1
31281,1
31282,1
31283,1
31284,1
31285,1
31286,1
31303,3
31304,3
31305,3
31306,3
31307,3
31308,3
31314,4
31315,4
31316,4
31317,4
31318,4
31323,4
31326,4
31327,4
31411,1
31412,1
31413,1
31414,1
31415,1
31416,1
31417,1
31418,1
31435,3
31436,3
31437,3
31438,3
31439,3
31442,3
31443,3
31444,3
31450,1
31451,1
31452,1
31453,1
31454,1
31455,1
31461,3
31462,3
31463,3
31464,3
31465,3
31466,3
31525,3
31526,3
31527,3
31528,3
31529,3
31530,2
31531,2
31532,2
31533,2
31535,1
31536,1
31537,1
35353,1
35354,1
35355,1
35356,1
35357,1
35358,1
35359,1
35360,1
35361,1
35362,1
35363,1
35364,1
35365,1
35366,1
35367,1
35368,1
35369,1
35370,1
35371,1
35372,1
35373,1
35374,1
35375,1
35376,1
35377,1
35378,1
35379,1
35380,1
35381,1
35382,1
35383,1
35384,1
35385,1
35386,1
35387,1
35388,1
35389,1
35390,1
35391,1
35392,1
35393,1
35394,1
35395,1
35396,1
35397,1
35398,1
35399,1
35400,1
35401,1
35402,1
35403,1
35404,1
35405,1
35406,1
35407,1
35408,1
35409,1
35410,1
35411,1
35412,1
35413,1
35414,1
35415,1
35416,1
35417,1
35418,1
35419,1
35420,1
35421,1
35422,1
35423,1
35424,1
35425,1
35426,1
35427,1
35428,1
35429,1
35430,1
35431,1
35432,1
35433,1
35434,1
35435,1
35436,1
35437,1
35438,1
35439,1
35440,1
35441,1
35442,1
35443,1
35444,1
35445,1
35446,1
35447,1
35448,1
35449,1
35450,1
35451,1
35452,1
35453,1
35454,1
35455,1
35456,1
35457,1
35458,1
35459,1
35460,1
35461,1
35462,1
35463,1
35464,1
35465,1
35466,1
35467,1
35468,1
35469,1
35470,1
35471,1
38130,3
38131,3
38132,3
38133,3
38134,3
38135,3
38136,3
38137,3
38138,3
38139,3
38140,3
38142,3
38143,3
38144,3
38145,3
38146,3
38173,3
38174,3
38175,3
38176,3
38182,11
38183,11
38184,11
38185,11
38186,11
38191,11
38192,11
38193,11
38194,11
38195,11
38196,11
38197,11
38199,3
38200,3
38201,3
38202,3
38203,3
38204,3
38205,3
38206,8
38207,8
38208,8
38209,8
38210,8
38211,8
38212,8
38221,8
38222,8
38223,8
38224,8
