10928,1
10929,1
10930,1
10931,1
10932,1
10933,1
10934,1
10935,1
10936,1
10937,1
10938,1
10939,1
10940,1
10941,1
10942,1
10943,1
10944,1
10945,1
10946,1
10947,1
10948,1
10949,1
10950,1
10951,1
10952,1
10953,1
10954,1
10955,1
10956,1
10957,1
10958,1
10959,1
10960,1
10961,1
10962,1
10963,1
10964,1
10965,1
10966,1
10967,1
10968,1
10974,1
10975,1
10976,1
10977,1
10978,1
10979,1
10980,1
10981,1
10982,1
10983,1
10984,1
10985,1
10986,1
11000,1
11001,1
11002,1
11003,1
11004,1
11036,1
11037,1
11038,1
11039,1
11040,1
11041,1
11042,1
11043,1
11044,1
11045,1
11046,1
11047,1
11048,1
11497,1
11498,1
11499,1
11500,1
11501,1
11502,1
11503,1
11504,1
11505,1
11506,1
11507,1
11508,1
11509,1
21334,1
21335,1
21336,1
21337,1
21338,1
21339,1
21340,1
21341,1
21342,1
21343,1
21344,1
21345,1
21346,1
21347,1
21348,1
21349,1
21350,1
21351,1
21352,1
21353,1
21354,1
21355,1
21356,1
21357,1
21358,1
21359,1
21360,1
21361,1
21362,1
21363,1
21364,1
21365,1
21366,1
21367,1
21368,1
21369,1
21370,1
21371,1
21372,1
21373,1
21374,1
21375,1
21376,1
21377,1
21378,1
21379,1
21380,1
21381,1
21382,1
21383,1
21384,1
21385,1
21386,1
21387,1
21388,1
21389,1
21390,1
21391,1
21392,1
21393,1
21394,1
21395,1
21396,1
21629,2
21630,2
21631,2
21632,2
21633,2
21634,2
21635,2
21636,2
21637,2
21638,2
21639,2
21640,2
21641,2
21642,2
21643,2
21644,2
21645,2
21646,2
21647,2
21648,2
21649,2
21650,2
21651,2
21652,2
21658,2
21659,2
21660,2
21661,2
21662,2
21663,2
21664,2
21665,2
21666,2
21667,2
21668,2
21669,2
21670,2
21671,2
21672,2
21673,2
21682,2
21683,2
21684,2
21685,2
21686,2
21687,2
21688,2
21689,2
21690,2
21691,2
21692,2
21693,2
21702,2
21703,2
21704,2
21705,2
21706,2
21707,2
21708,2
21710,2
21711,2
21712,2
21776,1
21777,1
21778,1
21779,1
21780,1
21781,1
21787,1
21788,1
21789,1
21790,1
21791,1
21792,1
21798,1
21799,1
21800,1
21801,1
21802,1
21803,1
21842,2
21843,2
21844,2
21845,2
21846,2
21847,2
21853,1
21854,1
21855,1
21856,1
21857,1
21858,1
21864,2
21865,2
21866,2
21867,2
21868,2
21869,2
21875,1
21876,1
21877,1
21878,1
21879,1
21880,1
21915,1
21916,1
21917,1
21918,1
21919,1
21920,1
21921,1
21922,1
21923,1
21924,1
21925,1
21926,1
21927,1
21928,1
21929,1
21930,1
21931,1
21932,1
21933,1
21934,1
21935,1
21936,1
21937,1
21938,1
21939,1
21940,1
21941,1
21942,1
21943,1
21944,1
21945,1
21946,1
21947,1
21948,1
21949,1
21950,1
21951,1
21952,1
21953,1
21954,1
21955,1
21956,1
21957,1
21958,1
21959,1
21960,1
21961,1
21962,1
22006,1
22007,1
22008,1
22009,1
22010,1
22011,1
22012,1
22013,1
22014,1
22015,1
22016,1
22017,1
22018,1
22020,1
22021,1
22022,1
22033,1
22034,1
22035,1
22052,1
22053,1
22054,1
22055,1
22056,1
22057,1
22058,1
22059,1
22060,1
22061,1
22062,1
22063,1
22064,1
22080,1
22081,1
22082,1
22083,1
22084,1
22085,1
22086,1
22087,1
22088,1
22089,1
22090,1
22091,1
22092,1
22093,1
22094,1
22095,1
22096,1
22112,1
22113,1
22114,1
22120,1
22121,1
22122,1
22123,1
22124,1
22125,1
22126,1
22127,1
22128,1
22129,1
22130,1
22131,1
22132,1
22133,1
22134,1
22135,1
22136,1
22137,1
22138,1
22139,1
22229,1
22230,1
22231,1
22232,1
22233,1
22234,1
22235,1
22236,1
22237,1
22238,1
22239,1
22240,1
22241,1
22242,1
22243,1
22244,1
22245,1
22246,1
22247,1
22248,1
22249,1
22250,1
22251,1
22252,1
22253,1
22254,1
22255,1
22256,1
22257,1
22258,1
22259,1
22260,1
22261,1
22262,1
22263,1
22264,1
22265,1
22266,1
22267,1
22273,1
22274,1
22275,1
22276,1
22277,1
22278,1
22279,1
22280,1
22281,1
22282,1
22283,1
22284,1
22285,1
22286,1
22287,1
22288,1
22289,1
22290,1
22291,1
22292,1
22293,1
22294,1
22295,1
22296,1
22297,1
22298,1
22299,1
22300,1
22301,1
22302,1
22303,1
22304,1
22305,1
22306,1
22307,1
22308,1
22309,1
22310,1
22311,1
22312,1
22313,1
22314,1
22315,1
22316,1
22317,1
22488,1
22489,1
22490,1
22491,1
22492,1
22493,1
22494,1
22495,1
22496,1
22497,1
22498,1
22499,1
22500,1
22501,1
22502,1
22503,1
22504,1
22505,1
22506,1
22507,1
22508,1
22509,1
22510,1
22511,1
22512,1
22513,1
22514,1
22515,1
22516,1
22517,1
22518,1
22519,1
22520,1
22521,1
22522,1
22523,1
22524,1
22525,1
22526,1
22527,1
22556,1
22557,1
22558,1
22559,1
22560,1
22561,1
22562,1
22563,1
22564,1
22565,1
22566,1
22567,1
22568,1
22569,1
22570,1
22571,1
22572,1
22573,1
22574,1
22575,1
22576,1
22577,1
22578,1
22579,1
22580,1
22581,1
22582,1
22583,1
22584,1
22585,1
22586,1
22587,1
22588,1
22589,1
22590,1
22591,1
22592,1
22593,1
22594,1
22595,1
22597,1
22598,1
22599,1
22600,1
22601,1
22602,1
22603,1
22604,1
22605,1
22606,1
22607,1
22608,1
22609,1
22610,1
22611,1
22613,1
22614,1
22615,1
22616,1
22617,1
22618,1
22619,1
22620,1
22621,1
22622,1
22623,1
22624,1
22625,1
22626,1
22627,1
22628,1
22629,1
22656,1
22657,1
22658,1
22659,1
22660,1
22661,1
22662,1
22663,1
22664,1
22665,1
22666,1
22667,1
22668,1
22669,1
22670,1
22671,1
22672,1
22673,1
22674,1
22675,1
22676,1
22677,1
22678,1
22697,1
22698,1
22699,1
22700,1
22701,1
22703,1
22704,1
22705,1
22706,1
22707,1
22708,1
22709,1
22710,1
22711,1
22726,1
22727,1
22728,1
22729,1
22730,1
22731,1
22736,1
22737,1
22738,1
22739,1
22740,1
22741,1
22742,1
22743,1
22744,1
22745,1
22746,1
22747,1
22748,1
22749,1
22755,1
22756,1
22757,1
22758,1
22759,1
22760,1
22761,1
22762,1
22763,1
22764,1
22765,1
22766,1
22767,1
22768,1
22769,1
22770,1
22771,1
22772,1
22773,1
22774,1
22775,1
22776,1
22777,1
22778,1
22780,1
22781,1
22782,1
22786,1
22787,1
22788,2
22789,2
22790,2
22791,2
22792,2
22794,1
22795,1
22796,1
22797,1
22798,1
22799,1
22800,1
22801,1
22802,1
22803,1
22805,1
22806,1
22807,1
22808,1
22809,1
22810,1
22811,1
22812,1
22813,1
22814,1
22815,1
22816,1
22817,1
22818,1
22819,1
22820,1
22821,1
22822,1
22823,1
22824,1
22825,1
22826,1
22827,1
22828,1
22829,1
22830,1
22831,1
22832,1
22847,1
22848,1
22849,1
22850,1
22851,1
22852,1
22853,1
22854,1
22855,1
22856,1
22857,1
22858,1
22859,1
22860,1
22861,1
22862,1
22863,1
22865,1
22866,1
22867,1
22868,1
22869,1
22870,1
22871,1
22872,1
22873,1
22874,1
22875,1
22876,1
22877,1
22878,1
22879,1
22880,1
22881,1
22882,1
22883,1
22884,1
22885,1
22886,1
22887,1
22888,1
22889,1
22890,1
22891,1
22892,1
22902,2
22903,2
22904,2
22905,2
22906,2
22908,1
22909,1
22910,1
22911,1
22917,2
22918,2
22919,2
22920,2
22921,2
22922,2
22923,2
22924,2
22925,2
22926,2
22927,2
22928,2
22929,2
22930,2
22931,2
22932,2
22933,2
22934,2
22936,2
22937,2
22938,2
22939,2
22940,2
22941,2
22942,2
22943,2
22944,2
22945,2
22946,2
22947,2
22948,2
22949,2
23076,1
23077,1
23078,1
23079,1
23080,1
23081,1
23082,1
23083,1
23084,1
23085,1
23086,1
23087,1
23088,1
23089,1
23090,1
23091,1
23092,1
23093,1
23094,1
23095,1
23096,1
23097,1
23098,1
23099,1
23101,1
23102,1
23103,1
23116,1
23117,1
23118,1
23119,1
23120,1
23121,1
23122,1
23123,1
23124,1
23125,1
23126,1
23127,1
23128,1
23129,1
23130,1
23131,2
23132,2
23133,2
23134,2
23135,2
23136,2
23137,2
23139,1
23140,1
23145,1
23146,1
23147,1
23148,1
23154,2
23155,2
23156,2
23157,2
23158,2
23160,2
23161,2
23162,2
23168,2
23169,2
23170,2
23171,2
23172,2
23173,2
23174,2
23175,2
23180,2
23181,2
23182,2
23184,2
23185,2
23186,2
23187,2
23188,2
23189,2
23190,2
23191,2
23193,2
23194,2
23195,2
23196,2
23197,2
23198,2
23199,2
23200,2
23201,2
24824,1
24825,1
24826,1
24827,1
24828,1
24829,1
24830,1
24831,1
24832,1
24833,1
24834,1
24835,1
24836,1
24837,1
24838,1
24839,1
24840,1
24841,1
24842,1
24843,1
24844,1
24845,1
24846,1
24847,1
24848,1
24849,1
24850,1
24851,1
24852,1
24853,1
24854,1
24855,1
24856,1
24857,1
24858,1
24859,1
24860,1
24861,1
24862,1
24863,1
24864,1
24865,1
24866,1
24867,1
24868,1
24869,1
24870,1
24871,1
24872,1
24873,1
24874,1
24875,1
24876,1
24877,1
24878,1
24879,1
24880,1
24881,1
24882,1
24883,1
24884,1
24885,1
24886,1
24887,1
24888,1
24889,1
24890,1
24891,1
24892,1
24893,1
24894,1
24895,1
24896,1
24897,1
24898,1
24899,1
24900,1
24901,1
24902,1
24903,1
24904,1
24905,1
24906,1
24907,1
24908,1
24909,1
24910,1
24911,1
24912,1
24913,1
24914,1
24915,1
24916,1
24917,1
24918,1
24919,1
24920,1
24921,1
24922,1
24923,1
24924,1
24925,1
24926,1
24927,1
24928,1
24929,1
24930,1
24931,1
24932,1
24933,1
24934,1
24935,1
24936,1
24937,1
24938,1
24939,1
24940,1
24941,1
24942,1
24943,1
24944,1
24959,1
24960,1
24961,1
24962,1
24963,1
24964,1
24965,1
24966,1
24967,1
31301,1
31302,1
31303,1
31304,1
31305,1
31306,1
31307,1
31308,1
31309,1
31310,1
31311,1
31312,1
31313,1
31314,1
31315,1
31316,1
31317,1
31323,1
31324,1
31325,1
31326,1
31327,1
31328,1
31329,1
31330,1
31331,1
31332,1
31333,1
31334,1
31335,1
31336,1
31337,1
31338,1
31339,1
31340,1
31341,1
31342,1
31343,1
31344,1
31345,1
31346,1
31347,1
31348,1
31349,1
31350,1
31351,1
31352,1
31353,1
31354,1
31355,1
31356,1
31357,1
31358,1
31359,1
31360,1
31361,1
31362,1
31363,1
31364,1
31365,1
31371,1
31372,1
31373,1
31374,1
31375,1
31376,1
31377,1
31378,1
31619,1
31620,1
31621,1
31622,1
31623,1
31624,1
31641,2
31642,2
31643,2
31644,2
31645,2
31646,2
31666,1
31667,1
31668,1
31669,1
31670,1
31675,1
31676,1
31677,1
31678,1
31679,1
31696,2
31697,2
31698,2
31699,2
31700,2
31701,2
31825,1
31826,1
31827,1
31828,1
31829,1
31835,1
31836,1
31902,3
31903,3
31904,3
31905,3
31906,3
31909,3
31910,3
31954,1
31955,1
31956,1
31957,1
31958,1
31959,1
32076,1
32077,1
32078,1
32079,1
32080,1
32081,1
32082,1
32083,1
32084,1
32085,1
32091,1
32092,1
32093,1
32094,1
32095,1
32096,1
32097,1
32098,1
32099,1
32100,1
32121,1
32122,1
32123,1
32124,1
32125,1
32126,1
32127,1
32128,1
32129,1
32130,1
32136,1
32137,1
32138,1
32139,1
32140,1
32141,1
32142,1
32143,1
32144,1
32145,1
32151,1
32152,1
32153,1
32154,1
32155,1
32156,1
32157,1
32158,1
32159,1
32160,1
32166,1
32167,1
32168,1
32169,1
32170,1
32171,1
32172,1
32173,1
32174,1
32175,1
32197,1
32198,1
32199,1
32200,1
32201,1
32202,1
32203,1
32204,1
32205,1
32206,1
38807,1
38808,1
38809,1
38810,1
38811,1
38812,1
38813,1
38814,1
38815,1
38821,1
38822,1
38823,1
38824,1
38825,1
38826,1
38827,1
38828,1
38835,1
38836,1
38842,1
38843,1
38844,1
38845,1
38846,1
38851,1
38852,1
38853,1
38854,1
38855,1
38857,1
38858,1
38859,1
38860,1
38861,1
38862,1
38863,1
38864,1
38865,1
38866,1
38867,1
38868,1
38869,1
38963,1
38964,1
38965,1
38966,1
39022,1
39023,1
39024,1
39025,1
39026,1
39027,1
39028,1
39029,1
39030,1
39031,1
39032,1
39033,1
39039,1
39040,1
39041,1
39042,1
39043,1
39044,1
39045,1
39046,1
39047,1
39048,1
39049,1
39050,1
39051,1
39052,1
39053,1
39054,1
39055,1
39056,1
39057,1
39058,1
39059,1
39060,1
39061,1
39062,1
39063,1
39064,1
39065,1
39066,1
39067,1
39068,1
39069,1
39070,1
39071,1
39072,1
39073,1
39074,1
39075,1
39076,1
39077,1
39078,1
39079,1
39080,1
39081,1
39082,1
39083,1
39084,1
39085,1
39086,1
39087,1
39088,1
39089,1
39090,1
39091,1
39092,1
39093,1
39094,1
39095,1
39096,1
39097,1
39098,1
39099,1
39100,1
39101,1
39102,1
39103,1
39104,1
39105,1
39118,1
39119,1
39120,1
39121,1
39122,1
39123,1
39124,1
39125,1
39131,1
39132,1
39133,1
39134,1
39135,1
39136,1
39137,1
39138,1
39264,1
39265,1
39266,1
39267,1
39268,1
39269,1
39270,1
39271,1
39272,1
39273,1
39274,1
39275,1
39276,1
39277,1
39278,1
39279,1
39280,1
39281,1
39282,1
39283,1
39284,1
39285,1
39286,1
39287,1
39288,1
39289,1
39290,1
39291,1
39292,1
39312,1
39313,1
39314,1
39315,1
39316,1
39317,1
39318,1
39319,1
39320,1
39321,1
41001,1
41002,1
41003,1
41004,1
41005,1
41006,1
41007,1
41049,1
41050,1
41051,1
41052,1
41053,1
41054,1
41055,1
41056,1
