453,1
454,1
455,1
456,1
457,1
458,1
459,1
460,1
461,1
462,1
463,1
464,1
465,1
466,1
467,1
468,1
469,1
470,1
471,1
472,1
473,1
474,1
475,1
476,1
477,1
478,1
479,1
480,1
481,1
482,1
483,1
484,1
485,1
486,1
487,1
488,1
489,1
490,1
491,1
492,1
493,1
494,1
495,1
496,1
497,1
498,1
499,1
500,1
501,1
502,1
503,1
504,1
505,1
506,1
507,1
508,1
509,1
510,1
511,1
512,1
513,1
514,1
515,1
516,1
517,1
518,1
519,1
520,1
521,1
522,1
523,1
524,1
525,1
526,1
527,1
528,1
529,1
530,1
531,1
532,1
533,1
11573,1
11574,1
11575,1
11576,1
11577,1
11578,1
11579,1
11580,1
11581,1
11582,1
11583,1
11584,1
11585,1
11586,1
11587,1
11588,1
11589,1
11590,1
11591,1
11592,1
11593,1
11594,1
11595,1
11596,1
11597,1
11603,2
11604,2
11605,2
11606,2
11607,2
11608,2
11609,2
11610,2
11611,2
11612,2
11613,2
11614,2
11615,2
11621,1
11622,1
11623,1
11624,1
11625,1
11626,1
11627,1
11628,1
11629,1
11630,1
11631,1
11632,1
11633,1
11639,1
11640,1
11641,1
11642,1
11643,1
11644,1
11650,1
11651,1
11652,1
11653,1
11654,1
11655,1
11656,1
11657,1
11658,1
11659,1
11660,1
11661,1
11662,1
11663,1
11664,1
11665,1
11666,1
11667,1
11668,1
11669,1
11670,1
11671,1
11938,1
11939,1
11940,1
11941,1
11942,1
11943,1
11944,1
11945,1
11946,1
11947,1
11948,1
11949,1
11950,1
11951,1
11952,1
11953,1
11954,1
11955,1
11956,1
11957,1
11958,1
11959,1
31156,1
31157,1
31158,1
31159,1
31160,1
31161,1
31162,1
31163,1
31164,1
31165,1
31166,1
31167,1
31173,1
31174,1
31175,1
31176,1
31177,1
31178,1
31179,1
31180,1
31181,1
31182,1
31183,1
31184,1
31185,1
31186,1
31187,1
31188,1
31189,1
31190,1
31191,1
31192,1
31193,1
31194,1
31195,1
31196,1
31197,1
31198,1
31199,1
31200,1
31201,1
31202,1
31203,1
31204,1
31205,1
31206,1
31207,1
31208,1
31209,1
31210,1
31211,1
31212,1
31213,1
31214,1
31215,1
31216,1
31217,1
31218,1
31219,1
31220,1
31221,1
31222,1
31223,1
31224,1
31225,1
31226,1
31227,1
31228,1
31229,1
31230,1
31231,1
31232,1
31233,1
31234,1
31235,1
31236,1
31237,1
31238,1
31239,1
31240,1
31241,1
31242,1
31243,1
31244,1
31245,1
31246,1
31247,1
31248,1
31249,1
31250,1
31251,1
31252,1
31253,1
31254,1
31255,1
31256,1
31257,1
31258,1
31259,1
31260,1
31261,1
31262,1
31263,1
31264,1
31265,1
31266,1
31267,1
31268,1
31269,1
31270,1
31271,1
31696,1
31697,1
31698,1
31699,1
31700,1
31701,1
32329,1
32330,1
32331,1
32332,1
32333,1
32334,1
32335,1
32336,1
32337,1
32338,1
32339,1
38807,1
38808,1
38809,1
38810,1
38811,1
38812,1
38813,1
38814,1
38815,1
38821,1
38822,1
38823,1
38824,1
38825,1
38826,1
38827,1
38828,1
38835,1
38836,1
38842,1
38843,1
38844,1
38845,1
38846,1
38851,1
38852,1
38853,1
38854,1
38855,1
38857,1
38858,1
38859,1
38860,1
38861,1
38862,1
38863,1
38864,1
38865,1
38866,1
38867,1
38868,1
38869,1
38963,1
38964,1
38965,1
38966,1
40171,1
40172,1
40173,1
40174,1
40175,1
40176,1
40177,1
40178,1
40179,1
40180,1
40181,1
40182,1
40183,1
40184,1
40185,1
40186,1
40187,1
40188,1
40189,1
40190,1
40191,1
40192,1
40193,1
40194,1
40195,1
40216,1
40217,1
40218,1
40219,1
40220,1
40234,1
40235,1
40236,1
40237,1
40238,1
40239,1
40240,1
40241,1
40242,1
40337,1
40338,1
40339,1
40340,1
40341,1
40342,1
40343,1
40344,1
40345,1
40346,1
40347,1
40348,1
40349,1
40439,1
40440,1
40441,1
40442,1
40443,1
40444,1
40445,1
40446,1
40447,1
40448,1
40449,1
40454,1
40455,1
40456,1
40457,1
40458,1
40459,1
40460,1
40461,1
40466,1
40467,1
40468,1
40469,1
40470,1
40471,1
40472,1
40473,1
40478,1
40479,1
40480,1
40481,1
40482,1
40483,1
40484,1
40485,1
40490,1
40491,1
40492,1
40493,1
40494,1
40495,1
40496,1
40497,1
40502,1
40503,1
40504,1
40505,1
40506,1
40507,1
40508,1
40509,1
40514,1
40515,1
40516,1
40517,1
40518,1
40519,1
40520,1
40521,1
40526,1
40527,1
40528,1
40529,1
40530,1
40531,1
40532,1
40533,1
40538,1
40539,1
40540,1
40541,1
40542,1
40543,1
40544,1
40545,1
40550,1
40551,1
40552,1
40553,1
40554,1
40555,1
40556,1
40557,1
40562,1
40563,1
40564,1
40565,1
40566,1
40567,1
40568,1
40569,1
40570,1
40571,1
40572,1
40573,1
40574,1
40575,1
40576,1
40577,1
40578,1
40584,2
40585,2
40586,2
40587,2
40588,2
40589,2
40590,2
40591,2
40592,2
40593,2
40594,2
40595,2
40596,2
40602,1
40603,1
40604,1
40605,1
40606,1
40607,1
40608,1
40609,1
40610,1
40611,1
40612,1
40613,1
40614,1
40620,1
40621,1
40622,1
40623,1
40624,1
40625,1
