1497,1
1498,1
1499,1
1500,1
1501,1
1502,1
1503,1
1515,1
1516,1
1517,1
1524,14
1525,14
1526,14
1527,14
1528,14
1529,14
1535,1
1536,1
1537,1
1538,1
1539,1
1540,1
1546,1
1547,1
1548,1
1549,1
1550,1
1551,1
1552,1
1553,1
1554,1
1555,1
1556,1
1557,1
1558,1
1559,1
1607,1
1608,1
1609,1
1610,1
1611,1
1612,1
1613,1
1614,1
1615,1
1616,1
1617,1
1618,1
1619,1
1620,2
1621,2
1622,2
1623,2
1625,1
1626,1
1627,1
1628,1
1629,1
1630,1
1631,1
1632,1
1633,1
1634,1
1635,1
1637,1
1638,1
1639,1
1640,1
1641,1
1642,1
1643,1
1644,1
1645,1
1646,1
1647,1
1648,1
1663,1
1664,1
1665,1
1666,1
1667,1
1668,1
1669,1
1670,1
1671,1
1672,1
1673,1
1674,1
1675,1
1676,1
1677,1
1678,1
1679,1
1680,1
1681,1
1682,1
1689,1
1690,1
1691,1
1692,1
1693,1
1694,1
1695,1
1696,1
1697,1
1698,1
1699,1
1700,1
1701,1
1702,1
1703,1
1704,1
1705,1
1706,1
1707,1
1708,1
1709,1
1710,4
1711,4
1712,4
1713,4
1714,4
1716,3
1717,3
1718,3
1719,3
1720,3
1721,3
1722,3
1723,3
1724,3
1725,3
1726,3
1727,3
1728,3
1734,3
1735,3
1736,3
1737,3
1738,3
1739,3
1740,3
1759,3
1760,3
1761,3
1762,3
1763,3
1764,3
1765,3
1767,3
1768,3
1769,3
1790,3
1791,3
1792,3
1793,3
1794,3
1795,3
1796,3
1797,3
1814,3
1815,3
1816,3
1849,3
1850,3
1852,1
1853,1
1854,1
1855,1
1856,1
1857,1
1858,1
1859,1
1860,1
1861,1
1862,1
1863,1
1864,1
1865,1
1866,1
1872,3
1873,3
1874,3
1875,5
1876,5
1877,5
1878,5
1879,5
1881,4
1882,4
1883,4
1884,4
1885,4
1886,4
1887,4
1888,4
1889,4
1890,4
1891,4
1892,4
1893,4
1894,4
1896,2
1897,2
1898,2
1899,2
1900,2
1902,2
1903,2
1904,2
1905,2
1906,2
1907,2
1908,2
1910,2
1911,2
1912,2
1913,2
1914,2
1915,2
1916,2
1917,2
1918,2
1919,2
1920,2
1921,2
1935,2
1936,2
1938,3
1939,3
1940,3
1941,3
1942,3
1944,1
1945,1
1946,1
1957,3
1958,3
1959,3
1965,3
1966,3
1967,3
1968,3
1969,3
1970,3
1971,3
1972,3
1973,3
1974,3
1975,3
1976,3
1977,3
1978,3
1979,3
2005,3
2006,3
2007,3
2008,3
2009,3
2010,3
2011,3
2012,3
2013,3
2014,3
2015,3
2016,3
2017,3
2018,3
2019,3
2020,3
2021,3
2022,3
2023,3
2024,3
2025,3
2026,3
2028,3
2029,3
2030,3
2031,3
2032,3
2033,3
2034,3
2035,3
2036,3
2037,3
2038,3
2039,3
2040,3
2041,3
2042,3
2043,3
2044,3
2045,3
2046,3
2052,1
2053,1
2054,1
2055,1
2056,1
2058,1
2059,1
2060,1
2227,1
2228,1
2229,1
2230,1
2231,1
2232,1
2233,1
2234,1
2235,1
2236,1
2237,1
2238,1
2239,1
2240,1
2241,1
2242,1
2243,1
2244,1
2245,1
2246,1
2247,1
2248,1
2254,3
2255,3
2256,3
2257,3
2258,3
2259,3
2260,3
2272,3
2273,3
2274,3
2275,3
2276,3
2277,3
2278,3
2279,3
2311,3
2312,3
2313,3
2331,1
2332,1
2333,1
2334,1
2335,1
2336,1
2337,1
2338,1
2339,1
2340,1
2341,1
2342,1
2343,1
2344,1
2345,1
2346,1
2347,1
2348,4
2349,4
2350,4
2351,4
2352,4
2354,3
2355,3
2356,3
2357,3
2358,3
2359,3
2360,3
2361,3
2362,3
2363,3
2364,3
2365,3
2366,3
2367,3
2368,3
2381,3
2382,3
2383,3
2384,3
2385,3
2386,3
2387,3
2397,3
2398,3
2399,3
2400,3
2401,3
2402,3
2403,3
2405,3
2406,3
2407,3
2408,3
2409,3
2410,3
2411,3
2412,3
2413,3
2414,3
2415,3
2416,3
2417,3
2418,3
2420,1
2421,1
2422,1
2423,1
2424,1
2425,1
2426,1
2428,2
2429,2
2430,2
2431,2
2432,2
2433,2
2435,1
2436,1
2437,1
2438,1
2439,1
2440,1
2441,1
2442,1
2443,1
2444,1
2445,1
2446,1
2447,1
2479,2
2480,2
2481,2
2482,2
2483,2
2484,2
2485,2
2486,2
2487,2
2488,2
2489,2
2491,2
2492,2
2493,2
2494,2
2495,2
2496,2
2497,2
2498,2
2499,2
2500,2
2501,2
2502,2
2503,2
2504,2
2505,2
2506,2
2507,2
2508,2
2509,2
2510,2
2511,2
2524,3
2525,3
2534,3
2535,3
2536,3
2562,3
2563,3
2564,3
2566,1
2567,1
2568,1
2569,1
2570,1
2571,1
2572,1
2573,1
7483,1
7484,1
7485,1
7486,1
7487,1
7488,1
7489,1
7490,1
7491,1
7492,1
7493,1
7494,1
7495,1
7496,1
7497,1
7498,1
7499,1
7500,1
7501,1
7502,1
7503,1
7504,1
7505,1
7506,1
7507,1
7508,1
7509,1
7510,1
7511,1
7512,1
7513,1
7514,1
7515,1
7516,1
7517,1
7518,1
7519,1
7520,1
7521,1
7522,1
7523,1
7524,1
7525,1
7526,1
7527,1
7528,1
7529,1
7530,1
7531,1
7532,1
7533,1
7534,1
7535,1
7536,1
7537,1
7538,1
7539,1
7540,1
7541,1
7542,1
7543,1
7544,1
7545,1
7546,1
7547,1
7548,1
7549,1
7550,1
7551,1
7552,1
7553,1
7554,1
7555,1
7556,1
7557,1
7558,1
7559,1
7560,1
7561,1
7562,1
7563,1
7564,1
7565,1
7566,1
7567,1
7568,1
7569,1
7570,1
7571,1
7572,1
7573,1
7574,1
7575,1
7576,1
7577,1
7578,1
7579,1
7580,1
7581,1
7582,1
7583,1
7584,1
7585,1
7586,1
7587,1
7588,1
7589,1
7590,1
7591,1
7592,1
7593,1
7594,1
7595,1
7596,1
7597,1
7598,1
7599,1
7600,1
7601,1
7602,1
7603,1
7604,1
7605,1
7606,1
7607,1
7608,1
7609,1
7610,1
7611,1
7612,1
7613,1
7614,1
7615,1
7616,1
7617,1
7618,1
7619,1
7620,1
10969,1
10970,1
10971,1
10972,1
10973,1
10974,1
10975,1
10976,1
10977,1
10978,1
10979,1
10980,1
10981,1
10982,1
10983,1
10984,1
10985,1
10986,1
10987,1
10988,1
10989,1
10990,1
10991,1
10992,1
10993,1
10994,1
10995,1
10996,1
10997,1
10998,1
10999,1
11000,1
11001,1
11002,1
11003,1
11004,1
11005,1
11006,1
11007,1
11013,1
11014,1
11015,1
11016,1
11017,1
11018,1
11019,1
11020,1
11021,1
11022,1
11023,1
11024,1
11025,1
11039,1
11040,1
11041,1
11042,1
11043,1
11075,1
11076,1
11077,1
11078,1
11079,1
11080,1
11081,1
11082,1
11083,1
11084,1
11085,1
11086,1
11087,1
11352,3
11353,3
11354,3
11355,3
11356,3
11357,3
11358,3
11359,3
11360,3
11361,3
11362,3
11363,3
11364,3
11365,3
11366,3
11367,3
11368,3
11370,3
11371,3
11372,3
11373,3
11374,3
11375,3
11376,3
11377,3
11378,3
11393,3
11394,3
11395,3
11396,3
11397,3
11398,3
11399,3
11400,3
11401,3
11402,3
11403,3
11404,3
11405,3
11411,1
11412,1
11413,1
11414,1
11415,1
11416,1
11417,1
11418,1
11419,1
11420,1
11421,1
11422,1
11423,1
11443,1
11444,1
11445,1
11446,1
11447,1
11448,1
11449,1
11450,1
11451,1
11480,13
11481,13
11482,13
11483,13
11484,13
11485,13
11486,13
11487,13
11488,13
11489,13
11490,13
11491,13
11492,13
11493,13
11494,13
11495,13
11496,13
11498,5
11499,5
11500,5
11501,5
11502,5
11503,5
11505,8
11507,5
11508,13
11509,13
11538,1
11539,1
11540,1
11541,1
11542,1
11543,1
11544,1
11545,1
11546,1
11547,1
11548,1
11549,1
11550,1
11614,1
11615,1
11616,1
11617,1
11618,1
11619,1
11620,1
11621,1
11622,1
11623,1
11624,1
11625,1
11626,1
11627,1
11628,1
11629,1
11630,1
11631,1
11632,1
11633,1
11634,1
11635,1
11636,1
11637,1
11638,1
11662,3
11663,3
11664,3
11665,3
11666,3
11667,3
11668,3
11669,3
11670,3
11671,3
11672,3
11673,3
11674,3
11680,1
11681,1
11682,1
11683,1
11684,1
11685,1
11878,1
11879,1
11880,1
11881,1
11882,1
11883,1
11884,1
11885,1
11886,1
11887,1
11888,1
11889,1
11890,1
11891,1
11892,1
11893,1
11894,4
11895,4
11896,4
11897,4
11899,3
11900,3
11901,3
11902,3
11903,3
11904,3
11905,3
11906,3
11907,3
11908,3
11909,3
11910,3
11911,3
11921,3
11922,3
11923,3
11924,3
11925,3
11926,3
11927,3
11928,3
11929,3
11930,3
11931,3
11933,1
11934,1
11935,1
11936,1
11937,1
11938,1
11939,1
11940,1
11941,1
11942,1
11943,1
11944,1
11945,1
11946,1
11947,1
11949,2
11950,2
11951,2
11952,2
11953,2
11955,1
11956,1
11957,1
11958,1
11959,1
11960,1
11961,1
11962,1
11963,1
11964,1
11965,1
11966,1
11967,3
11968,3
11970,1
11971,1
11972,1
11973,1
30790,1
30791,1
30792,1
30793,1
30794,1
30795,1
30796,1
30797,1
30798,1
30799,1
30800,1
30801,1
30802,1
30803,1
30804,1
30805,1
30806,1
30812,1
30813,1
30814,1
30815,1
30816,1
30817,1
30818,1
30819,1
30820,1
30821,1
30822,1
30823,1
30824,1
30825,1
30826,1
30827,1
30828,1
30829,1
30830,1
30831,1
30832,1
30833,1
30834,1
30835,1
30836,1
30837,1
30838,1
30839,1
30840,1
30841,1
30842,1
30843,1
30844,1
30845,1
30846,1
30847,1
30848,1
30849,1
30850,1
30851,1
30852,1
30853,1
30854,1
30860,1
30861,1
30862,1
30863,1
30864,1
30865,1
30866,1
30867,1
30873,3
30874,3
30875,3
30876,3
30877,3
30885,3
30886,3
30887,3
30889,3
30890,3
30891,3
30892,3
30893,3
30894,3
30896,3
30899,3
30900,3
30906,3
30907,3
30908,3
30909,3
30910,3
30911,3
30922,3
30923,3
30924,3
30925,3
30926,3
30927,3
30928,3
30929,3
30930,3
30931,3
30932,3
30954,2
30955,2
30956,2
30957,2
30958,2
30959,2
30970,2
30971,2
30972,2
30973,2
30974,2
30975,2
30976,2
30977,2
30978,2
30984,1
30985,1
30986,1
30987,1
30988,1
30989,1
30990,1
30991,1
30992,1
30993,1
30999,3
31000,3
31001,3
31002,3
31003,3
31004,3
31005,3
31006,3
31007,3
31008,3
31009,3
31010,3
31011,3
31012,3
31013,3
31014,3
31015,3
31016,3
31017,3
31018,3
31019,3
31020,3
31021,3
31155,4
31156,4
31157,4
31158,4
31159,4
31164,4
31165,4
31166,4
31167,4
31168,4
31185,3
31186,3
31187,3
31188,3
31189,3
31190,3
31271,3
31272,3
31273,3
31274,3
31275,3
31278,2
31279,2
31280,2
31281,2
31282,2
31283,2
31284,2
31285,3
31286,3
31292,2
31293,2
31294,2
31295,2
31296,2
31297,2
31303,3
31304,3
31305,3
31306,3
31307,3
31308,3
31314,6
31315,6
31316,6
31317,6
31318,6
31323,6
31326,6
31327,6
31396,1
31397,1
31398,1
31399,1
31400,1
31403,1
31404,1
31405,1
31411,3
31412,3
31413,3
31414,3
31415,3
31416,3
31417,3
31418,3
31424,1
31425,1
31426,1
31427,1
31428,1
31429,1
31435,2
31436,2
31437,2
31438,2
31439,2
31443,2
31444,2
31450,4
31451,4
31452,4
31453,4
31454,4
31455,4
31461,2
31462,2
31463,2
31464,2
31465,2
31466,2
31468,2
31469,2
31470,2
31471,2
31472,2
31473,2
31474,2
31475,2
31476,2
31477,2
31478,2
31479,2
31480,2
31481,3
31482,3
31483,3
31485,1
31486,1
31487,1
31488,1
31489,1
31490,1
31491,1
31492,1
31497,1
31498,1
31499,1
31500,1
31501,1
31502,1
31503,1
31504,1
31505,1
31506,1
31507,1
31508,1
31509,1
31510,1
31511,1
31512,1
31513,1
31514,1
31515,1
31516,1
31517,1
31518,1
31519,1
31520,1
31521,1
31522,1
31523,1
31525,2
31526,2
31527,2
31528,2
31529,2
31530,2
31531,2
31532,2
31533,2
31570,1
31571,1
31572,1
31573,1
31574,1
31575,1
31576,1
31577,1
31578,1
31579,1
31585,1
31586,1
31587,1
31588,1
31589,1
31590,1
31591,1
31592,1
31593,1
31594,1
31615,1
31616,1
31617,1
31618,1
31619,1
31620,1
31621,1
31622,1
31623,1
31624,1
31630,1
31631,1
31632,1
31633,1
31634,1
31635,1
31636,1
31637,1
31638,1
31639,1
31645,1
31646,1
31647,1
31648,1
31649,1
31650,1
31651,1
31652,1
31653,1
31654,1
31660,1
31661,1
31662,1
31663,1
31664,1
31665,1
31666,1
31667,1
31668,1
31669,1
31691,1
31692,1
31693,1
31694,1
31695,1
31696,1
31697,1
31698,1
31699,1
31700,1
38130,2
38131,2
38132,2
38133,2
38134,2
38135,2
38136,2
38137,2
38138,2
38139,2
38140,2
38142,2
38143,2
38144,2
38145,2
38146,2
38173,2
38174,2
38175,2
38176,2
38182,19
38183,19
38184,19
38185,19
38186,19
38191,19
38192,19
38193,19
38194,19
38195,19
38196,19
38197,19
38206,19
38207,19
38208,19
38209,19
38210,19
38211,19
38212,19
38214,13
38215,13
38216,13
38217,13
38218,13
38219,13
38220,13
38221,6
38222,6
38223,6
38224,6
38253,1
38254,1
38255,1
38256,1
38257,1
38258,1
38259,1
38260,1
38261,1
38267,1
38268,1
38269,1
38270,1
38271,1
38272,1
38273,1
38274,1
38280,1
38283,1
38284,1
38290,1
38291,1
38292,1
38293,1
38294,1
38299,1
38300,1
38301,1
38302,1
38303,1
38305,1
38306,1
38307,1
38308,1
38309,1
38310,1
38311,1
38312,1
38313,1
38314,1
38315,1
38316,1
38317,1
38345,1
38346,1
38414,1
38415,1
38416,1
38417,1
38451,1
38452,1
38453,1
38454,1
38455,1
38456,1
38457,1
38458,1
38459,1
38460,1
38461,1
38462,1
38468,1
38469,1
38470,1
38471,1
38472,1
38473,1
38474,1
38475,1
38476,1
38477,1
38478,1
38479,1
38480,1
38481,1
38482,1
38483,1
38484,1
38485,1
38486,1
38487,1
38488,1
38489,1
38490,1
38491,1
38492,1
38493,1
38494,1
38495,1
38496,1
38497,1
38498,1
38499,1
38500,1
38501,1
38502,1
38503,1
38504,1
38505,1
38506,1
38507,1
38508,1
38509,1
38510,1
38511,1
38512,1
38513,1
38514,1
38515,1
38516,1
38517,1
38518,1
38519,1
38520,1
38521,1
38522,1
38523,1
38524,1
38525,1
38526,1
38527,1
38528,1
38529,1
38530,1
38531,1
38532,1
38533,1
38534,1
38535,1
38536,1
38537,1
38538,1
38550,1
38551,1
38552,1
38553,1
38647,1
38648,1
38649,1
38650,1
38651,1
38652,1
38653,1
38654,1
38655,1
38656,1
38657,1
38658,1
38659,1
38692,1
38693,1
38694,1
38695,1
38696,1
38697,1
38698,1
38699,1
38700,1
38701,1
38702,1
38703,1
38704,1
38705,1
38706,1
38707,1
38708,1
38709,1
38710,1
38711,1
38712,1
38713,1
38714,1
38715,1
38716,1
38717,1
38718,1
38719,1
38720,1
38799,1
38800,1
38801,1
38802,1
38803,1
38804,1
38805,1
38806,1
