1497,1
1498,1
1499,1
1500,1
1501,1
1502,1
1503,1
1505,1
1506,1
1507,1
1508,1
1509,1
1510,1
1511,1
1512,1
1513,1
1514,1
1519,1
1520,1
1521,1
1524,4
1525,4
1526,4
1527,4
1528,4
1529,4
1535,3
1536,3
1537,3
1538,3
1539,3
1540,3
1546,1
1547,1
1548,1
1549,1
1550,1
1551,1
1552,1
1553,1
1554,1
1555,1
1556,1
1557,1
1561,1
1562,1
1563,1
1607,1
1608,1
1609,1
1610,1
1611,1
1612,1
1613,1
1614,1
1615,1
1616,1
1617,1
1618,1
1619,1
1620,4
1621,4
1622,4
1623,4
1625,3
1626,3
1627,3
1628,3
1629,3
1630,3
1631,3
1632,3
1633,3
1634,3
1635,3
1637,1
1638,1
1639,1
1640,1
1641,1
1642,1
1643,1
1644,1
1645,2
1646,2
1647,2
1648,2
1650,1
1651,1
1652,1
1653,1
1654,1
1655,1
1656,1
1657,1
1658,1
1659,1
1660,1
1661,1
1663,1
1664,1
1665,1
1666,1
1667,1
1668,1
1669,1
1670,1
1671,1
1672,1
1673,1
1674,1
1675,1
1676,1
1677,1
1678,1
1679,1
1680,1
1681,1
1682,1
1689,1
1690,1
1691,1
1692,1
1693,1
1694,1
1695,1
1696,1
1697,1
1698,1
1699,1
1700,1
1701,1
1702,1
1703,1
1704,1
1705,1
1706,1
1707,1
1708,1
1709,1
1710,2
1711,2
1712,2
1713,2
1714,2
1716,1
1717,1
1718,1
1719,1
1720,1
1721,1
1722,1
1723,1
1724,1
1725,1
1726,1
1727,1
1728,1
1734,1
1735,1
1736,1
1737,1
1738,1
1739,1
1740,1
1759,1
1760,1
1761,1
1762,1
1763,1
1764,1
1765,1
1767,1
1768,1
1769,1
1790,1
1791,1
1792,1
1793,1
1794,1
1795,1
1796,1
1797,1
1814,1
1815,1
1816,1
1849,1
1850,1
1852,1
1853,1
1854,1
1855,1
1856,1
1857,1
1858,1
1859,1
1860,1
1868,1
1869,1
1870,1
1965,1
1966,1
1967,1
1968,1
1969,1
1970,1
1971,1
1972,1
1973,1
1974,1
1975,1
1976,1
1977,1
1978,1
1979,1
2005,1
2006,1
2007,1
2008,1
2009,1
2010,1
2011,1
2012,1
2013,1
2014,1
2015,1
2016,1
2017,1
2018,1
2019,1
2020,1
2021,1
2022,1
2023,1
2024,1
2025,1
2026,1
2036,1
2037,1
2038,1
2039,1
2040,1
2041,1
2042,1
2043,1
2044,1
2045,1
2046,1
2052,1
2053,1
2054,1
2055,1
2056,1
2058,1
2059,1
2060,1
2227,1
2228,1
2229,1
2230,1
2231,1
2232,1
2233,1
2234,1
2235,1
2236,1
2237,1
2238,1
2239,1
2240,1
2241,1
2242,1
2243,1
2244,1
2245,1
2246,1
2247,1
2248,1
2254,1
2255,1
2256,1
2257,1
2258,1
2259,1
2260,1
2262,1
2263,1
2264,1
2265,1
2266,1
2267,1
2268,1
2269,1
2270,1
2271,1
2272,1
2273,1
2274,1
2275,1
2276,1
2277,1
2278,1
2279,1
2311,1
2312,1
2313,1
2331,1
2332,1
2333,1
2334,1
2335,1
2336,1
2337,1
2338,1
2339,1
2340,1
2341,1
2342,1
2343,1
2344,1
2345,1
2346,1
2347,1
2348,2
2349,2
2350,2
2351,2
2352,2
2354,1
2355,1
2356,1
2357,1
2358,1
2359,1
2360,1
2361,1
2362,1
2363,1
2364,1
2365,1
2366,1
2367,1
2368,1
2381,1
2382,1
2383,1
2384,1
2385,1
2386,1
2387,1
2397,1
2398,1
2399,1
2400,1
2401,1
2402,1
2403,1
2405,1
2406,1
2407,1
2408,1
2409,1
2410,1
2411,1
2412,1
2413,1
2414,1
2415,1
2416,1
2417,1
2418,1
2420,1
2421,1
2422,1
2423,1
2424,1
2425,1
2426,1
2524,1
2525,1
2534,1
2535,1
2536,1
2562,1
2563,1
2564,1
2566,1
2567,1
2568,1
2569,1
2570,1
2571,1
2572,1
2573,1
3725,1
3726,1
3727,1
3728,1
3729,1
3730,1
3731,1
3732,1
3733,1
3734,1
3735,1
3736,1
3737,1
3738,1
3739,1
3740,1
3741,1
3743,1
3747,1
3748,1
3749,1
3750,1
3751,1
3752,1
3753,1
3754,1
3755,1
3756,1
3757,1
3758,1
3759,1
3760,1
3761,1
3762,1
3763,1
3764,2
3765,2
3766,2
3767,2
3768,2
3770,1
3771,1
3772,1
3773,1
3774,1
3775,1
3776,1
3777,1
3778,1
3779,1
3780,1
3781,1
3782,1
3783,1
3793,1
3794,1
3795,1
3796,1
3797,1
3798,1
3804,1
3805,1
3806,1
3807,1
3808,1
3809,1
3810,1
3811,1
3812,1
3813,1
3814,1
3815,1
3816,1
3817,1
3818,1
3819,1
3820,1
3821,1
3822,1
3823,1
3829,1
3830,1
3831,1
3832,1
3833,1
3834,1
3835,1
3836,1
3837,1
3838,1
3839,1
3840,1
3846,2
3847,2
3848,2
3849,2
3850,2
3851,2
3857,1
3858,1
3859,1
3860,1
3861,1
3862,1
3863,1
3864,1
3865,1
3866,1
3867,1
3868,1
6041,1
6042,1
6043,1
6044,1
6045,1
6046,1
6047,1
6048,1
6049,1
6050,1
6051,1
6052,1
6053,1
6054,1
6055,1
6056,1
6057,1
6058,1
6059,1
6060,1
6061,1
6062,1
6063,1
6064,1
6065,1
6066,1
6067,1
6068,1
6069,1
6070,1
6071,1
6072,1
6073,1
6074,1
6075,1
6076,1
6077,1
6078,1
6079,1
6080,1
6081,1
6082,1
6083,1
6084,1
6085,1
6086,1
6087,1
6088,1
6089,1
6090,1
6091,1
6092,1
6093,1
6094,1
6095,1
6096,1
6097,1
6098,1
6099,1
6100,1
6101,1
6102,1
6103,1
6104,1
6105,1
6106,1
6107,1
6108,1
6109,1
6110,1
6111,1
6112,1
6113,1
6114,1
6125,1
6126,1
6127,1
6128,1
6129,1
6130,1
6131,1
6132,1
6133,1
6134,1
6135,1
6136,1
6137,1
6138,1
6139,1
6140,1
6141,1
6142,1
6143,1
6144,1
6145,1
6146,1
6147,1
6148,1
6149,1
6150,1
6151,1
6152,1
6153,1
6154,1
6166,1
6167,1
6168,1
10969,1
10970,1
10971,1
10972,1
10973,1
10974,1
10975,1
10976,1
10977,1
10978,1
10979,1
10980,1
10981,1
10982,1
10983,1
10984,1
10985,1
10986,1
10987,1
10988,1
10989,1
10990,1
10991,1
10992,1
10993,1
10994,1
10995,1
10996,1
10997,1
10998,1
10999,1
11000,1
11001,1
11002,1
11003,1
11004,1
11005,1
11006,1
11007,1
11013,3
11014,3
11015,3
11016,3
11017,3
11018,3
11019,3
11020,3
11021,3
11022,3
11023,3
11024,3
11025,3
11039,3
11040,3
11041,3
11042,3
11043,3
11045,1
11046,1
11047,1
11048,1
11049,1
11050,1
11051,1
11052,1
11067,1
11068,1
11069,1
11070,1
11071,1
11072,1
11073,1
11074,1
11075,3
11076,3
11077,3
11078,3
11079,3
11080,3
11081,3
11082,3
11083,3
11084,3
11085,3
11086,3
11087,3
11167,1
11168,1
11169,1
11170,1
11171,1
11172,1
11173,1
11175,1
11176,1
11177,1
11178,1
11179,1
11180,1
11181,1
11182,1
11183,1
11184,1
11185,1
11186,1
11187,1
11188,1
11189,1
11190,1
11191,3
11192,3
11193,3
11194,3
11196,2
11197,2
11198,2
11199,2
11200,2
11201,2
11202,2
11203,2
11204,2
11205,2
11206,2
11207,2
11208,2
11209,2
11210,2
11211,2
11212,2
11213,2
11214,2
11215,2
11216,2
11217,2
11218,2
11219,2
11220,2
11221,2
11222,2
11223,2
11224,2
11225,2
11227,1
11228,1
11229,1
11352,1
11353,1
11354,1
11355,1
11356,1
11357,1
11358,1
11359,1
11360,1
11361,1
11362,1
11363,1
11364,1
11365,1
11366,1
11367,1
11368,1
11370,1
11371,1
11372,1
11373,1
11374,1
11375,1
11376,1
11377,1
11378,1
11393,1
11394,1
11395,1
11396,1
11397,1
11398,1
11399,1
11400,1
11401,1
11402,1
11403,1
11404,1
11405,1
11411,1
11412,1
11413,1
11414,1
11415,1
11416,1
11417,1
11418,1
11419,1
11420,1
11421,1
11422,1
11423,1
11443,1
11444,1
11445,1
11446,1
11447,1
11448,1
11449,1
11450,1
11451,1
11480,2
11481,2
11482,2
11483,2
11484,2
11485,2
11486,2
11487,2
11488,2
11489,2
11490,2
11491,2
11492,2
11493,2
11494,2
11495,2
11496,2
11505,2
11508,2
11509,2
11538,1
11539,1
11540,1
11541,1
11542,1
11543,1
11544,1
11545,1
11546,1
11547,1
11548,1
11549,1
11550,1
11614,1
11615,1
11616,1
11617,1
11618,1
11619,1
11620,1
11621,1
11622,1
11623,1
11624,1
11625,1
11626,1
11627,1
11628,1
11629,1
11630,1
11631,1
11632,1
11633,1
11634,1
11635,1
11636,1
11637,1
11638,1
11662,1
11663,1
11664,1
11665,1
11666,1
11667,1
11668,1
11669,1
11670,1
11671,1
11672,1
11673,1
11674,1
30790,3
30791,3
30792,3
30793,3
30794,3
30795,3
30796,3
30797,3
30798,3
30799,3
30800,3
30801,3
30802,3
30803,3
30804,3
30805,3
30806,3
30812,3
30813,3
30814,3
30815,3
30816,3
30817,3
30818,3
30819,3
30820,3
30821,3
30822,3
30823,3
30824,3
30825,3
30826,3
30827,3
30828,3
30829,3
30830,3
30831,3
30832,3
30833,3
30834,3
30835,3
30836,3
30837,3
30838,3
30839,3
30840,3
30841,3
30842,3
30843,3
30844,3
30845,3
30846,3
30847,3
30848,3
30849,3
30850,3
30851,3
30852,3
30853,3
30854,3
30860,3
30861,3
30862,3
30863,3
30864,3
30865,3
30866,3
30867,3
30984,3
30985,3
30986,3
30987,3
30988,3
30989,3
30990,3
30991,3
30992,3
30993,3
30999,1
31000,1
31001,1
31002,1
31003,1
31004,1
31005,1
31006,1
31007,1
31008,1
31009,1
31010,1
31011,1
31012,1
31013,1
31014,1
31015,1
31016,1
31017,1
31018,1
31019,1
31020,1
31021,1
31130,2
31131,2
31132,2
31133,2
31134,2
31135,2
31155,9
31156,9
31157,9
31158,9
31159,9
31164,9
31165,9
31166,9
31167,9
31168,9
31185,4
31186,4
31187,4
31188,4
31189,4
31190,4
31314,1
31315,1
31316,1
31317,1
31318,1
31320,1
31321,1
31325,1
31326,1
31327,1
31396,3
31397,3
31398,3
31399,3
31400,3
31403,3
31404,3
31405,3
31450,4
31451,4
31452,4
31453,4
31454,4
31455,4
31570,3
31571,3
31572,3
31573,3
31574,3
31575,3
31576,3
31577,3
31578,3
31579,3
31585,3
31586,3
31587,3
31588,3
31589,3
31590,3
31591,3
31592,3
31593,3
31594,3
31615,3
31616,3
31617,3
31618,3
31619,3
31620,3
31621,3
31622,3
31623,3
31624,3
31630,3
31631,3
31632,3
31633,3
31634,3
31635,3
31636,3
31637,3
31638,3
31639,3
31645,5
31646,5
31647,5
31648,5
31649,5
31650,5
31651,5
31652,5
31653,5
31654,5
31660,3
31661,3
31662,3
31663,3
31664,3
31665,3
31666,3
31667,3
31668,3
31669,3
31691,3
31692,3
31693,3
31694,3
31695,3
31696,3
31697,3
31698,3
31699,3
31700,3
38182,4
38183,4
38184,4
38185,4
38186,4
38191,4
38192,4
38193,4
38194,4
38195,4
38196,4
38197,4
38206,4
38207,4
38208,4
38209,4
38210,4
38211,4
38212,4
38214,3
38215,3
38216,3
38217,3
38218,3
38219,3
38220,3
38221,1
38222,1
38223,1
38224,1
38253,3
38254,3
38255,3
38256,3
38257,3
38258,3
38259,3
38260,3
38261,3
38267,3
38268,3
38269,3
38270,3
38271,3
38272,3
38273,3
38274,3
38280,3
38283,3
38284,3
38290,3
38291,3
38292,3
38293,3
38294,3
38299,3
38300,3
38301,3
38302,3
38303,3
38305,3
38306,3
38307,3
38308,3
38309,3
38310,3
38311,3
38312,3
38313,3
38314,3
38315,3
38316,3
38317,3
38345,3
38346,3
38414,3
38415,3
38416,3
38417,3
38468,3
38469,3
38470,3
38471,3
38472,3
38473,3
38474,3
38475,3
38476,3
38477,3
38478,3
38479,3
38480,3
38481,3
38482,3
38483,3
38484,3
38485,3
38486,3
38487,3
38488,3
38489,3
38490,3
38491,3
38492,3
38493,3
38494,3
38495,3
38496,3
38497,3
38498,3
38499,3
38500,3
38501,3
38502,3
38503,3
38504,3
38505,3
38506,3
38507,3
38508,3
38509,3
38510,3
38511,3
38512,3
38513,3
38514,3
38515,3
38516,3
38517,3
38518,3
38519,3
38520,3
38521,3
38522,3
38523,3
38524,3
38525,3
38526,3
38527,3
38528,3
38529,3
38530,3
38531,3
38532,3
38533,3
38534,3
38535,3
38536,3
38537,3
38538,3
38550,3
38551,3
38552,3
38553,3
38665,1
38666,1
38667,1
38668,1
38669,1
38670,1
38671,1
38672,1
38692,3
38693,3
38694,3
38695,3
38696,3
38697,3
38698,3
38699,3
38700,3
38701,3
38702,3
38703,3
38704,3
38705,3
38706,3
38707,3
38708,3
38709,3
38710,3
38711,3
38712,3
38713,3
38714,3
38715,3
38716,3
38717,3
38718,3
38719,3
38720,3
40178,1
40179,1
40180,1
40181,1
40182,1
40183,1
40184,1
40185,1
40186,1
40187,1
40188,1
40189,1
40190,1
40191,1
40192,1
40198,2
40199,2
40200,2
40201,2
40202,2
40203,2
40204,2
40205,2
40206,2
40207,2
40208,2
40209,2
40210,2
40211,2
40212,2
40213,2
40214,2
40233,2
40234,2
40235,2
40236,2
40237,2
40238,2
40239,2
40240,2
40257,1
40258,1
40259,1
40260,1
40261,1
40262,1
40268,1
40269,1
40270,1
40271,1
40272,1
40273,1
40274,1
40275,1
40276,1
40277,1
40283,1
40284,1
40285,1
40286,1
40287,1
40289,1
40290,1
40291,1
40292,1
40293,1
40294,1
40295,1
40335,1
40336,1
40337,1
40338,1
40339,1
40340,1
40341,1
40342,1
40343,1
40344,1
40345,1
40346,1
40347,1
40348,1
40349,1
40350,1
40351,1
40352,1
40353,1
40354,1
40355,1
40356,1
40357,3
40358,3
40359,3
40360,3
40361,3
40363,2
40364,2
40365,2
40366,2
40367,2
40368,2
40369,2
40370,2
40371,2
40372,2
40373,2
40375,2
40376,2
40377,2
40378,2
40379,2
40380,2
40381,2
40382,2
40383,2
40384,2
40385,2
40386,2
40387,2
40388,2
40389,2
40390,2
40408,2
40409,2
40410,2
40411,2
40412,2
40430,2
40431,2
40432,2
40433,2
40434,2
40436,1
40437,1
40438,1
40439,1
40440,1
40441,1
40442,1
40443,2
40444,2
40446,1
40447,1
40448,1
40449,1
40450,1
40451,1
40452,1
40453,1
40454,1
40455,1
40456,1
40457,1
40458,1
