1481,1
1482,1
1483,1
1484,1
1485,1
1486,1
1487,1
1493,1
1494,1
1495,1
1496,1
1497,1
1498,1
1499,1
1511,1
1512,1
1513,1
1520,10
1521,10
1522,10
1523,10
1524,10
1525,10
1531,1
1532,1
1533,1
1534,1
1535,1
1536,1
1542,1
1543,1
1544,1
1545,1
1546,1
1547,1
1548,1
1549,1
1550,1
1551,1
1552,1
1553,1
1554,1
1555,1
1603,1
1604,1
1605,1
1606,1
1607,1
1608,1
1609,1
1610,1
1611,1
1612,1
1613,1
1614,1
1615,1
1617,2
1618,2
1619,2
1620,2
1621,2
1622,2
1623,2
1624,2
1625,2
1626,2
1627,3
1628,3
1629,3
1630,3
1631,3
1633,1
1634,1
1635,1
1636,1
1637,1
1638,1
1639,1
1640,1
1653,1
1654,1
1655,1
1656,1
1657,1
1659,1
1660,1
1661,1
1662,1
1663,1
1664,1
1665,1
1666,1
1667,1
1668,1
1669,1
1670,1
1671,1
1672,1
1673,1
1674,1
1675,1
1676,1
1677,1
1678,1
1685,1
1686,1
1687,1
1688,1
1689,1
1690,1
1691,1
1692,1
1693,1
1694,1
1695,1
1696,1
1697,1
1698,1
1699,1
1700,1
1701,1
1702,1
1703,1
1704,1
1705,1
1706,1
1707,1
1709,2
1710,2
1711,2
1712,2
1713,2
1714,2
1715,2
1716,2
1717,2
1718,2
1719,2
1720,2
1721,2
1729,2
1730,2
1731,2
1732,2
1733,2
1734,2
1735,2
1758,2
1759,2
1760,2
1761,2
1762,2
1763,2
1764,2
1766,2
1767,2
1768,2
1791,2
1792,2
1793,2
1794,2
1795,2
1796,2
1797,2
1798,2
1799,2
1800,2
1817,2
1818,2
1819,2
1852,3
1853,3
1854,3
1855,3
1856,3
1858,1
1859,1
1860,1
1861,1
1862,1
1863,1
1864,1
1865,1
1866,1
1867,1
1868,1
1869,1
1870,1
1871,1
1872,1
1878,2
1879,2
1880,2
1881,2
1882,2
1884,3
1885,3
1886,3
1887,3
1888,3
1889,3
1890,3
1891,3
1892,3
1893,3
1894,3
1895,3
1896,3
1897,3
1899,1
1900,1
1901,1
1902,1
1903,1
1905,1
1906,1
1907,1
1908,1
1909,1
1910,1
1911,1
1913,2
1914,2
1915,2
1916,2
1917,2
1918,2
1919,2
1920,2
1921,2
1922,2
1923,2
1924,2
1937,4
1938,4
1939,4
1940,4
1941,4
1943,2
1944,2
1945,2
1946,2
1947,2
1962,2
1963,2
1964,2
1970,2
1971,2
1972,2
1973,2
1974,2
1975,2
1976,2
1977,2
1978,2
1979,2
1980,2
1981,2
1982,2
1983,2
1984,2
2008,2
2009,2
2010,2
2011,2
2012,2
2013,2
2014,2
2015,2
2016,2
2017,2
2018,2
2019,2
2020,2
2021,2
2022,2
2023,2
2024,2
2025,2
2026,2
2027,2
2028,2
2029,2
2031,2
2032,2
2033,2
2034,2
2035,2
2036,2
2037,2
2038,2
2039,2
2040,2
2041,2
2042,2
2043,2
2044,2
2045,2
2046,2
2047,2
2048,2
2049,2
2055,1
2056,1
2057,1
2058,1
2059,1
2061,1
2062,1
2063,1
2228,1
2229,1
2230,1
2231,1
2232,1
2233,1
2234,1
2235,1
2236,1
2237,1
2238,1
2239,1
2240,1
2241,1
2242,1
2243,1
2244,1
2245,1
2246,1
2247,1
2248,1
2249,1
2255,2
2256,2
2257,2
2258,2
2259,2
2260,2
2261,2
2273,2
2274,2
2275,2
2276,2
2277,2
2278,2
2279,2
2280,2
2312,2
2313,2
2314,2
3653,1
3654,1
3655,1
3656,1
3657,1
3658,1
3659,1
3660,1
3661,1
3662,1
3663,1
3664,1
3665,1
3666,1
3667,1
3668,1
3669,1
3670,1
3671,1
3672,1
3673,1
3674,1
3675,1
3676,1
3677,1
3678,1
3679,1
3680,1
3681,1
3682,1
3683,1
3684,1
3685,1
3686,1
3687,1
3688,1
3689,1
3690,1
3691,1
3692,1
3693,1
3694,1
3695,1
3696,1
3697,1
3698,1
3699,1
3700,1
3701,1
3702,1
3703,1
3704,1
3705,1
3706,1
3707,1
3708,1
3709,1
3710,1
3711,1
3712,1
3713,1
3714,1
3715,1
3716,1
3717,1
3718,1
3719,1
3720,1
3721,1
3722,1
3723,1
3724,1
3725,1
3726,1
3727,1
3728,1
3868,1
3869,1
3870,1
3871,1
3872,1
3873,1
3874,1
3875,1
3876,1
3877,1
3878,1
3879,1
10928,1
10929,1
10930,1
10931,1
10932,1
10933,1
10934,1
10935,1
10936,1
10937,1
10938,1
10939,1
10940,1
10941,1
10942,1
10943,1
10944,1
10945,1
10946,1
10947,1
10948,1
10949,1
10950,1
10951,1
10952,1
10953,1
10954,1
10955,1
10956,1
10957,1
10958,1
10959,1
10960,1
10961,1
10962,1
10963,1
10964,1
10965,1
10966,1
10967,1
10968,1
10974,2
10975,2
10976,2
10977,2
10978,2
10979,2
10980,2
10981,2
10982,2
10983,2
10984,2
10985,2
10986,2
11000,2
11001,2
11002,2
11003,2
11004,2
11036,2
11037,2
11038,2
11039,2
11040,2
11041,2
11042,2
11043,2
11044,2
11045,2
11046,2
11047,2
11048,2
11313,4
11314,4
11315,4
11316,4
11317,4
11318,4
11319,4
11320,4
11321,4
11322,4
11323,4
11324,4
11325,4
11326,4
11327,4
11328,4
11329,4
11331,4
11332,4
11333,4
11334,4
11335,4
11336,4
11337,4
11338,4
11339,4
11354,2
11355,2
11356,2
11357,2
11358,2
11359,2
11360,2
11361,2
11362,2
11363,2
11364,2
11365,2
11366,2
11372,1
11373,1
11374,1
11375,1
11376,1
11377,1
11378,1
11379,1
11380,1
11381,1
11382,1
11383,1
11384,1
11404,1
11405,1
11406,1
11407,1
11408,1
11409,1
11410,1
11411,1
11412,1
11441,7
11442,7
11443,7
11444,7
11445,7
11446,7
11447,7
11448,7
11449,7
11450,7
11451,7
11452,7
11453,7
11454,7
11455,7
11456,7
11457,7
11459,2
11460,2
11461,2
11462,2
11463,2
11464,2
11466,2
11467,5
11468,5
11497,1
11498,1
11499,1
11500,1
11501,1
11502,1
11503,1
11504,1
11505,1
11506,1
11507,1
11508,1
11509,1
11573,1
11574,1
11575,1
11576,1
11577,1
11578,1
11579,1
11580,1
11581,1
11582,1
11583,1
11584,1
11585,1
11586,1
11587,1
11588,1
11589,1
11590,1
11591,1
11592,1
11593,1
11594,1
11595,1
11596,1
11597,1
11621,2
11622,2
11623,2
11624,2
11625,2
11626,2
11627,2
11628,2
11629,2
11630,2
11631,2
11632,2
11633,2
11694,2
11695,2
11696,2
11697,2
11698,2
11699,2
11700,2
11701,1
11702,1
11703,1
11704,1
11705,1
11706,1
11707,1
11708,1
11709,1
11710,1
11711,1
11712,1
11713,1
11714,1
11715,1
11716,1
11717,1
11718,1
11719,1
11720,1
11721,1
11722,1
11723,1
11724,1
11725,1
11726,1
11727,1
11728,1
11729,1
11730,1
11731,1
11732,1
11733,1
11734,1
11735,1
11736,1
11737,1
11738,1
12002,2
12003,2
12004,2
12005,2
12006,2
12011,2
12012,2
12013,2
12014,2
12015,2
12016,2
12017,2
12018,2
12019,2
12020,2
12023,2
12024,2
12025,2
12026,2
12027,2
12028,2
12029,2
12114,2
12115,2
12116,2
12117,2
12118,2
12119,2
12120,2
12121,2
12122,2
12123,2
12124,2
12125,2
12126,2
12127,2
12128,2
12129,2
12131,4
12132,4
12133,4
12134,4
12135,4
12136,4
12137,4
12138,4
12139,4
12140,4
12141,4
12142,4
12144,2
12145,2
12146,2
12147,2
12148,2
12149,2
12150,2
12151,2
12152,2
12153,6
12154,6
12155,6
12156,6
12157,6
12159,2
12160,2
12161,2
12162,2
12163,2
12166,2
12167,2
12168,2
12169,2
12170,2
12171,2
12172,2
12173,2
12213,2
12214,2
12215,2
12216,2
12217,2
12222,2
12223,2
12224,2
12225,2
12226,2
12227,2
12228,2
12229,2
12230,2
12231,2
12236,2
12237,2
12238,2
12239,2
12240,2
12241,2
12242,2
12243,2
12244,2
12245,1
12246,1
12248,1
12249,1
12250,1
12252,2
12253,2
12254,2
12255,2
12256,2
12257,2
12258,2
12259,2
12260,2
12261,2
12262,1
12263,1
12265,1
12266,1
12267,1
12332,2
12333,2
12334,2
12335,2
12336,2
12337,2
12338,2
12339,2
12340,2
12341,2
12342,2
12343,2
12344,2
12345,2
12346,2
12347,2
12349,3
12350,3
12351,3
12352,3
12353,3
12354,3
12355,3
12356,3
12357,3
12358,3
12359,3
12360,3
12361,3
12362,3
12364,1
12365,1
12366,1
12367,1
12368,1
12369,1
12370,1
12372,2
12373,2
12374,2
12375,2
12376,3
12377,3
12378,3
12379,3
12380,3
25582,1
25583,1
25584,1
25585,1
25586,1
25587,1
25588,1
25589,1
25590,1
25591,1
25592,1
25593,1
25594,1
25595,1
25596,1
25597,1
25598,1
25734,1
25735,1
25736,1
25737,1
25738,1
25739,1
25740,1
25741,1
25742,1
25743,1
25744,1
25745,1
25746,1
25747,1
25748,1
25749,1
25750,1
25751,1
25752,1
25753,1
25754,1
25755,1
25756,1
25757,1
25759,4
25760,4
25761,4
25762,4
25763,4
25764,4
25765,4
25766,4
25767,4
25768,4
25769,4
25770,4
25771,4
25773,4
25774,4
25775,4
25776,4
25777,4
25790,4
25791,4
25792,4
25793,4
25794,4
25795,4
25796,4
25914,4
25915,4
25916,4
25917,4
25918,4
25919,4
25920,4
25922,2
25923,2
25924,2
25925,2
25926,2
25934,2
25935,2
25936,2
25937,2
25938,2
25939,2
25940,2
25941,2
25942,2
25943,2
26025,2
26026,2
26027,2
26028,2
26029,2
26030,2
26031,2
26032,2
26033,4
26034,4
26035,4
26036,4
26037,4
26038,4
26039,5
26040,5
26041,5
26042,5
26043,5
26045,1
26046,1
26047,1
26048,1
26049,1
26050,1
26051,1
26052,1
26053,1
26059,4
26060,4
26061,4
26062,4
26063,4
26064,4
26085,4
26086,4
26087,4
26093,1
26094,1
26095,1
26096,1
26097,1
26098,1
26099,1
26100,1
26101,1
26102,1
26103,1
26104,1
26105,1
26106,1
26112,2
26113,2
26114,2
26115,2
26116,2
26117,2
26139,2
26140,2
26141,2
26142,2
26143,2
26144,2
26145,2
26146,2
26147,2
26148,2
26149,2
26155,2
26156,2
26157,2
26158,2
26159,2
26160,2
26173,2
26174,2
26175,2
26176,2
26177,2
26178,2
26179,2
26180,2
26182,2
26183,2
26184,2
26185,2
26186,2
26187,2
26188,2
26189,2
26190,2
26191,2
26192,2
26193,2
26194,2
26195,2
26196,2
26197,2
26198,2
26199,2
26200,2
26201,2
26202,2
31156,2
31157,2
31158,2
31159,2
31160,2
31161,2
31162,2
31163,2
31164,2
31165,2
31166,2
31167,2
31173,2
31174,2
31175,2
31176,2
31177,2
31178,2
31179,2
31180,2
31181,2
31182,2
31183,2
31184,2
31185,2
31186,2
31187,2
31188,2
31189,2
31190,2
31191,2
31192,2
31193,2
31194,2
31195,2
31196,2
31197,2
31198,2
31199,2
31200,2
31201,2
31202,2
31203,2
31204,2
31205,2
31206,2
31207,2
31208,2
31209,2
31210,2
31211,2
31212,2
31213,2
31214,2
31215,2
31216,2
31217,2
31218,2
31219,2
31220,2
31221,2
31222,2
31223,2
31224,2
31225,2
31226,2
31227,2
31228,2
31229,2
31230,2
31231,2
31232,2
31233,2
31234,2
31235,2
31236,2
31237,2
31238,2
31239,2
31240,2
31241,2
31242,2
31243,2
31244,2
31245,2
31246,2
31247,2
31248,2
31249,2
31250,2
31251,2
31252,2
31253,2
31254,2
31255,2
31256,2
31257,2
31258,2
31259,2
31260,2
31261,2
31262,2
31263,2
31264,2
31265,2
31266,2
31267,2
31268,2
31269,2
31270,2
31271,2
31384,2
31385,2
31386,2
31387,2
31388,2
31396,2
31397,2
31398,2
31400,2
31401,2
31402,2
31403,2
31404,2
31405,2
31407,2
31408,2
31416,2
31417,2
31418,2
31419,2
31420,2
31421,2
31432,2
31433,2
31434,2
31435,2
31436,2
31437,2
31438,2
31439,2
31440,2
31441,2
31442,2
31468,2
31469,2
31470,2
31471,2
31472,2
31473,2
31484,2
31485,2
31486,2
31487,2
31488,2
31489,2
31490,2
31491,2
31492,2
31498,2
31499,2
31500,2
31501,2
31502,2
31503,2
31504,2
31505,2
31506,2
31507,2
31513,2
31514,2
31515,2
31516,2
31517,2
31518,2
31519,2
31520,2
31521,2
31522,2
31523,2
31524,2
31525,2
31526,2
31527,2
31528,2
31529,2
31530,2
31531,2
31532,2
31533,2
31534,2
31535,2
31567,4
31568,4
31569,4
31570,4
31571,4
31573,2
31574,2
31575,2
31576,2
31577,2
31578,2
31579,2
31580,2
31585,2
31586,2
31587,2
31588,2
31589,2
31590,2
31591,2
31592,2
31593,2
31594,2
31595,2
31596,2
31597,2
31598,2
31599,2
31601,2
31602,2
31603,2
31604,2
31605,2
31606,2
31607,2
31608,2
31609,2
31612,2
31613,2
31666,4
31667,4
31668,4
31669,4
31670,4
31675,4
31676,4
31677,4
31678,4
31679,4
31685,1
31686,1
31687,1
31688,1
31689,1
31690,1
31696,3
31697,3
31698,3
31699,3
31700,3
31701,3
31707,2
31708,2
31709,2
31710,2
31711,2
31712,2
31782,2
31783,2
31784,2
31785,2
31786,2
31789,2
31790,2
31791,2
31792,2
31793,2
31794,2
31795,2
31796,2
31797,2
31814,2
31815,2
31816,2
31817,2
31818,2
31819,2
31825,4
31826,4
31827,4
31828,4
31829,4
31835,4
31836,4
31902,2
31903,2
31904,2
31905,2
31906,2
31909,2
31910,2
31916,2
31917,2
31918,2
31919,2
31920,2
31921,2
31922,2
31923,2
31940,2
31941,2
31942,2
31943,2
31944,2
31947,2
31948,2
31954,4
31955,4
31956,4
31957,4
31958,4
31959,4
31965,2
31966,2
31967,2
31968,2
31969,2
31970,2
32031,2
32032,2
32033,2
32034,2
32035,2
32036,2
32037,2
32038,2
32039,2
32329,2
32330,2
32331,2
32332,2
32333,2
32334,2
32335,2
32336,2
32337,2
32338,2
32339,2
38695,2
38696,2
38697,2
38698,2
38699,2
38700,2
38701,2
38702,2
38703,2
38704,2
38705,2
38707,2
38708,2
38709,2
38710,2
38711,2
38738,2
38739,2
38740,2
38741,2
38747,13
38748,13
38749,13
38750,13
38751,13
38756,13
38757,13
38758,13
38759,13
38760,13
38761,13
38762,13
38771,13
38772,13
38773,13
38774,13
38775,13
38776,13
38777,13
38779,9
38780,9
38781,9
38782,9
38783,9
38784,9
38785,9
38786,4
38787,4
38788,4
38789,4
38807,2
38808,2
38809,2
38810,2
38811,2
38812,2
38813,2
38814,2
38815,2
38821,2
38822,2
38823,2
38824,2
38825,2
38826,2
38827,2
38828,2
38835,2
38836,2
38842,2
38843,2
38844,2
38845,2
38846,2
38851,2
38852,2
38853,2
38854,2
38855,2
38857,2
38858,2
38859,2
38860,2
38861,2
38862,2
38863,2
38864,2
38865,2
38866,2
38867,2
38868,2
38869,2
38963,2
38964,2
38965,2
38966,2
39638,2
39639,2
39640,2
39641,2
39642,2
39643,2
39644,2
39645,2
39646,1
39647,1
39648,1
39649,1
39650,1
39651,1
39652,1
39653,1
39654,1
39655,1
39656,1
39657,1
39658,1
39659,1
39660,1
39661,1
39662,1
39663,1
39664,1
39665,1
39666,1
39667,1
39668,1
39669,1
39670,1
39671,1
39672,1
39673,1
39675,1
39676,1
39677,1
39679,2
39680,2
39681,2
39682,2
39683,2
39684,2
39685,2
39691,2
39692,2
39693,2
39694,2
39703,2
39704,2
39705,2
39706,2
39715,2
39716,2
39717,2
39718,2
39727,2
39728,2
39729,2
39730,2
39739,2
39740,2
39741,2
39742,2
39751,2
39752,2
39753,2
39754,2
39763,2
39764,2
39765,2
39766,2
39775,2
39776,2
39777,2
39778,2
39780,2
39781,2
39782,2
39783,2
39784,2
39785,1
39786,1
39808,1
39809,1
39810,1
39812,2
39813,2
39814,2
39815,2
39816,2
39817,2
39818,2
39819,2
39820,2
39821,2
39822,1
39823,1
39825,1
39826,1
39827,1
39924,2
39925,2
39926,2
39927,2
39928,2
39961,2
39962,2
39963,2
39964,2
39973,4
39974,4
39975,4
39976,4
39977,4
39979,4
39981,4
39983,4
39985,4
39987,4
39989,4
39991,4
39993,4
39995,2
39997,2
39998,2
39999,2
40005,1
40006,1
40007,1
40008,1
40009,1
40010,1
40011,1
40012,1
40013,1
40014,1
40015,1
40016,1
40017,1
40018,1
40019,1
40020,1
40021,1
40022,1
40023,1
40024,1
40025,1
40026,1
40028,4
40029,4
40030,4
40031,4
40032,4
40033,4
40034,4
40035,4
40036,4
40037,4
40038,4
40039,4
40040,4
40041,4
40043,2
40044,2
40045,2
40047,1
40048,1
40049,1
40050,1
40051,1
40052,1
40053,1
40054,1
40055,1
40056,1
40060,1
40061,1
40062,1
40063,1
40064,1
40065,1
40066,1
40067,1
40068,1
40069,1
40070,1
40071,1
40072,1
40073,1
40074,1
40075,1
40076,1
40077,1
40078,1
40079,1
40080,1
40081,1
40082,1
40083,1
40084,1
40085,1
40086,1
40087,1
40088,1
40089,1
40090,1
40091,2
40092,2
40093,2
40094,2
40095,2
40096,2
40098,2
40099,2
40107,2
40108,2
40109,2
40110,2
40111,2
40112,2
40113,2
40114,4
40115,4
40116,4
40117,5
40118,5
40119,5
40120,5
40121,5
40123,1
40124,1
40125,1
40127,1
40128,1
40129,1
40130,1
40131,1
40132,1
40133,1
40134,1
40135,1
40136,1
40140,1
40141,1
40142,1
40143,1
40144,1
40145,1
40146,1
40147,1
40148,1
40149,1
40150,1
40151,1
40152,1
40153,1
40154,1
40155,1
40156,1
40157,1
40158,1
40159,1
40160,1
40161,1
40162,1
40163,1
40164,1
40165,1
40171,2
40172,2
40173,2
40174,2
40175,2
40176,2
40177,2
40178,2
40179,2
40180,2
40181,2
40182,2
40183,2
40184,2
40185,2
40186,2
40187,2
40188,2
40189,2
40190,2
40191,2
40192,2
40193,2
40194,2
40195,2
40216,2
40217,2
40218,2
40219,2
40220,2
40234,2
40235,2
40236,2
40237,2
40238,2
40239,2
40240,2
40241,2
40242,2
40275,2
40276,2
40277,2
40278,2
40279,2
40283,2
40284,2
40285,2
40286,2
40287,2
40288,2
40337,2
40338,2
40339,2
40340,2
40341,2
40342,2
40343,2
40344,2
40345,2
40346,2
40347,2
40348,2
40349,2
40382,2
40383,2
40384,2
40385,2
40386,2
40387,2
40388,2
40389,2
40390,2
40391,2
40397,2
40398,2
40399,2
40400,2
40401,2
40402,2
40403,2
40404,2
40405,2
40406,2
40439,2
40440,2
40441,2
40442,2
40443,2
40444,2
40445,2
40446,2
40447,2
40448,2
40449,2
40454,2
40455,2
40456,2
40457,2
40458,2
40459,2
40460,2
40461,2
40466,2
40467,2
40468,2
40469,2
40470,2
40471,2
40472,2
40473,2
40478,2
40479,2
40480,2
40481,2
40482,2
40483,2
40484,2
40485,2
40490,2
40491,2
40492,2
40493,2
40494,2
40495,2
40496,2
40497,2
40502,2
40503,2
40504,2
40505,2
40506,2
40507,2
40508,2
40509,2
40514,2
40515,2
40516,2
40517,2
40518,2
40519,2
40520,2
40521,2
40526,2
40527,2
40528,2
40529,2
40530,2
40531,2
40532,2
40533,2
40538,2
40539,2
40540,2
40541,2
40542,2
40543,2
40544,2
40545,2
40550,2
40551,2
40552,2
40553,2
40554,2
40555,2
40556,2
40557,2
