1497,1
1498,1
1499,1
1500,1
1501,1
1502,1
1503,1
1515,1
1516,1
1517,1
1524,12
1525,12
1526,12
1527,12
1528,12
1529,12
1535,1
1536,1
1537,1
1538,1
1539,1
1540,1
1546,1
1547,1
1548,1
1549,1
1550,1
1551,1
1552,1
1553,1
1554,1
1555,1
1556,1
1557,1
1558,1
1559,1
1607,1
1608,1
1609,1
1610,1
1611,1
1612,1
1613,1
1614,1
1615,1
1616,1
1617,1
1618,1
1619,1
1620,2
1621,2
1622,2
1623,2
1625,1
1626,1
1627,1
1628,1
1629,1
1630,1
1631,1
1632,1
1633,1
1634,1
1635,1
1637,1
1638,1
1639,1
1640,1
1641,1
1642,1
1643,1
1644,1
1645,1
1646,1
1647,1
1648,1
1663,1
1664,1
1665,1
1666,1
1667,1
1668,1
1669,1
1670,1
1671,1
1672,1
1673,1
1674,1
1675,1
1676,1
1677,1
1678,1
1679,1
1680,1
1681,1
1682,1
1689,1
1690,1
1691,1
1692,1
1693,1
1694,1
1695,1
1696,1
1697,1
1698,1
1699,1
1700,1
1701,1
1702,1
1703,1
1704,1
1705,1
1706,1
1707,1
1708,1
1709,1
1710,4
1711,4
1712,4
1713,4
1714,4
1716,3
1717,3
1718,3
1719,3
1720,3
1721,3
1722,3
1723,3
1724,3
1725,3
1726,3
1727,3
1728,3
1734,3
1735,3
1736,3
1737,3
1738,3
1739,3
1740,3
1759,3
1760,3
1761,3
1762,3
1763,3
1764,3
1765,3
1767,2
1768,2
1769,2
1790,2
1791,2
1792,2
1793,2
1794,2
1795,2
1796,2
1797,2
1799,1
1800,1
1801,1
1802,1
1803,1
1804,1
1805,1
1806,1
1807,1
1808,1
1809,1
1814,3
1815,3
1816,3
1849,3
1850,3
1852,1
1853,1
1854,1
1855,1
1856,1
1857,1
1858,1
1859,1
1860,1
1861,1
1862,1
1863,1
1864,1
1865,1
1866,1
1872,2
1873,2
1874,2
1875,5
1876,5
1877,5
1878,5
1879,5
1881,5
1882,5
1883,5
1884,5
1885,5
1886,5
1887,5
1888,5
1889,5
1890,5
1891,5
1892,5
1893,5
1894,5
1896,1
1897,1
1898,1
1899,1
1900,1
1902,1
1903,1
1904,1
1905,1
1906,1
1907,1
1908,1
1910,4
1911,4
1912,4
1913,4
1914,4
1915,4
1916,4
1917,4
1918,4
1919,3
1920,3
1921,3
1923,1
1924,1
1925,1
1926,1
1927,1
1928,1
1929,1
1930,1
1931,1
1932,1
1933,1
1935,3
1936,3
1938,2
1939,2
1940,2
1941,2
1942,2
1957,2
1958,2
1959,2
1965,2
1966,2
1967,2
1968,2
1969,2
1970,2
1971,2
1972,2
1973,2
1974,2
1975,2
1976,2
1977,2
1978,2
1979,2
2005,2
2006,2
2007,2
2008,2
2009,2
2010,2
2011,2
2012,2
2013,2
2014,2
2015,2
2016,2
2017,2
2018,2
2019,2
2020,2
2021,2
2022,2
2023,2
2024,2
2025,2
2026,2
2028,2
2029,2
2030,2
2031,2
2032,2
2033,2
2034,2
2035,2
2036,2
2037,2
2038,2
2039,2
2040,2
2041,2
2042,2
2043,2
2044,2
2045,2
2046,2
2052,1
2053,1
2054,1
2055,1
2056,1
2058,1
2059,1
2060,1
2227,1
2228,1
2229,1
2230,1
2231,1
2232,1
2233,1
2234,1
2235,1
2236,1
2237,1
2238,1
2239,1
2240,1
2241,1
2242,1
2243,1
2244,1
2245,1
2246,1
2247,1
2248,1
2254,2
2255,2
2256,2
2257,2
2258,2
2259,2
2260,2
2272,2
2273,2
2274,2
2275,2
2276,2
2277,2
2278,2
2279,2
2311,2
2312,2
2313,2
2331,1
2332,1
2333,1
2334,1
2335,1
2336,1
2337,1
2338,1
2339,1
2340,1
2341,1
2342,1
2343,1
2344,1
2345,1
2346,1
2347,1
2348,6
2349,6
2350,6
2351,6
2352,6
2354,5
2355,5
2356,5
2357,5
2358,5
2359,5
2360,5
2361,5
2362,5
2363,5
2364,5
2365,5
2366,5
2367,5
2368,5
2381,5
2382,5
2383,5
2384,5
2385,5
2386,5
2387,5
2397,5
2398,5
2399,5
2400,5
2401,5
2402,5
2403,5
2405,2
2406,2
2407,2
2408,2
2409,2
2410,2
2411,2
2412,2
2413,2
2414,2
2415,2
2416,2
2417,2
2418,2
2420,1
2421,1
2422,1
2423,1
2424,1
2425,1
2426,1
2428,1
2429,1
2430,1
2431,1
2432,1
2433,1
2435,1
2436,1
2437,1
2438,1
2439,1
2440,1
2441,1
2442,1
2443,1
2444,1
2445,1
2446,1
2447,1
2479,1
2480,1
2481,1
2482,1
2483,1
2484,1
2485,1
2486,1
2487,1
2488,1
2489,1
2491,1
2492,1
2493,1
2494,1
2495,1
2496,1
2497,1
2498,1
2499,1
2500,1
2501,1
2502,1
2503,1
2504,1
2505,1
2506,1
2507,1
2508,1
2509,1
2510,1
2511,1
2524,2
2525,2
2527,3
2528,3
2529,3
2530,3
2531,3
2532,3
2533,3
2534,5
2535,5
2536,5
2562,5
2563,5
2564,5
2566,1
2567,1
2568,1
2569,1
2570,1
2571,1
2572,1
2573,1
7305,1
7306,1
7307,1
7308,1
7309,1
7310,1
7311,1
7312,1
7313,1
7314,1
7315,1
7316,1
7317,1
7318,1
7319,1
7320,1
7321,1
7322,1
7323,1
7324,1
7325,1
7326,1
7327,1
7328,1
7329,1
7330,1
7331,1
7332,1
7333,1
7334,1
7335,1
7336,1
7337,1
7338,1
7339,1
7340,1
7341,1
7342,1
7343,1
7344,1
7345,1
7346,1
7347,1
7348,1
7349,1
7350,1
7351,1
7352,1
7353,1
7354,1
7355,1
7356,1
7357,1
7358,1
7359,1
7360,1
7361,1
7362,1
7363,1
7364,1
7365,1
7366,1
7367,1
7368,1
7369,1
7370,1
7371,1
7372,1
7373,1
7374,1
7375,1
7376,1
7377,1
7378,1
7379,1
7380,1
7381,1
7382,1
7383,1
7384,1
7385,1
7386,1
7387,1
7388,1
7389,1
7390,1
7391,1
7392,1
7393,1
7394,1
7395,1
7396,1
7397,1
7398,1
7399,1
7400,1
7401,1
7402,1
7403,1
7404,1
7405,1
7406,1
7407,1
7408,1
7409,1
7410,1
7411,1
7412,1
7413,1
7414,1
7415,1
7416,1
7417,1
7418,1
7419,1
7420,1
7421,1
7422,1
7423,1
7424,1
7425,1
7426,1
7427,1
7428,1
7429,1
7430,1
7431,1
7432,1
7433,1
7434,1
7435,1
7436,1
7437,1
7438,1
7439,1
7440,1
7441,1
7442,1
7443,1
7444,1
7445,1
7446,1
7447,1
7448,1
7449,1
7450,1
7451,1
7452,1
7453,1
7454,1
7455,1
7456,1
7457,1
7458,1
7459,1
7460,1
7461,1
7462,1
7463,1
7464,1
7465,1
7466,1
7467,1
7468,1
7469,1
7470,1
7471,1
7472,1
7473,1
7474,1
7475,1
7476,1
7477,1
10969,1
10970,1
10971,1
10972,1
10973,1
10974,1
10975,1
10976,1
10977,1
10978,1
10979,1
10980,1
10981,1
10982,1
10983,1
10984,1
10985,1
10986,1
10987,1
10988,1
10989,1
10990,1
10991,1
10992,1
10993,1
10994,1
10995,1
10996,1
10997,1
10998,1
10999,1
11000,1
11001,1
11002,1
11003,1
11004,1
11005,1
11006,1
11007,1
11013,1
11014,1
11015,1
11016,1
11017,1
11018,1
11019,1
11020,1
11021,1
11022,1
11023,1
11024,1
11025,1
11039,1
11040,1
11041,1
11042,1
11043,1
11075,1
11076,1
11077,1
11078,1
11079,1
11080,1
11081,1
11082,1
11083,1
11084,1
11085,1
11086,1
11087,1
11352,2
11353,2
11354,2
11355,2
11356,2
11357,2
11358,2
11359,2
11360,2
11361,2
11362,2
11363,2
11364,2
11365,2
11366,2
11367,2
11368,2
11370,2
11371,2
11372,2
11373,2
11374,2
11375,2
11376,2
11377,2
11378,2
11393,2
11394,2
11395,2
11396,2
11397,2
11398,2
11399,2
11400,2
11401,2
11402,2
11403,2
11404,2
11405,2
11411,1
11412,1
11413,1
11414,1
11415,1
11416,1
11417,1
11418,1
11419,1
11420,1
11421,1
11422,1
11423,1
11443,1
11444,1
11445,1
11446,1
11447,1
11448,1
11449,1
11450,1
11451,1
11480,11
11481,11
11482,11
11483,11
11484,11
11485,11
11486,11
11487,11
11488,11
11489,11
11490,11
11491,11
11492,11
11493,11
11494,11
11495,11
11496,11
11498,6
11499,6
11500,6
11501,6
11502,6
11503,6
11505,5
11507,6
11508,11
11509,11
11538,1
11539,1
11540,1
11541,1
11542,1
11543,1
11544,1
11545,1
11546,1
11547,1
11548,1
11549,1
11550,1
11614,1
11615,1
11616,1
11617,1
11618,1
11619,1
11620,1
11621,1
11622,1
11623,1
11624,1
11625,1
11626,1
11627,1
11628,1
11629,1
11630,1
11631,1
11632,1
11633,1
11634,1
11635,1
11636,1
11637,1
11638,1
11644,1
11645,1
11646,1
11647,1
11648,1
11649,1
11650,1
11651,1
11652,1
11653,1
11654,1
11655,1
11656,1
11662,2
11663,2
11664,2
11665,2
11666,2
11667,2
11668,2
11669,2
11670,2
11671,2
11672,2
11673,2
11674,2
11680,1
11681,1
11682,1
11683,1
11684,1
11685,1
12155,1
12156,1
12157,1
12158,1
12159,1
12160,1
12161,1
12162,1
12163,1
12164,1
12165,1
12166,1
12167,1
12168,1
12169,1
12170,1
12171,3
12172,3
12173,3
12174,3
12176,2
12177,2
12178,2
12179,2
12180,2
12181,2
12182,2
12183,2
12184,2
12185,2
12186,2
12188,2
12189,2
12190,2
12191,2
12192,2
12193,2
12194,2
12195,2
12196,2
12197,2
12198,2
12200,1
12201,1
12202,1
12203,1
12204,1
12207,1
12208,1
12209,1
12210,1
12211,1
12212,1
12213,1
12214,1
12220,1
12221,1
12222,1
12223,1
12224,1
12225,1
12226,1
12227,1
12228,1
12229,1
12230,1
12231,1
12373,1
12374,1
12375,1
12376,1
12377,1
12378,1
12379,1
12380,1
12381,1
12382,1
12383,1
12384,1
12385,1
12386,1
12387,1
12388,1
12389,1
12390,1
12391,1
12392,1
12394,1
12395,1
12396,1
12397,1
12398,1
12399,1
12400,1
12401,1
12402,1
12403,1
12404,1
12405,1
12406,1
12416,1
12417,1
12418,1
12419,1
30790,1
30791,1
30792,1
30793,1
30794,1
30795,1
30796,1
30797,1
30798,1
30799,1
30800,1
30801,1
30802,1
30803,1
30804,1
30805,1
30806,1
30812,1
30813,1
30814,1
30815,1
30816,1
30817,1
30818,1
30819,1
30820,1
30821,1
30822,1
30823,1
30824,1
30825,1
30826,1
30827,1
30828,1
30829,1
30830,1
30831,1
30832,1
30833,1
30834,1
30835,1
30836,1
30837,1
30838,1
30839,1
30840,1
30841,1
30842,1
30843,1
30844,1
30845,1
30846,1
30847,1
30848,1
30849,1
30850,1
30851,1
30852,1
30853,1
30854,1
30860,1
30861,1
30862,1
30863,1
30864,1
30865,1
30866,1
30867,1
30873,5
30874,5
30875,5
30876,5
30877,5
30885,5
30886,5
30887,5
30889,5
30890,5
30891,5
30892,5
30893,5
30894,5
30896,4
30898,1
30899,5
30900,5
30906,5
30907,5
30908,5
30909,5
30910,5
30911,5
30913,1
30914,1
30915,1
30916,1
30917,1
30918,1
30919,1
30920,1
30921,1
30922,4
30923,4
30924,4
30925,4
30926,4
30927,4
30928,4
30929,4
30930,4
30931,4
30932,4
30934,1
30935,1
30936,1
30954,4
30955,4
30956,4
30957,4
30958,4
30959,4
30970,4
30971,4
30972,4
30973,4
30974,4
30975,3
30976,3
30977,3
30978,3
30980,1
30981,1
30982,1
30984,1
30985,1
30986,1
30987,1
30988,1
30989,1
30990,1
30991,1
30992,1
30993,1
30999,2
31000,2
31001,2
31002,2
31003,2
31004,2
31005,2
31006,2
31007,2
31008,2
31009,2
31010,2
31011,2
31012,2
31013,2
31014,2
31015,2
31016,2
31017,2
31018,2
31019,2
31020,2
31021,2
31055,2
31056,2
31057,2
31058,2
31059,2
31061,1
31062,1
31063,1
31064,1
31065,1
31066,1
31067,1
31068,1
31073,1
31074,1
31075,1
31076,1
31077,1
31078,1
31079,1
31080,1
31081,1
31082,1
31083,1
31084,1
31085,1
31086,1
31087,1
31089,1
31090,1
31091,1
31092,1
31093,1
31094,1
31095,1
31096,1
31097,1
31101,1
31102,1
31155,3
31156,3
31157,3
31158,3
31159,3
31164,3
31165,3
31166,3
31167,3
31168,3
31185,1
31186,1
31187,1
31188,1
31189,1
31190,1
31271,2
31272,2
31273,2
31274,2
31275,2
31278,2
31279,2
31280,2
31281,2
31282,2
31283,2
31284,2
31285,2
31286,2
31292,4
31293,4
31294,4
31295,4
31296,4
31297,4
31303,2
31304,2
31305,2
31306,2
31307,2
31308,2
31314,7
31315,7
31316,7
31317,7
31318,7
31323,7
31326,7
31327,7
31396,1
31397,1
31398,1
31399,1
31400,1
31403,1
31404,1
31405,1
31411,2
31412,2
31413,2
31414,2
31415,2
31416,2
31417,2
31418,2
31435,4
31436,4
31437,4
31438,4
31439,4
31443,4
31444,4
31450,3
31451,3
31452,3
31453,3
31454,3
31455,3
31461,4
31462,4
31463,4
31464,4
31465,4
31466,4
31468,4
31469,4
31470,4
31471,4
31472,4
31473,4
31474,4
31475,4
31476,4
31477,4
31478,4
31479,4
31480,4
31481,5
31482,5
31483,5
31485,1
31486,1
31487,1
31488,1
31489,1
31490,1
31491,1
31492,1
31497,1
31498,1
31499,1
31500,1
31501,1
31502,1
31503,1
31504,1
31505,1
31506,1
31507,1
31508,1
31509,1
31510,1
31511,1
31512,1
31513,1
31514,1
31515,1
31516,1
31517,1
31518,1
31519,1
31520,1
31521,1
31522,1
31523,1
31525,4
31526,4
31527,4
31528,4
31529,4
31530,3
31531,3
31532,3
31533,3
31535,1
31536,1
31537,1
31570,1
31571,1
31572,1
31573,1
31574,1
31575,1
31576,1
31577,1
31578,1
31579,1
31585,1
31586,1
31587,1
31588,1
31589,1
31590,1
31591,1
31592,1
31593,1
31594,1
31615,1
31616,1
31617,1
31618,1
31619,1
31620,1
31621,1
31622,1
31623,1
31624,1
31630,1
31631,1
31632,1
31633,1
31634,1
31635,1
31636,1
31637,1
31638,1
31639,1
31645,1
31646,1
31647,1
31648,1
31649,1
31650,1
31651,1
31652,1
31653,1
31654,1
31660,1
31661,1
31662,1
31663,1
31664,1
31665,1
31666,1
31667,1
31668,1
31669,1
31691,1
31692,1
31693,1
31694,1
31695,1
31696,1
31697,1
31698,1
31699,1
31700,1
38130,4
38131,4
38132,4
38133,4
38134,4
38135,4
38136,4
38137,4
38138,4
38139,4
38140,4
38142,4
38143,4
38144,4
38145,4
38146,4
38173,4
38174,4
38175,4
38176,4
38182,16
38183,16
38184,16
38185,16
38186,16
38191,16
38192,16
38193,16
38194,16
38195,16
38196,16
38197,16
38206,16
38207,16
38208,16
38209,16
38210,16
38211,16
38212,16
38214,8
38215,8
38216,8
38217,8
38218,8
38219,8
38220,8
38221,8
38222,8
38223,8
38224,8
38253,1
38254,1
38255,1
38256,1
38257,1
38258,1
38259,1
38260,1
38261,1
38267,1
38268,1
38269,1
38270,1
38271,1
38272,1
38273,1
38274,1
38280,1
38283,1
38284,1
38290,1
38291,1
38292,1
38293,1
38294,1
38299,1
38300,1
38301,1
38302,1
38303,1
38305,1
38306,1
38307,1
38308,1
38309,1
38310,1
38311,1
38312,1
38313,1
38314,1
38315,1
38316,1
38317,1
38345,1
38346,1
38414,1
38415,1
38416,1
38417,1
38451,1
38452,1
38453,1
38454,1
38455,1
38456,1
38457,1
38458,1
38459,1
38460,1
38461,1
38462,1
38468,1
38469,1
38470,1
38471,1
38472,1
38473,1
38474,1
38475,1
38476,1
38477,1
38478,1
38479,1
38480,1
38481,1
38482,1
38483,1
38484,1
38485,1
38486,1
38487,1
38488,1
38489,1
38490,1
38491,1
38492,1
38493,1
38494,1
38495,1
38496,1
38497,1
38498,1
38499,1
38500,1
38501,1
38502,1
38503,1
38504,1
38505,1
38506,1
38507,1
38508,1
38509,1
38510,1
38511,1
38512,1
38513,1
38514,1
38515,1
38516,1
38517,1
38518,1
38519,1
38520,1
38521,1
38522,1
38523,1
38524,1
38525,1
38526,1
38527,1
38528,1
38529,1
38530,1
38531,1
38532,1
38533,1
38534,1
38535,1
38536,1
38537,1
38538,1
38550,1
38551,1
38552,1
38553,1
38602,1
38603,1
38604,1
38605,1
38606,1
38607,1
38608,1
38609,1
38610,1
38611,1
38692,1
38693,1
38694,1
38695,1
38696,1
38697,1
38698,1
38699,1
38700,1
38701,1
38702,1
38703,1
38704,1
38705,1
38706,1
38707,1
38708,1
38709,1
38710,1
38711,1
38712,1
38713,1
38714,1
38715,1
38716,1
38717,1
38718,1
38719,1
38720,1
38799,1
38800,1
38801,1
38802,1
38803,1
38804,1
38805,1
38806,1
