1481,1
1482,1
1483,1
1484,1
1485,1
1486,1
1487,1
1493,1
1494,1
1495,1
1496,1
1497,1
1498,1
1499,1
1511,1
1512,1
1513,1
1520,2
1521,2
1522,2
1523,2
1524,2
1525,2
1531,1
1532,1
1533,1
1534,1
1535,1
1536,1
1582,1
1583,1
1584,1
1585,1
1586,1
1587,1
1588,1
1589,1
1590,1
1591,1
1592,1
1593,1
1594,1
1595,1
1596,1
1597,1
1603,1
1604,1
1605,1
1606,1
1607,1
1608,1
1609,1
1610,1
1611,1
1612,1
1613,1
1614,1
1615,1
1617,1
1618,1
1619,1
1620,1
1621,1
1622,1
1623,1
1624,1
1625,1
1626,1
1627,2
1628,2
1629,2
1630,2
1631,2
1633,1
1634,1
1635,1
1636,1
1637,1
1638,1
1639,1
1640,1
1653,1
1654,1
1655,1
1656,1
1657,1
1659,1
1660,1
1661,1
1662,1
1663,1
1664,1
1665,1
1666,1
1667,1
1668,1
1669,1
1670,1
1671,1
1672,1
1673,1
1674,1
1675,1
1676,1
1677,1
1678,1
1685,1
1686,1
1687,1
1688,1
1689,1
1690,1
1691,1
1692,1
1693,1
1694,1
1695,1
1696,1
1697,1
1698,1
1699,1
1700,1
1701,1
1702,1
1703,1
1704,1
1705,1
1706,1
1707,1
1852,1
1853,1
1854,1
1855,1
1856,1
1858,1
1859,1
1860,1
1861,1
1862,1
1863,1
1864,1
1865,1
1866,1
1867,1
1868,1
1869,1
1870,1
1871,1
1872,1
2055,1
2056,1
2057,1
2058,1
2059,1
2064,1
2065,1
2066,1
2067,1
2068,1
2069,1
2070,1
2072,1
2073,1
2074,1
2075,1
2076,1
2077,1
2078,1
2079,1
2080,1
2081,1
2082,1
2083,1
2084,1
2085,1
2086,1
2087,1
2088,1
2089,1
2090,1
2091,1
2104,1
2105,1
2106,1
2107,1
2108,1
2109,1
2110,1
2111,1
2112,1
2113,1
2114,1
2115,1
2122,1
2123,1
2124,1
2125,1
2126,1
2127,1
2128,1
2129,1
2130,1
2131,1
2132,1
2134,1
2136,1
2137,1
2138,1
2139,1
2140,1
2141,1
2142,1
2143,1
2144,1
2145,1
2146,1
2147,1
2148,1
2150,1
2151,1
2152,1
2153,1
2154,1
2162,1
2163,1
2164,1
2165,1
2166,1
2167,1
2168,1
2169,1
2170,1
2200,1
2201,1
2202,1
2203,1
2204,1
2205,1
2206,1
2207,1
2208,1
2209,1
2210,1
2211,1
2212,1
2213,1
2214,2
2215,2
2216,2
2217,2
2218,2
2220,1
2221,1
2222,1
2228,1
2229,1
2230,1
2231,1
2232,1
2233,1
2234,1
2235,1
2236,1
2237,1
2238,1
2239,1
2240,1
2241,1
2242,1
2243,1
2244,1
2245,1
2246,1
2247,1
2248,1
2249,1
2255,1
2256,1
2257,1
2258,1
2259,1
2260,1
2261,1
2273,1
2274,1
2275,1
2276,1
2277,1
2278,1
2279,1
2280,1
2312,1
2313,1
2314,1
10928,1
10929,1
10930,1
10931,1
10932,1
10933,1
10934,1
10935,1
10936,1
10937,1
10938,1
10939,1
10940,1
10941,1
10942,1
10943,1
10944,1
10945,1
10946,1
10947,1
10948,1
10949,1
10950,1
10951,1
10952,1
10953,1
10954,1
10955,1
10956,1
10957,1
10958,1
10959,1
10960,1
10961,1
10962,1
10963,1
10964,1
10965,1
10966,1
10967,1
10968,1
10974,1
10975,1
10976,1
10977,1
10978,1
10979,1
10980,1
10981,1
10982,1
10983,1
10984,1
10985,1
10986,1
11000,1
11001,1
11002,1
11003,1
11004,1
11036,1
11037,1
11038,1
11039,1
11040,1
11041,1
11042,1
11043,1
11044,1
11045,1
11046,1
11047,1
11048,1
11313,1
11314,1
11315,1
11316,1
11317,1
11318,1
11319,1
11320,1
11321,1
11322,1
11323,1
11324,1
11325,1
11326,1
11327,1
11328,1
11329,1
11331,1
11332,1
11333,1
11334,1
11335,1
11336,1
11337,1
11338,1
11339,1
11354,2
11355,2
11356,2
11357,2
11358,2
11359,2
11360,2
11361,2
11362,2
11363,2
11364,2
11365,2
11366,2
11372,1
11373,1
11374,1
11375,1
11376,1
11377,1
11378,1
11379,1
11380,1
11381,1
11382,1
11383,1
11384,1
11404,1
11405,1
11406,1
11407,1
11408,1
11409,1
11410,1
11411,1
11412,1
11497,1
11498,1
11499,1
11500,1
11501,1
11502,1
11503,1
11504,1
11505,1
11506,1
11507,1
11508,1
11509,1
11573,1
11574,1
11575,1
11576,1
11577,1
11578,1
11579,1
11580,1
11581,1
11582,1
11583,1
11584,1
11585,1
11586,1
11587,1
11588,1
11589,1
11590,1
11591,1
11592,1
11593,1
11594,1
11595,1
11596,1
11597,1
11621,1
11622,1
11623,1
11624,1
11625,1
11626,1
11627,1
11628,1
11629,1
11630,1
11631,1
11632,1
11633,1
11965,1
11966,1
11967,1
11968,1
11969,1
11970,1
11971,1
11972,1
11973,1
11974,1
11975,1
11976,1
12002,1
12003,1
12004,1
12005,1
12006,1
12011,1
12012,1
12013,1
12014,1
12015,1
12016,1
12017,1
12018,1
12019,1
12020,1
12023,1
12024,1
12025,1
12026,1
12027,1
12028,1
12029,1
12060,1
12061,1
12062,1
12063,1
12064,1
12065,1
12066,1
12067,1
12068,1
12069,1
12070,1
12071,1
12114,1
12115,1
12116,1
12117,1
12118,1
12119,1
12120,1
12121,1
12122,1
12123,1
12124,1
12125,1
12126,1
12127,1
12128,1
12129,1
12131,1
12132,1
12133,1
12134,1
12135,1
12136,1
12137,1
12138,1
12139,1
12140,1
12141,1
12142,1
12144,1
12145,1
12146,1
12147,1
12148,1
12149,1
12150,1
12151,1
12152,1
12153,2
12154,2
12155,2
12156,2
12157,2
12159,1
12160,1
12161,1
12162,1
12163,1
12166,1
12167,1
12168,1
12169,1
12170,1
12171,1
12172,1
12173,1
12269,1
12270,1
12271,1
12272,1
12273,1
12274,1
12275,1
12276,1
12277,1
12278,1
12279,1
12280,1
12286,2
12287,2
12288,2
12289,2
12290,2
12291,2
12292,2
12293,2
12294,2
12295,2
12296,2
12302,2
12303,2
12304,2
12305,2
12306,2
12307,2
12308,2
12309,2
12310,2
12311,2
12312,2
12313,2
12332,3
12333,3
12334,3
12335,3
12336,3
12337,3
12338,3
12339,3
12340,3
12341,3
12342,3
12343,3
12344,3
12345,3
12346,3
12347,3
12349,2
12350,2
12351,2
12352,2
12353,2
12354,2
12355,2
12356,2
12357,2
12358,2
12359,2
12360,2
12361,2
12362,2
12372,2
12373,2
12374,2
12375,2
12376,3
12377,3
12378,3
12379,3
12380,3
12382,1
12383,1
12384,1
25482,1
25483,1
25484,1
25485,1
25486,1
25487,1
25488,1
25489,1
25490,1
25491,1
25492,1
25493,1
25494,1
25495,1
25496,1
25497,1
25498,1
25499,1
25500,1
25501,1
25502,1
25503,1
25504,1
25505,1
25506,1
25507,1
25508,1
25509,1
25510,1
25511,1
25512,1
25513,1
25514,1
25515,1
25516,1
25517,1
25518,1
25519,1
25520,1
25521,1
25522,1
25523,1
25524,1
25525,1
25526,1
25527,1
25528,1
25529,1
25530,1
25531,1
25532,1
25533,1
25534,1
25535,1
25536,1
25537,1
25538,1
25539,1
25540,1
25541,1
25542,1
25543,1
25544,1
25545,1
25546,1
25547,1
25548,1
25549,1
25550,1
25551,1
25552,1
25553,1
25554,1
25555,1
25556,1
25557,1
25558,1
25559,1
25560,1
25561,1
25562,1
25563,1
25564,1
25565,1
25566,1
25567,1
25568,1
25569,1
25570,1
25571,1
25572,1
25573,1
25574,1
25575,1
25576,1
25582,1
25583,1
25584,1
25585,1
25586,1
25587,1
25588,1
25589,1
25590,1
25591,1
25592,1
25593,1
25594,1
25595,1
25596,1
25597,1
25598,1
25734,1
25735,1
25736,1
25737,1
25738,1
25739,1
25740,1
25741,1
25742,1
25743,1
25744,1
25745,1
25746,1
25747,1
25748,1
25749,1
25750,1
25751,1
25752,1
25753,1
25754,1
25755,1
25756,1
25757,1
26039,1
26040,1
26041,1
26042,1
26043,1
26045,1
26046,1
26047,1
26048,1
26049,1
26050,1
26051,1
26052,1
26053,1
26093,1
26094,1
26095,1
26096,1
26097,1
26098,1
26099,1
26100,1
26101,1
26102,1
26103,1
26104,1
26105,1
26106,1
31301,1
31302,1
31303,1
31304,1
31305,1
31306,1
31307,1
31308,1
31309,1
31310,1
31311,1
31312,1
31313,1
31314,1
31315,1
31316,1
31317,1
31323,1
31324,1
31325,1
31326,1
31327,1
31328,1
31329,1
31330,1
31331,1
31332,1
31333,1
31334,1
31335,1
31336,1
31337,1
31338,1
31339,1
31340,1
31341,1
31342,1
31343,1
31344,1
31345,1
31346,1
31347,1
31348,1
31349,1
31350,1
31351,1
31352,1
31353,1
31354,1
31355,1
31356,1
31357,1
31358,1
31359,1
31360,1
31361,1
31362,1
31363,1
31364,1
31365,1
31371,1
31372,1
31373,1
31374,1
31375,1
31376,1
31377,1
31378,1
31384,1
31385,1
31386,1
31387,1
31388,1
31396,1
31397,1
31398,1
31400,1
31401,1
31402,1
31403,1
31404,1
31405,1
31407,1
31408,1
31416,1
31417,1
31418,1
31419,1
31420,1
31421,1
31432,1
31433,1
31434,1
31435,1
31436,1
31437,1
31438,1
31439,1
31440,1
31441,1
31442,1
31468,1
31469,1
31470,1
31471,1
31472,1
31473,1
31484,1
31485,1
31486,1
31487,1
31488,1
31489,1
31490,1
31491,1
31492,1
31498,1
31499,1
31500,1
31501,1
31502,1
31503,1
31504,1
31505,1
31506,1
31507,1
31567,2
31568,2
31569,2
31570,2
31571,2
31573,2
31574,2
31575,2
31666,3
31667,3
31668,3
31669,3
31670,3
31675,3
31676,3
31677,3
31678,3
31679,3
31696,2
31697,2
31698,2
31699,2
31700,2
31701,2
31782,1
31783,1
31784,1
31785,1
31786,1
31796,1
31797,1
31814,1
31815,1
31816,1
31817,1
31818,1
31819,1
31825,2
31826,2
31827,2
31828,2
31829,2
31835,2
31836,2
31902,1
31903,1
31904,1
31905,1
31906,1
31909,1
31910,1
31916,1
31917,1
31918,1
31919,1
31920,1
31921,1
31922,1
31923,1
31940,1
31941,1
31942,1
31943,1
31944,1
31947,1
31948,1
31954,2
31955,2
31956,2
31957,2
31958,2
31959,2
31965,1
31966,1
31967,1
31968,1
31969,1
31970,1
32031,1
32032,1
32033,1
32034,1
32035,1
32036,1
32037,1
32038,1
32039,1
32091,1
32092,1
32093,1
32094,1
32095,1
32096,1
32097,1
32098,1
32099,1
32100,1
38747,4
38748,4
38749,4
38750,4
38751,4
38756,4
38757,4
38758,4
38759,4
38760,4
38761,4
38762,4
38771,4
38772,4
38773,4
38774,4
38775,4
38776,4
38777,4
38786,4
38787,4
38788,4
38789,4
38807,1
38808,1
38809,1
38810,1
38811,1
38812,1
38813,1
38814,1
38815,1
38821,1
38822,1
38823,1
38824,1
38825,1
38826,1
38827,1
38828,1
38835,1
38836,1
38842,1
38843,1
38844,1
38845,1
38846,1
38851,1
38852,1
38853,1
38854,1
38855,1
38857,1
38858,1
38859,1
38860,1
38861,1
38862,1
38863,1
38864,1
38865,1
38866,1
38867,1
38868,1
38869,1
38963,1
38964,1
38965,1
38966,1
