10969,1
10970,1
10971,1
10972,1
10973,1
10974,1
10975,1
10976,1
10977,1
10978,1
10979,1
10980,1
10981,1
10982,1
10983,1
10984,1
10985,1
10986,1
10987,1
10988,1
10989,1
10990,1
10991,1
10992,1
10993,1
10994,1
10995,1
10996,1
10997,1
10998,1
10999,1
11000,1
11001,1
11002,1
11003,1
11004,1
11005,1
11006,1
11007,1
11013,2
11014,2
11015,2
11016,2
11017,2
11018,2
11019,2
11020,2
11021,2
11022,2
11023,2
11024,2
11025,2
11027,2
11028,2
11029,2
11030,2
11031,2
11032,2
11033,2
11034,2
11035,2
11036,2
11037,2
11038,2
11039,2
11040,2
11041,2
11042,2
11043,2
11075,2
11076,2
11077,2
11078,2
11079,2
11080,2
11081,2
11082,2
11083,2
11084,2
11085,2
11086,2
11087,2
11275,1
11276,1
11277,1
11278,1
11279,1
11280,1
11281,1
11282,1
11283,1
11284,1
11285,1
11286,1
11287,1
11288,1
11289,1
11290,1
11291,1
11292,1
11293,1
11294,1
11295,1
11296,1
11297,1
11298,1
11300,1
11301,1
11302,1
11303,1
11304,1
11305,1
11306,1
11352,1
11353,1
11354,1
11355,1
11356,1
11357,1
11358,1
11359,1
11360,1
11361,1
11362,1
11363,1
11364,1
11365,1
11366,1
11367,1
11368,1
11370,1
11371,1
11372,1
11373,1
11374,1
11375,1
11376,1
11377,1
11378,1
11393,1
11394,1
11395,1
11396,1
11397,1
11398,1
11399,1
11400,1
11401,1
11402,1
11403,1
11404,1
11405,1
11411,1
11412,1
11413,1
11414,1
11415,1
11416,1
11417,1
11418,1
11419,1
11420,1
11421,1
11422,1
11423,1
11443,1
11444,1
11445,1
11446,1
11447,1
11448,1
11449,1
11450,1
11451,1
11457,1
11458,1
11459,1
11460,1
11461,1
11462,1
11463,1
11464,1
11465,1
11466,1
11467,1
11468,1
11469,1
11470,1
11471,1
11472,1
11473,1
11474,1
11614,1
11615,1
11616,1
11617,1
11618,1
11619,1
11620,1
11621,1
11622,1
11623,1
11624,1
11625,1
11626,1
11627,1
11628,1
11629,1
11630,1
11631,1
11632,1
11633,1
11634,1
11635,1
11636,1
11637,1
11638,1
11662,1
11663,1
11664,1
11665,1
11666,1
11667,1
11668,1
11669,1
11670,1
11671,1
11672,1
11673,1
11674,1
17491,1
17492,1
17493,1
17494,1
17495,1
17496,1
17497,1
17498,1
17499,1
17500,1
17501,1
17502,1
17503,1
17504,1
17505,1
17506,1
17507,1
17563,2
17564,2
17565,2
17566,2
17567,2
17584,2
17585,2
17586,2
17592,1
17593,1
17594,1
17595,1
17596,1
17597,1
17598,1
17610,1
17611,1
17612,1
17677,1
17678,1
17679,1
17680,1
17681,1
17682,1
17684,1
17685,1
17686,1
17687,1
17688,1
17689,1
17690,1
17691,1
17692,1
17841,1
17842,1
17843,1
17844,1
17845,1
17846,1
17847,1
17848,1
17850,1
17851,1
17852,1
17853,1
17854,1
17855,1
17863,1
17864,1
17865,1
18012,1
18013,1
18014,1
18015,1
18016,1
18017,1
18018,1
18019,1
18020,1
18021,1
18022,1
18023,1
18024,1
18025,1
18035,1
18036,1
18037,1
18038,1
18039,1
18059,1
18060,1
18061,1
18062,1
18063,1
18064,1
18065,1
18066,1
18068,1
18075,1
18076,1
18077,1
18078,1
18079,1
18080,1
18081,1
18082,1
18083,1
18084,1
18085,1
18086,1
18087,1
18088,1
18089,1
18090,1
18096,1
18097,1
18098,1
18099,1
18100,1
18101,1
18102,1
18103,1
18104,1
18105,1
18106,1
18107,1
18108,1
18109,1
18110,1
18111,1
18112,1
18113,1
18114,1
18115,1
18116,1
18117,1
18118,1
18119,1
18120,1
18121,1
18122,1
18123,1
18124,1
18125,1
18126,1
18134,1
18135,1
18136,1
18137,1
18138,1
18139,1
18140,1
18146,1
18147,1
18148,1
18149,1
18150,1
18152,1
18153,1
18154,1
18632,1
18633,1
18634,1
18635,1
18636,1
18637,1
18638,1
18639,1
18640,1
18641,1
18642,1
18653,1
18654,1
18655,1
18656,1
18657,1
18658,1
18659,1
18666,1
18667,1
18668,1
18669,1
18693,1
18694,1
18695,1
18696,1
18697,1
18698,1
18699,1
18701,1
18702,1
18703,1
18704,1
18705,1
18706,1
18735,1
18736,1
18737,1
18738,1
18749,1
18750,1
18751,1
19099,1
19100,1
19101,1
19102,1
19103,1
19104,1
19105,1
19106,1
19107,1
19108,1
19109,1
19110,1
19111,1
19138,1
19139,1
19140,1
19141,1
19142,1
19143,1
19144,1
19145,1
19146,1
19147,1
19148,1
19149,1
19150,1
19151,1
19152,1
19153,1
19159,1
19160,1
19161,1
19162,1
19163,1
19164,1
19165,1
19166,1
19167,1
19168,1
19169,1
19170,1
19171,1
19172,1
19173,1
19174,1
19175,1
19176,1
19177,1
19178,1
19179,1
19180,1
19181,1
19182,1
19183,1
19184,1
19185,1
19186,1
19187,1
19188,1
19189,1
19190,1
19191,1
19192,1
19193,1
19194,1
19195,1
19196,1
19197,1
19198,1
19199,1
19200,1
19201,1
19202,1
19203,1
19204,1
19205,1
19220,1
19221,1
19222,1
19223,1
19224,1
19225,1
19226,1
19227,1
19228,1
19229,1
19230,1
19232,1
19233,1
19234,1
19235,1
19236,1
19237,1
19238,1
19239,1
19240,1
19241,2
19242,2
19243,2
19245,1
19246,1
19247,1
19248,1
19249,1
19250,1
19251,1
19252,1
19253,1
19254,1
19255,1
19256,1
19257,1
19258,1
19259,1
19261,1
19262,1
19263,1
19264,1
19265,1
19266,1
19267,1
19268,1
19269,1
19270,1
19271,1
19272,1
19273,1
19274,1
19275,1
19276,1
19277,1
19278,1
19279,1
19341,1
19342,1
19343,1
19344,1
19345,1
19346,1
19347,1
19359,1
19360,1
19361,1
19362,1
19363,1
19364,1
19365,1
19366,1
19398,1
19399,1
19400,1
25843,1
25844,1
25845,1
25846,1
25847,1
25848,1
25849,1
25850,1
25851,1
25852,1
25853,1
25854,1
25855,1
25856,1
25857,1
25858,1
25859,1
25860,1
25861,1
25862,1
25863,1
25864,1
25865,1
25866,1
25867,1
25868,1
25869,1
25870,1
25871,1
25872,1
25873,1
25874,1
25875,1
25876,1
25877,1
25878,1
25879,1
25880,1
25881,1
25882,1
25915,1
25916,1
25917,1
25918,1
25919,1
25920,1
25921,1
25922,1
25923,1
25924,1
25925,1
25926,1
25927,1
25928,1
25929,1
25930,1
25931,1
25932,1
25933,1
25934,1
25935,1
25936,1
30634,2
30635,2
30636,2
30637,2
30638,2
30639,2
30640,2
30645,2
30646,2
30647,2
30648,2
30649,2
30650,2
30651,2
30652,2
30653,2
30654,2
30655,2
30656,2
30662,2
30663,2
30664,2
30665,2
30666,2
30667,2
30668,2
30669,2
30670,2
30671,2
30672,2
30673,2
30674,2
30675,2
30676,2
30677,2
30678,2
30679,2
30680,2
30681,2
30682,2
30683,2
30684,2
30685,2
30686,2
30687,2
30688,2
30689,2
30690,2
30691,2
30692,2
30693,2
30694,2
30695,2
30696,2
30697,2
30698,2
30699,2
30700,2
30701,2
30702,2
30703,2
30704,2
30705,2
30706,2
30707,2
30708,2
30709,2
30710,2
30711,2
30712,2
30713,2
30714,2
30715,2
30716,2
30717,2
30718,2
30719,2
30720,2
30721,2
30722,2
30723,2
30724,2
30725,2
30726,2
30727,2
30728,2
30729,2
30730,2
30731,2
30732,2
30733,2
30734,2
30735,2
30736,2
30737,2
30738,2
30739,2
30740,2
30741,2
30742,2
30743,2
30744,2
30745,2
30746,2
30747,2
30748,2
30749,2
30750,2
30751,2
30752,2
30753,2
30754,2
30755,2
30756,2
30757,2
30758,2
30759,2
30760,2
30999,1
31000,1
31001,1
31002,1
31003,1
31004,1
31005,1
31006,1
31007,1
31008,1
31009,1
31010,1
31011,1
31012,1
31013,1
31014,1
31015,1
31016,1
31017,1
31018,1
31019,1
31020,1
31021,1
31155,3
31156,3
31157,3
31158,3
31159,3
31161,3
31162,3
31167,3
31168,3
31174,2
31175,2
31176,2
31177,2
31178,2
31179,2
31314,1
31315,1
31316,1
31317,1
31318,1
31320,1
31321,1
31325,1
31326,1
31327,1
31396,2
31397,2
31398,2
31399,2
31400,2
31404,2
31405,2
31450,3
31451,3
31452,3
31453,3
31454,3
31455,3
31822,2
31823,2
31824,2
31825,2
31826,2
31827,2
31828,2
31829,2
31830,2
31831,2
31832,2
38182,3
38183,3
38184,3
38185,3
38186,3
38191,3
38192,3
38193,3
38194,3
38195,3
38196,3
38197,3
38199,3
38200,3
38201,3
38202,3
38203,3
38204,3
38205,3
38290,2
38291,2
38292,2
38293,2
38294,2
38296,2
38297,2
38298,2
39629,2
39630,2
39631,2
39632,2
39633,2
39634,2
39635,2
39636,2
39637,2
39638,2
39639,2
39640,2
39641,2
39642,2
39643,2
39644,2
39645,2
39646,2
39647,2
39648,2
39649,2
39650,2
39651,2
39652,2
39653,2
39674,2
39675,2
39676,2
39677,2
39678,2
39680,2
39681,2
39692,2
39693,2
39694,2
39695,2
39696,2
39697,2
39698,2
39699,2
39700,2
39765,2
39766,2
39767,2
39768,2
39769,2
39770,2
39771,2
39772,2
39773,2
39774,2
39795,2
39796,2
39797,2
39798,2
39799,2
39800,2
39801,2
39802,2
39803,2
39804,2
39805,2
39806,2
39807,2
39897,2
39898,2
39899,2
39900,2
39901,2
39902,2
39903,2
39904,2
39905,2
39906,2
39907,2
39913,2
39914,2
39915,2
39916,2
39917,2
39918,2
39919,2
39920,2
39926,2
39927,2
39928,2
39929,2
39930,2
39931,2
39932,2
39933,2
39939,2
39940,2
39941,2
39942,2
39943,2
39944,2
39945,2
39946,2
39952,2
39953,2
39954,2
39955,2
39956,2
39957,2
39958,2
39959,2
39965,2
39966,2
39967,2
39968,2
39969,2
39970,2
39971,2
39972,2
39978,2
39979,2
39980,2
39981,2
39982,2
39983,2
39984,2
39985,2
39991,2
39992,2
39993,2
39994,2
39995,2
39996,2
39997,2
39998,2
40004,2
40005,2
40006,2
40007,2
40008,2
40009,2
40010,2
40011,2
40017,2
40018,2
40019,2
40020,2
40021,2
40022,2
40023,2
40024,2
