1520,5
1521,5
1522,5
1523,5
1524,5
1525,5
1542,1
1543,1
1544,1
1545,1
1546,1
1547,1
1548,1
1549,1
1550,1
1551,1
1552,1
1553,1
1557,1
1558,1
1559,1
1603,1
1604,1
1605,1
1606,1
1607,1
1608,1
1609,1
1610,1
1611,1
1612,1
1613,1
1614,1
1615,1
1617,2
1618,2
1619,2
1620,2
1621,2
1622,2
1623,2
1624,2
1625,2
1626,2
1627,3
1628,3
1629,3
1630,3
1631,3
1633,1
1634,1
1635,1
1636,1
1637,1
1638,1
1639,1
1640,1
1653,1
1654,1
1655,1
1656,1
1657,1
1659,1
1660,1
1661,1
1662,1
1663,1
1664,1
1665,1
1666,1
1667,1
1668,1
1669,1
1670,1
1671,1
1672,1
1673,1
1674,1
1675,1
1676,1
1677,1
1678,1
1685,1
1686,1
1687,1
1688,1
1689,1
1690,1
1691,1
1692,1
1693,1
1694,1
1695,1
1696,1
1697,1
1698,1
1699,1
1700,1
1701,1
1702,1
1703,1
1704,1
1705,1
1706,1
1707,1
1709,1
1710,1
1711,1
1712,1
1713,1
1714,1
1715,1
1716,1
1717,1
1718,1
1719,1
1720,1
1721,1
1729,1
1730,1
1731,1
1732,1
1733,1
1734,1
1735,1
1758,1
1759,1
1760,1
1761,1
1762,1
1763,1
1764,1
1766,1
1767,1
1768,1
1791,1
1792,1
1793,1
1794,1
1795,1
1796,1
1797,1
1852,1
1853,1
1854,1
1855,1
1856,1
1874,1
1875,1
1876,1
1878,1
1879,1
1880,1
1881,1
1882,1
1884,1
1885,1
1886,1
1887,1
1888,1
1889,1
1890,1
1891,1
1892,1
1893,1
1894,1
1895,1
1896,1
1897,1
1899,1
1900,1
1901,1
1902,1
1903,1
1905,1
1906,1
1907,1
1908,1
1909,1
1910,1
1911,1
1937,1
1938,1
1939,1
1940,1
1941,1
1943,1
1944,1
1945,1
1946,1
1947,1
1949,1
1950,1
1951,1
1953,1
1954,1
1955,1
1956,1
1957,1
1958,1
1959,1
1960,1
1961,1
1966,1
1967,1
1968,1
1970,1
1971,1
1972,1
1973,1
1974,1
1975,1
1976,1
1977,1
1978,1
1979,1
1980,1
1981,1
1982,1
1983,1
1984,1
2008,1
2009,1
2010,1
2011,1
2012,1
2013,1
2014,1
2015,1
2016,1
2017,1
2018,1
2019,1
2020,1
2021,1
2022,1
2023,1
2024,1
2025,1
2026,1
2027,1
2028,1
2029,1
2031,1
2032,1
2033,1
2034,1
2035,1
2036,1
2037,1
2051,1
2052,1
2053,1
2228,1
2229,1
2230,1
2231,1
2232,1
2233,1
2234,1
2235,1
2236,1
2237,1
2238,1
2239,1
2240,1
2241,1
2242,1
2243,1
2244,1
2245,1
2246,1
2247,1
2248,1
2249,1
2255,1
2256,1
2257,1
2258,1
2259,1
2260,1
2261,1
2273,1
2274,1
2275,1
2276,1
2277,1
2278,1
2279,1
2280,1
2312,1
2313,1
2314,1
3868,1
3869,1
3870,1
3871,1
3872,1
3873,1
3874,1
3875,1
3876,1
3877,1
3878,1
3879,1
10865,1
10866,1
10867,1
10868,1
10869,1
10870,1
10871,1
10872,1
10873,1
10874,1
10875,1
10876,1
10877,1
10878,1
10879,1
10880,1
10881,1
10882,1
10883,1
10884,1
10885,1
10886,1
10887,1
10888,1
10889,1
10890,1
10891,1
10892,1
10893,1
10894,1
10900,1
10901,1
10902,1
10903,1
10904,1
10905,1
10906,1
10907,1
10908,1
10909,1
10910,1
10911,1
10917,1
10918,1
10919,1
10920,1
10921,1
10922,1
11313,3
11314,3
11315,3
11316,3
11317,3
11318,3
11319,3
11320,3
11321,3
11322,3
11323,3
11324,3
11325,3
11326,3
11327,3
11328,3
11329,3
11331,3
11332,3
11333,3
11334,3
11335,3
11336,3
11337,3
11338,3
11339,3
11354,1
11355,1
11356,1
11357,1
11358,1
11359,1
11360,1
11361,1
11362,1
11363,1
11364,1
11365,1
11366,1
11372,1
11373,1
11374,1
11375,1
11376,1
11377,1
11378,1
11379,1
11380,1
11381,1
11382,1
11383,1
11384,1
11404,1
11405,1
11406,1
11407,1
11408,1
11409,1
11410,1
11411,1
11412,1
11441,4
11442,4
11443,4
11444,4
11445,4
11446,4
11447,4
11448,4
11449,4
11450,4
11451,4
11452,4
11453,4
11454,4
11455,4
11456,4
11457,4
11467,4
11468,4
11497,1
11498,1
11499,1
11500,1
11501,1
11502,1
11503,1
11504,1
11505,1
11506,1
11507,1
11508,1
11509,1
11573,1
11574,1
11575,1
11576,1
11577,1
11578,1
11579,1
11580,1
11581,1
11582,1
11583,1
11584,1
11585,1
11586,1
11587,1
11588,1
11589,1
11590,1
11591,1
11592,1
11593,1
11594,1
11595,1
11596,1
11597,1
17073,1
17074,1
17075,1
17076,1
17077,1
17078,1
17079,1
17080,1
17081,1
17082,1
17083,1
17084,1
17085,1
17086,1
17087,1
17088,1
17089,1
17090,1
17091,1
17092,1
17093,1
17094,1
17095,1
17096,1
17097,1
17098,1
17099,1
17100,1
17111,1
17112,1
17113,1
17114,1
17115,1
17116,1
17117,1
17118,1
17119,1
17120,1
17121,1
17122,1
17123,1
17124,1
17125,1
17126,1
17127,1
17128,1
17129,1
17130,1
25734,1
25735,1
25736,1
25737,1
25738,1
25739,1
25740,1
25741,1
25742,1
25743,1
25744,1
25745,1
25746,1
25747,1
25748,1
25749,1
25750,1
25751,1
25752,1
25753,1
25754,1
25755,1
25756,1
25757,1
25759,3
25760,3
25761,3
25762,3
25763,3
25764,3
25765,3
25766,3
25767,3
25768,3
25769,3
25770,3
25771,3
25773,3
25774,3
25775,3
25776,3
25777,3
25790,3
25791,3
25792,3
25793,3
25794,3
25795,3
25796,3
25914,3
25915,3
25916,3
25917,3
25918,3
25919,3
25920,3
25922,2
25923,2
25924,2
25925,2
25926,2
25934,2
25935,2
25936,2
25937,2
25938,2
25939,2
25940,2
25941,2
25942,2
25943,2
26025,1
26026,1
26027,1
26028,1
26029,1
26030,1
26031,1
26032,1
26033,3
26034,3
26035,3
26036,3
26037,3
26038,3
26039,4
26040,4
26041,4
26042,4
26043,4
26045,1
26046,1
26047,1
26048,1
26049,1
26050,1
26051,1
26052,1
26053,1
26059,3
26060,3
26061,3
26062,3
26063,3
26064,3
26085,3
26086,3
26087,3
26093,1
26094,1
26095,1
26096,1
26097,1
26098,1
26099,1
26100,1
26101,1
26102,1
26103,1
26104,1
26105,1
26106,1
26112,1
26113,1
26114,1
26115,1
26116,1
26117,1
26139,1
26140,1
26141,1
26142,1
26143,1
26144,1
26145,1
26146,1
26147,1
26148,1
26149,1
26155,2
26156,2
26157,2
26158,2
26159,2
26160,2
26173,2
26174,2
26175,2
26176,2
26177,2
26178,2
26179,2
26180,2
26182,2
26183,2
26184,2
26185,2
26186,2
26187,2
26188,2
26189,2
26190,2
26191,2
26192,2
26193,2
26194,2
26195,2
26196,2
26197,2
26198,2
26199,2
26200,2
26201,2
26202,2
31498,2
31499,2
31500,2
31501,2
31502,2
31503,2
31504,2
31505,2
31506,2
31507,2
31513,1
31514,1
31515,1
31516,1
31517,1
31518,1
31519,1
31520,1
31521,1
31522,1
31523,1
31524,1
31525,1
31526,1
31527,1
31528,1
31529,1
31530,1
31531,1
31532,1
31533,1
31534,1
31535,1
31666,2
31667,2
31668,2
31669,2
31670,2
31675,2
31676,2
31677,2
31678,2
31679,2
31696,1
31697,1
31698,1
31699,1
31700,1
31701,1
31782,1
31783,1
31784,1
31785,1
31786,1
31796,1
31797,1
31825,1
31826,1
31827,1
31828,1
31829,1
31835,1
31836,1
31916,1
31917,1
31918,1
31919,1
31920,1
31921,1
31922,1
31923,1
31929,1
31930,1
31931,1
31932,1
31933,1
31934,1
31954,1
31955,1
31956,1
31957,1
31958,1
31959,1
38747,7
38748,7
38749,7
38750,7
38751,7
38756,7
38757,7
38758,7
38759,7
38760,7
38761,7
38762,7
38771,7
38772,7
38773,7
38774,7
38775,7
38776,7
38777,7
38779,7
38780,7
38781,7
38782,7
38783,7
38784,7
38785,7
