1497,1
1498,1
1499,1
1500,1
1501,1
1502,1
1503,1
1515,1
1516,1
1517,1
1524,9
1525,9
1526,9
1527,9
1528,9
1529,9
1535,1
1536,1
1537,1
1538,1
1539,1
1540,1
1546,1
1547,1
1548,1
1549,1
1550,1
1551,1
1552,1
1553,1
1554,1
1555,1
1556,1
1557,1
1558,1
1559,1
1607,1
1608,1
1609,1
1610,1
1611,1
1612,1
1613,1
1614,1
1615,1
1616,1
1617,1
1618,1
1619,1
1620,8
1621,8
1622,8
1623,8
1625,7
1626,7
1627,7
1628,7
1629,7
1630,7
1631,7
1632,7
1633,7
1634,7
1635,7
1637,1
1638,1
1639,1
1640,1
1641,1
1642,1
1643,1
1644,1
1645,4
1646,4
1647,4
1648,4
1650,3
1651,3
1652,3
1653,3
1654,3
1655,3
1656,3
1657,3
1658,3
1659,3
1660,3
1661,3
1663,1
1664,1
1665,1
1666,1
1667,1
1668,1
1669,1
1670,1
1671,1
1672,1
1673,1
1674,1
1675,1
1676,1
1677,1
1678,1
1679,1
1680,1
1681,1
1682,1
1689,1
1690,1
1691,1
1692,1
1693,1
1694,1
1695,1
1696,1
1697,1
1698,1
1699,1
1700,1
1701,1
1702,1
1703,1
1704,1
1705,1
1706,1
1707,1
1708,1
1709,1
1710,3
1711,3
1712,3
1713,3
1714,3
1716,2
1717,2
1718,2
1719,2
1720,2
1721,2
1722,2
1723,2
1724,2
1725,2
1726,2
1727,2
1728,2
1734,2
1735,2
1736,2
1737,2
1738,2
1739,2
1740,2
1759,2
1760,2
1761,2
1762,2
1763,2
1764,2
1765,2
1767,2
1768,2
1769,2
1790,2
1791,2
1792,2
1793,2
1794,2
1795,2
1796,2
1797,2
1814,2
1815,2
1816,2
1849,2
1850,2
1852,1
1853,1
1854,1
1855,1
1856,1
1857,1
1858,1
1859,1
1860,1
1861,1
1862,1
1863,1
1864,1
1865,1
1866,1
1965,2
1966,2
1967,2
1968,2
1969,2
1970,2
1971,2
1972,2
1973,2
1974,2
1975,2
1976,2
1977,2
1978,2
1979,2
2005,2
2006,2
2007,2
2008,2
2009,2
2010,2
2011,2
2012,2
2013,2
2014,2
2015,2
2016,2
2017,2
2018,2
2019,2
2020,2
2021,2
2022,2
2023,2
2024,2
2025,2
2026,2
2036,2
2037,2
2038,2
2039,2
2040,2
2041,2
2042,2
2043,2
2044,2
2045,2
2046,2
2052,1
2053,1
2054,1
2055,1
2056,1
2058,1
2059,1
2060,1
2227,1
2228,1
2229,1
2230,1
2231,1
2232,1
2233,1
2234,1
2235,1
2236,1
2237,1
2238,1
2239,1
2240,1
2241,1
2242,1
2243,1
2244,1
2245,1
2246,1
2247,1
2248,1
2254,2
2255,2
2256,2
2257,2
2258,2
2259,2
2260,2
2272,2
2273,2
2274,2
2275,2
2276,2
2277,2
2278,2
2279,2
2281,2
2282,2
2283,2
2284,2
2285,2
2286,2
2287,2
2288,2
2289,2
2290,2
2291,2
2292,2
2293,2
2294,2
2304,2
2305,2
2306,2
2307,2
2308,2
2309,2
2310,2
2311,2
2312,2
2313,2
11352,4
11353,4
11354,4
11355,4
11356,4
11357,4
11358,4
11359,4
11360,4
11361,4
11362,4
11363,4
11364,4
11365,4
11366,4
11367,4
11368,4
11370,4
11371,4
11372,4
11373,4
11374,4
11375,4
11376,4
11377,4
11378,4
11393,4
11394,4
11395,4
11396,4
11397,4
11398,4
11399,4
11400,4
11401,4
11402,4
11403,4
11404,4
11405,4
11411,1
11412,1
11413,1
11414,1
11415,1
11416,1
11417,1
11418,1
11419,1
11420,1
11421,1
11422,1
11423,1
11443,1
11444,1
11445,1
11446,1
11447,1
11448,1
11449,1
11450,1
11451,1
11480,4
11481,4
11482,4
11483,4
11484,4
11485,4
11486,4
11487,4
11488,4
11489,4
11490,4
11491,4
11492,4
11493,4
11494,4
11495,4
11496,4
11505,4
11508,4
11509,4
11538,1
11539,1
11540,1
11541,1
11542,1
11543,1
11544,1
11545,1
11546,1
11547,1
11548,1
11549,1
11550,1
11614,1
11615,1
11616,1
11617,1
11618,1
11619,1
11620,1
11621,1
11622,1
11623,1
11624,1
11625,1
11626,1
11627,1
11628,1
11629,1
11630,1
11631,1
11632,1
11633,1
11634,1
11635,1
11636,1
11637,1
11638,1
11662,2
11663,2
11664,2
11665,2
11666,2
11667,2
11668,2
11669,2
11670,2
11671,2
11672,2
11673,2
11674,2
11680,1
11681,1
11682,1
11683,1
11684,1
11685,1
12327,5
12328,5
12329,5
12330,5
12331,5
12332,5
12333,5
12334,5
12335,5
12336,5
12337,5
12343,5
12344,5
12345,5
12346,5
12347,5
12348,5
12349,5
12350,5
12351,5
12352,5
12353,5
12354,5
12373,5
12374,5
12375,5
12376,5
12377,5
12378,5
12379,5
12380,5
12381,5
12382,5
12383,5
12384,5
12385,5
12386,5
12387,5
12388,5
12389,12
12390,12
12391,12
12392,12
12394,9
12395,9
12396,9
12397,9
12398,9
12399,9
12400,9
12401,9
12402,9
12403,9
12404,9
12405,9
12406,9
12408,7
12409,7
12410,7
12411,7
12412,7
12413,7
12414,7
12416,2
12417,2
12418,2
12419,2
12420,7
12421,7
12423,3
12424,3
12425,3
25361,1
25362,1
25363,1
25364,1
25365,1
25366,1
25367,1
25368,1
25369,1
25370,1
25371,1
25372,1
25373,1
25374,1
25375,1
25376,1
25377,1
25378,1
25379,1
25380,1
25381,1
25382,1
25383,3
25384,3
25385,3
25386,3
25387,3
25389,2
25390,2
25391,2
25392,2
25393,2
25394,2
25395,2
25396,2
25397,2
25398,2
25399,2
25400,2
25401,2
25403,2
25404,2
25405,2
25406,2
25407,2
25418,2
25419,2
25420,2
25421,2
25422,2
25423,2
25424,2
25543,2
25544,2
25545,2
25546,2
25547,2
25548,2
25549,2
25551,2
25552,2
25553,2
25554,2
25555,2
25563,2
25564,2
25565,2
25566,2
25567,2
25568,2
25569,2
25570,2
25661,2
25662,2
25663,2
25664,2
25665,2
25666,2
25667,2
25668,2
25670,1
25671,1
25672,1
25673,1
25674,1
25675,1
25676,1
25677,1
25678,1
25684,2
25685,2
25686,2
25687,2
25688,2
25689,2
25708,2
25709,2
25710,2
25716,1
25717,1
25718,1
25719,1
25720,1
25721,1
25722,1
25723,1
25724,1
25725,1
25726,1
25727,1
25728,1
25729,1
25778,2
25779,2
25780,2
25781,2
25782,2
25783,2
25796,2
25797,2
25798,2
25799,2
25800,2
25801,2
25802,2
25803,2
25805,2
25806,2
25807,2
25808,2
25809,2
25810,2
25811,2
25812,2
25813,2
25814,2
25815,2
25816,2
25817,2
25818,2
25819,2
25820,2
25821,2
25822,2
25823,2
25824,2
25825,2
28732,1
28733,1
28734,1
28735,1
28736,1
28737,1
28738,1
28739,1
28740,1
28741,1
28742,1
28743,1
28744,1
28745,1
28746,1
28747,1
28748,1
28749,1
28750,1
28751,1
28752,1
28753,1
28754,1
28755,1
28756,1
28757,1
28758,1
28759,1
28760,1
28761,1
28762,1
28763,1
28764,1
28765,1
28766,1
28767,1
28768,1
28769,1
28770,1
28771,1
28772,1
28773,1
28774,1
28775,1
28776,1
28777,1
28778,1
28779,1
28780,1
28781,1
28782,1
28783,1
28784,1
28785,1
28786,1
28787,1
28788,1
28789,1
28790,1
28791,1
28792,1
28793,1
28794,1
28795,1
28796,1
28797,1
28798,1
28799,1
28800,1
28801,1
28802,1
28803,1
28804,1
28805,1
28806,1
28807,1
28808,1
28809,1
28810,1
28811,1
28812,1
28813,1
28814,1
28815,1
28816,1
28817,1
28818,1
28819,1
28820,1
28821,1
28822,1
28823,1
28824,1
28825,1
28826,1
28827,1
28828,1
28829,1
28830,1
28831,1
28832,1
30984,7
30985,7
30986,7
30987,7
30988,7
30989,7
30990,7
30991,7
30992,7
30993,7
30999,2
31000,2
31001,2
31002,2
31003,2
31004,2
31005,2
31006,2
31007,2
31008,2
31009,2
31010,2
31011,2
31012,2
31013,2
31014,2
31015,2
31016,2
31017,2
31018,2
31019,2
31020,2
31021,2
31055,3
31056,3
31057,3
31058,3
31059,3
31061,2
31062,2
31063,2
31064,1
31065,1
31066,1
31067,1
31068,1
31073,1
31074,1
31075,1
31076,1
31077,1
31078,1
31079,1
31080,1
31081,1
31082,1
31083,1
31084,1
31085,1
31086,1
31087,1
31100,1
31101,1
31102,1
31155,6
31156,6
31157,6
31158,6
31159,6
31164,6
31165,6
31166,6
31167,6
31168,6
31174,7
31175,7
31176,7
31177,7
31178,7
31179,7
31185,9
31186,9
31187,9
31188,9
31189,9
31190,9
31314,2
31315,2
31316,2
31317,2
31318,2
31320,2
31321,2
31325,2
31326,2
31327,2
31450,2
31451,2
31452,2
31453,2
31454,2
31455,2
38182,13
38183,13
38184,13
38185,13
38186,13
38191,13
38192,13
38193,13
38194,13
38195,13
38196,13
38197,13
38206,13
38207,13
38208,13
38209,13
38210,13
38211,13
38212,13
38214,8
38215,8
38216,8
38217,8
38218,8
38219,8
38220,8
38221,5
38222,5
38223,5
38224,5
40257,2
40258,2
40259,2
40260,2
40261,2
40262,2
40283,5
40284,5
40285,5
40286,5
40287,5
40289,3
40290,3
40291,3
40292,3
40293,3
40294,3
40295,3
40296,2
40297,2
40298,2
40299,2
40320,2
40321,2
40322,2
40323,2
40324,2
40325,2
40326,2
40327,2
40328,2
40329,2
