1481,1
1482,1
1483,1
1484,1
1485,1
1486,1
1487,1
1493,1
1494,1
1495,1
1496,1
1497,1
1498,1
1499,1
1511,1
1512,1
1513,1
1520,10
1521,10
1522,10
1523,10
1524,10
1525,10
1531,1
1532,1
1533,1
1534,1
1535,1
1536,1
1542,1
1543,1
1544,1
1545,1
1546,1
1547,1
1548,1
1549,1
1550,1
1551,1
1552,1
1553,1
1554,1
1555,1
1603,1
1604,1
1605,1
1606,1
1607,1
1608,1
1609,1
1610,1
1611,1
1612,1
1613,1
1614,1
1615,1
1617,2
1618,2
1619,2
1620,2
1621,2
1622,2
1623,2
1624,2
1625,2
1626,2
1627,3
1628,3
1629,3
1630,3
1631,3
1633,1
1634,1
1635,1
1636,1
1637,1
1638,1
1639,1
1640,1
1653,1
1654,1
1655,1
1656,1
1657,1
1659,1
1660,1
1661,1
1662,1
1663,1
1664,1
1665,1
1666,1
1667,1
1668,1
1669,1
1670,1
1671,1
1672,1
1673,1
1674,1
1675,1
1676,1
1677,1
1678,1
1685,1
1686,1
1687,1
1688,1
1689,1
1690,1
1691,1
1692,1
1693,1
1694,1
1695,1
1696,1
1697,1
1698,1
1699,1
1700,1
1701,1
1702,1
1703,1
1704,1
1705,1
1706,1
1707,1
1709,2
1710,2
1711,2
1712,2
1713,2
1714,2
1715,2
1716,2
1717,2
1718,2
1719,2
1720,2
1721,2
1729,2
1730,2
1731,2
1732,2
1733,2
1734,2
1735,2
1758,2
1759,2
1760,2
1761,2
1762,2
1763,2
1764,2
1766,2
1767,2
1768,2
1791,2
1792,2
1793,2
1794,2
1795,2
1796,2
1797,2
1798,2
1799,2
1800,2
1817,2
1818,2
1819,2
1852,3
1853,3
1854,3
1855,3
1856,3
1858,1
1859,1
1860,1
1861,1
1862,1
1863,1
1864,1
1865,1
1866,1
1867,1
1868,1
1869,1
1870,1
1871,1
1872,1
1878,2
1879,2
1880,2
1881,2
1882,2
1884,3
1885,3
1886,3
1887,3
1888,3
1889,3
1890,3
1891,3
1892,3
1893,3
1894,3
1895,3
1896,3
1897,3
1899,1
1900,1
1901,1
1902,1
1903,1
1905,1
1906,1
1907,1
1908,1
1909,1
1910,1
1911,1
1913,2
1914,2
1915,2
1916,2
1917,2
1918,2
1919,2
1920,2
1921,2
1922,2
1923,2
1924,2
1937,4
1938,4
1939,4
1940,4
1941,4
1943,2
1944,2
1945,2
1946,2
1947,2
1962,2
1963,2
1964,2
1970,2
1971,2
1972,2
1973,2
1974,2
1975,2
1976,2
1977,2
1978,2
1979,2
1980,2
1981,2
1982,2
1983,2
1984,2
2008,2
2009,2
2010,2
2011,2
2012,2
2013,2
2014,2
2015,2
2016,2
2017,2
2018,2
2019,2
2020,2
2021,2
2022,2
2023,2
2024,2
2025,2
2026,2
2027,2
2028,2
2029,2
2031,2
2032,2
2033,2
2034,2
2035,2
2036,2
2037,2
2038,2
2039,2
2040,2
2041,2
2042,2
2043,2
2044,2
2045,2
2046,2
2047,2
2048,2
2049,2
2055,1
2056,1
2057,1
2058,1
2059,1
2061,1
2062,1
2063,1
2228,1
2229,1
2230,1
2231,1
2232,1
2233,1
2234,1
2235,1
2236,1
2237,1
2238,1
2239,1
2240,1
2241,1
2242,1
2243,1
2244,1
2245,1
2246,1
2247,1
2248,1
2249,1
2255,2
2256,2
2257,2
2258,2
2259,2
2260,2
2261,2
2273,2
2274,2
2275,2
2276,2
2277,2
2278,2
2279,2
2280,2
2312,2
2313,2
2314,2
10928,1
10929,1
10930,1
10931,1
10932,1
10933,1
10934,1
10935,1
10936,1
10937,1
10938,1
10939,1
10940,1
10941,1
10942,1
10943,1
10944,1
10945,1
10946,1
10947,1
10948,1
10949,1
10950,1
10951,1
10952,1
10953,1
10954,1
10955,1
10956,1
10957,1
10958,1
10959,1
10960,1
10961,1
10962,1
10963,1
10964,1
10965,1
10966,1
10967,1
10968,1
10974,2
10975,2
10976,2
10977,2
10978,2
10979,2
10980,2
10981,2
10982,2
10983,2
10984,2
10985,2
10986,2
11000,2
11001,2
11002,2
11003,2
11004,2
11036,2
11037,2
11038,2
11039,2
11040,2
11041,2
11042,2
11043,2
11044,2
11045,2
11046,2
11047,2
11048,2
11236,2
11237,2
11238,2
11239,2
11240,2
11241,2
11242,2
11243,2
11244,2
11245,2
11246,2
11247,2
11248,2
11249,2
11250,2
11251,2
11252,2
11253,2
11254,2
11255,2
11256,2
11257,2
11258,2
11259,2
11268,2
11269,2
11270,2
11271,2
11272,2
11273,2
11274,2
11275,2
11276,2
11298,2
11299,2
11300,2
11301,2
11302,2
11304,2
11305,2
11306,2
11307,2
11313,4
11314,4
11315,4
11316,4
11317,4
11318,4
11319,4
11320,4
11321,4
11322,4
11323,4
11324,4
11325,4
11326,4
11327,4
11328,4
11329,4
11331,4
11332,4
11333,4
11334,4
11335,4
11336,4
11337,4
11338,4
11339,4
11354,2
11355,2
11356,2
11357,2
11358,2
11359,2
11360,2
11361,2
11362,2
11363,2
11364,2
11365,2
11366,2
11372,1
11373,1
11374,1
11375,1
11376,1
11377,1
11378,1
11379,1
11380,1
11381,1
11382,1
11383,1
11384,1
11404,1
11405,1
11406,1
11407,1
11408,1
11409,1
11410,1
11411,1
11412,1
11441,9
11442,9
11443,9
11444,9
11445,9
11446,9
11447,9
11448,9
11449,9
11450,9
11451,9
11452,9
11453,9
11454,9
11455,9
11456,9
11457,9
11459,4
11460,4
11461,4
11462,4
11463,4
11464,4
11466,4
11467,5
11468,5
11497,1
11498,1
11499,1
11500,1
11501,1
11502,1
11503,1
11504,1
11505,1
11506,1
11507,1
11508,1
11509,1
11573,1
11574,1
11575,1
11576,1
11577,1
11578,1
11579,1
11580,1
11581,1
11582,1
11583,1
11584,1
11585,1
11586,1
11587,1
11588,1
11589,1
11590,1
11591,1
11592,1
11593,1
11594,1
11595,1
11596,1
11597,1
11621,2
11622,2
11623,2
11624,2
11625,2
11626,2
11627,2
11628,2
11629,2
11630,2
11631,2
11632,2
11633,2
12097,2
12098,2
12099,2
12100,2
12101,2
12102,2
12103,2
12104,2
12105,2
12106,2
12107,2
12108,2
12114,2
12115,2
12116,2
12117,2
12118,2
12119,2
12120,2
12121,2
12122,2
12123,2
12124,2
12125,2
12126,2
12127,2
12128,2
12129,2
12131,4
12132,4
12133,4
12134,4
12135,4
12136,4
12137,4
12138,4
12139,4
12140,4
12141,4
12142,4
12144,2
12145,2
12146,2
12147,2
12148,2
12149,2
12150,2
12151,2
12152,2
12153,6
12154,6
12155,6
12156,6
12157,6
12159,2
12160,2
12161,2
12162,2
12163,2
12166,2
12167,2
12168,2
12169,2
12170,2
12171,2
12172,2
12173,2
12179,2
12180,2
12181,2
12182,2
12183,2
12184,2
12185,2
12186,2
12187,2
12188,2
12189,2
12190,2
12319,1
12320,1
12321,1
12322,1
12323,1
12324,1
12325,1
12326,1
12332,2
12333,2
12334,2
12335,2
12336,2
12337,2
12338,2
12339,2
12340,2
12341,2
12342,2
12343,2
12344,2
12345,2
12346,2
12347,2
12349,3
12350,3
12351,3
12352,3
12353,3
12354,3
12355,3
12356,3
12357,3
12358,3
12359,3
12360,3
12361,3
12362,3
12364,1
12365,1
12366,1
12367,1
12368,1
12369,1
12370,1
12372,2
12373,2
12374,2
12375,2
12376,3
12377,3
12378,3
12379,3
12380,3
24157,1
24158,1
24159,1
24160,1
24161,1
24162,1
24163,1
24164,1
24165,1
24166,1
24167,1
24168,1
24169,1
24170,1
24171,1
24172,1
24173,1
24174,1
24175,1
24176,1
24177,1
24178,1
24179,1
24180,1
24181,1
24182,1
24183,1
24184,1
24185,1
24186,1
24187,1
24188,1
24189,1
24190,1
24191,1
24192,1
24193,1
24194,1
24195,1
24196,1
24197,1
24198,1
24199,1
24200,1
24201,1
24202,1
24203,1
24204,1
24205,1
24206,1
24207,1
24208,1
24209,1
24210,1
24211,1
24212,1
24213,1
24214,1
24215,1
24216,1
24217,1
24218,1
24219,1
24220,1
24221,1
24222,1
24223,1
24224,1
24225,1
24226,1
24227,1
24228,1
24229,1
24230,1
24231,1
24232,1
24233,1
24234,1
24235,1
24236,1
24237,1
24238,1
24239,1
24240,1
24241,1
24242,1
24243,1
24244,1
24245,1
24246,1
24247,1
24248,1
24249,1
24250,1
24251,1
24252,1
24253,1
24254,1
24255,1
24256,1
24257,1
24258,1
24259,1
24260,1
24261,1
24262,1
24263,1
24264,1
24265,1
24266,1
24267,1
24268,1
24269,1
24270,1
24271,1
24272,1
24273,1
24274,1
24275,1
24276,1
24277,1
24278,1
24279,1
24280,1
24281,1
24282,1
24283,1
24284,1
24285,1
24286,1
24287,1
24288,1
24289,1
24290,1
24291,1
24292,1
24293,1
24294,1
24295,1
24296,1
24297,1
24298,1
24299,1
24301,2
24302,2
24303,2
24304,2
24305,2
24306,2
24307,2
24308,2
24309,2
24310,2
24311,2
24312,1
24313,1
24314,1
24315,1
24316,1
24317,1
24318,1
24319,1
24320,1
24321,1
24322,1
24323,1
24324,1
24325,1
24326,1
24327,1
24328,1
24329,1
24330,1
24331,1
24332,1
24333,1
24334,1
24335,1
24337,1
24338,1
24339,1
24340,1
24341,1
24342,1
24343,1
24344,1
24345,1
24346,1
24347,1
24348,1
24349,1
24350,1
24351,1
24352,1
24353,1
24354,1
24355,1
24356,1
24357,1
24358,1
24359,1
24360,1
24361,1
24362,1
24363,1
24364,1
24365,1
24366,1
24367,1
24368,1
24369,1
24370,1
24371,1
24379,3
24380,3
24381,3
24382,3
24383,3
24385,1
24386,1
24387,1
25582,1
25583,1
25584,1
25585,1
25586,1
25587,1
25588,1
25589,1
25590,1
25591,1
25592,1
25593,1
25594,1
25595,1
25596,1
25597,1
25598,1
25604,2
25605,2
25606,2
25607,2
25608,2
25609,2
25610,2
25612,2
25613,2
25614,2
25615,2
25616,2
25617,2
25618,2
25619,2
25620,2
25621,2
25622,2
25623,2
25624,2
25625,2
25626,2
25627,2
25628,2
25629,2
25630,2
25661,2
25662,2
25663,2
25664,2
25665,2
25666,2
25667,2
25668,2
25669,2
25670,2
25671,2
25672,2
25673,2
25674,2
25675,2
25676,2
25677,2
25678,2
25679,2
25680,2
25681,2
25682,2
25683,2
25684,2
25685,2
25686,2
25687,2
25688,2
25689,2
25690,2
25691,2
25692,2
25693,2
25694,2
25695,2
25697,2
25698,2
25699,2
25700,2
25702,2
25703,2
25704,2
25705,2
25706,2
25707,2
25708,2
25709,2
25710,2
25711,2
25712,2
25713,2
25714,2
25715,2
25720,2
25721,2
25722,2
25723,2
25724,2
25726,2
25727,2
25728,2
25734,1
25735,1
25736,1
25737,1
25738,1
25739,1
25740,1
25741,1
25742,1
25743,1
25744,1
25745,1
25746,1
25747,1
25748,1
25749,1
25750,1
25751,1
25752,1
25753,1
25754,1
25755,1
25756,1
25757,1
25759,2
25760,2
25761,2
25762,2
25763,2
25764,2
25765,2
25766,2
25767,2
25768,2
25769,2
25770,2
25771,2
25773,2
25774,2
25775,2
25776,2
25777,2
25790,2
25791,2
25792,2
25793,2
25794,2
25795,2
25796,2
25914,2
25915,2
25916,2
25917,2
25918,2
25919,2
25920,2
25922,2
25923,2
25924,2
25925,2
25926,2
25928,2
25929,2
25930,2
25931,2
25932,2
25945,2
25946,2
25947,2
25948,2
25949,2
25950,2
25951,2
25952,2
26014,2
26015,2
26016,2
26017,2
26018,2
26019,2
26020,2
26021,2
26022,2
26023,2
26033,2
26034,2
26035,2
26036,2
26037,2
26038,2
26039,3
26040,3
26041,3
26042,3
26043,3
26045,1
26046,1
26047,1
26048,1
26049,1
26050,1
26051,1
26052,1
26053,1
26059,2
26060,2
26061,2
26062,2
26063,2
26064,2
26085,2
26086,2
26087,2
26093,1
26094,1
26095,1
26096,1
26097,1
26098,1
26099,1
26100,1
26101,1
26102,1
26103,1
26104,1
26105,1
26106,1
31301,2
31302,2
31303,2
31304,2
31305,2
31306,2
31307,2
31308,2
31309,2
31310,2
31311,2
31312,2
31313,2
31314,2
31315,2
31316,2
31317,2
31323,2
31324,2
31325,2
31326,2
31327,2
31328,2
31329,2
31330,2
31331,2
31332,2
31333,2
31334,2
31335,2
31336,2
31337,2
31338,2
31339,2
31340,2
31341,2
31342,2
31343,2
31344,2
31345,2
31346,2
31347,2
31348,2
31349,2
31350,2
31351,2
31352,2
31353,2
31354,2
31355,2
31356,2
31357,2
31358,2
31359,2
31360,2
31361,2
31362,2
31363,2
31364,2
31365,2
31371,2
31372,2
31373,2
31374,2
31375,2
31376,2
31377,2
31378,2
31384,5
31385,5
31386,5
31387,5
31388,5
31396,5
31397,5
31398,5
31407,5
31408,5
31416,5
31417,5
31418,5
31419,5
31420,5
31421,5
31432,5
31433,5
31434,5
31435,5
31436,5
31437,5
31438,5
31439,5
31440,5
31441,5
31442,5
31468,2
31469,2
31470,2
31471,2
31472,2
31473,2
31484,2
31485,2
31486,2
31487,2
31488,2
31489,2
31490,2
31491,2
31492,2
31498,2
31499,2
31500,2
31501,2
31502,2
31503,2
31504,2
31505,2
31506,2
31507,2
31513,2
31514,2
31515,2
31516,2
31517,2
31518,2
31519,2
31520,2
31521,2
31522,2
31523,2
31524,2
31525,2
31526,2
31527,2
31528,2
31529,2
31530,2
31531,2
31532,2
31533,2
31534,2
31535,2
31567,4
31568,4
31569,4
31570,4
31571,4
31573,2
31574,2
31575,2
31576,2
31577,2
31578,2
31579,2
31580,2
31585,2
31586,2
31587,2
31588,2
31589,2
31590,2
31591,2
31592,2
31593,2
31594,2
31595,2
31596,2
31597,2
31598,2
31599,2
31601,2
31602,2
31603,2
31604,2
31605,2
31606,2
31607,2
31608,2
31609,2
31612,2
31613,2
31652,2
31653,2
31654,2
31655,2
31656,2
31657,2
31658,2
31659,2
31660,2
31666,6
31667,6
31668,6
31669,6
31670,6
31675,6
31676,6
31677,6
31678,6
31679,6
31685,1
31686,1
31687,1
31688,1
31689,1
31690,1
31696,3
31697,3
31698,3
31699,3
31700,3
31701,3
31738,5
31739,5
31740,5
31741,5
31742,5
31743,5
31746,5
31747,5
31748,5
31749,5
31750,5
31751,5
31752,5
31753,5
31754,5
31782,2
31783,2
31784,2
31785,2
31786,2
31789,2
31790,2
31791,2
31792,2
31793,2
31794,2
31795,2
31796,2
31797,2
31803,2
31804,2
31805,2
31806,2
31807,2
31808,2
31814,2
31815,2
31816,2
31817,2
31818,2
31819,2
31825,9
31826,9
31827,9
31828,9
31829,9
31831,9
31832,9
31835,9
31836,9
31902,2
31903,2
31904,2
31905,2
31906,2
31909,2
31910,2
31916,7
31917,7
31918,7
31919,7
31920,7
31921,7
31922,7
31923,7
31940,2
31941,2
31942,2
31943,2
31944,2
31946,2
31954,4
31955,4
31956,4
31957,4
31958,4
31959,4
31965,2
31966,2
31967,2
31968,2
31969,2
31970,2
31972,2
31973,2
31974,2
31975,2
31976,2
31977,2
31978,2
31979,2
31980,2
31981,2
31982,2
31983,2
31984,2
31985,2
31986,2
31988,3
31989,3
31990,3
31991,3
31992,3
31993,3
31994,3
31995,3
32000,3
32001,3
32002,3
32003,3
32004,3
32005,3
32006,3
32007,3
32008,3
32009,3
32010,3
32011,3
32012,3
32013,3
32014,3
32015,3
32016,3
32017,3
32018,3
32019,3
32020,3
32021,3
32022,3
32023,3
32024,3
32025,3
32026,3
32027,5
32028,5
32029,5
32031,2
32032,2
32033,2
32034,2
32035,2
32036,2
32037,2
32038,2
32039,2
32076,2
32077,2
32078,2
32079,2
32080,2
32081,2
32082,2
32083,2
32084,2
32085,2
32091,2
32092,2
32093,2
32094,2
32095,2
32096,2
32097,2
32098,2
32099,2
32100,2
32121,2
32122,2
32123,2
32124,2
32125,2
32126,2
32127,2
32128,2
32129,2
32130,2
32136,2
32137,2
32138,2
32139,2
32140,2
32141,2
32142,2
32143,2
32144,2
32145,2
32151,2
32152,2
32153,2
32154,2
32155,2
32156,2
32157,2
32158,2
32159,2
32160,2
32166,2
32167,2
32168,2
32169,2
32170,2
32171,2
32172,2
32173,2
32174,2
32175,2
32197,2
32198,2
32199,2
32200,2
32201,2
32202,2
32203,2
32204,2
32205,2
32206,2
38695,2
38696,2
38697,2
38698,2
38699,2
38700,2
38701,2
38702,2
38703,2
38704,2
38705,2
38707,2
38708,2
38709,2
38710,2
38711,2
38738,2
38739,2
38740,2
38741,2
38747,17
38748,17
38749,17
38750,17
38751,17
38756,17
38757,17
38758,17
38759,17
38760,17
38761,17
38762,17
38771,17
38772,17
38773,17
38774,17
38775,17
38776,17
38777,17
38779,9
38780,9
38781,9
38782,9
38783,9
38784,9
38785,9
38786,8
38787,8
38788,8
38789,8
38807,2
38808,2
38809,2
38810,2
38811,2
38812,2
38813,2
38814,2
38815,2
38821,2
38822,2
38823,2
38824,2
38825,2
38826,2
38827,2
38828,2
38835,2
38836,2
38842,2
38843,2
38844,2
38845,2
38846,2
38851,2
38852,2
38853,2
38854,2
38855,2
38857,2
38858,2
38859,2
38860,2
38861,2
38862,2
38863,2
38864,2
38865,2
38866,2
38867,2
38868,2
38869,2
38963,2
38964,2
38965,2
38966,2
39022,2
39023,2
39024,2
39025,2
39026,2
39027,2
39028,2
39029,2
39030,2
39031,2
39032,2
39033,2
39039,2
39040,2
39041,2
39042,2
39043,2
39044,2
39045,2
39046,2
39047,2
39048,2
39049,2
39050,2
39051,2
39052,2
39053,2
39054,2
39055,2
39056,2
39057,2
39058,2
39059,2
39060,2
39061,2
39062,2
39063,2
39064,2
39065,2
39066,2
39067,2
39068,2
39069,2
39070,2
39071,2
39072,2
39073,2
39074,2
39075,2
39076,2
39077,2
39078,2
39079,2
39080,2
39081,2
39082,2
39083,2
39084,2
39085,2
39086,2
39087,2
39088,2
39089,2
39090,2
39091,2
39092,2
39093,2
39094,2
39095,2
39096,2
39097,2
39098,2
39099,2
39100,2
39101,2
39102,2
39103,2
39104,2
39105,2
39118,2
39119,2
39120,2
39121,2
39122,2
39123,2
39124,2
39125,2
39162,2
39163,2
39164,2
39165,2
39166,2
39167,2
39168,2
39169,2
39264,2
39265,2
39266,2
39267,2
39268,2
39269,2
39270,2
39271,2
39272,2
39273,2
39274,2
39275,2
39276,2
39277,2
39278,2
39279,2
39280,2
39281,2
39282,2
39283,2
39284,2
39285,2
39286,2
39287,2
39288,2
39289,2
39290,2
39291,2
39292,2
39383,2
39384,2
39385,2
39386,2
39387,2
39388,2
39389,2
39390,2
39391,2
39392,2
