3857,1
3858,1
3859,1
3860,1
3861,1
3862,1
3863,1
3864,1
3865,1
3866,1
3867,1
3868,1
5977,1
5978,1
5979,1
5980,1
5981,1
5982,1
5983,1
5984,1
5985,1
5986,1
5987,1
5988,1
5989,1
5990,1
5991,1
5992,1
5993,1
5994,1
5995,1
5996,1
5997,1
5998,1
5999,1
6004,1
6005,1
6006,1
6007,1
6008,1
6009,1
6010,1
6011,1
6012,1
6013,1
6014,1
6015,1
6016,1
6017,1
6018,1
6019,1
6020,1
6021,1
6022,1
6023,1
6024,1
6025,1
6026,1
6027,1
6028,1
6029,1
6030,1
6031,1
6032,1
6033,1
6034,1
6035,1
10904,1
10905,1
10906,1
10907,1
10908,1
10909,1
10910,1
10911,1
10912,1
10913,1
10914,1
10915,1
10916,1
10917,1
10918,1
10919,1
10920,1
10921,1
10922,1
10923,1
10924,1
10925,1
10926,1
10927,1
10928,1
10929,1
10930,1
10931,1
10932,1
10933,1
10934,1
10935,1
10941,1
10942,1
10943,1
10944,1
10945,1
10946,1
10947,1
10948,1
10949,1
10950,1
10951,1
10952,1
10958,1
10959,1
10960,1
10961,1
10962,1
10963,1
11275,1
11276,1
11277,1
11278,1
11279,1
11280,1
11281,1
11282,1
11283,1
11284,1
11285,1
11286,1
11287,1
11288,1
11289,1
11290,1
11291,1
11292,1
11293,1
11294,1
11295,1
11296,1
11297,1
11298,1
11307,1
11308,1
11309,1
11310,1
11311,1
11312,1
11313,1
11314,1
11315,1
11316,4
11317,4
11318,4
11319,4
11321,3
11322,3
11323,3
11324,3
11325,3
11326,3
11327,3
11328,3
11329,3
11330,3
11331,3
11340,3
11341,3
11343,1
11344,1
11345,1
11346,1
11352,4
11353,4
11354,4
11355,4
11356,4
11357,4
11358,4
11359,4
11360,4
11361,4
11362,4
11363,4
11364,4
11365,4
11366,4
11367,4
11368,4
11370,4
11371,4
11372,4
11373,4
11374,4
11375,4
11376,4
11377,4
11378,4
11393,3
11394,3
11395,3
11396,3
11397,3
11398,3
11399,3
11400,3
11401,3
11402,3
11403,3
11404,3
11405,3
11411,1
11412,1
11413,1
11414,1
11415,1
11416,1
11417,1
11418,1
11419,1
11420,1
11421,1
11422,1
11423,1
11443,1
11444,1
11445,1
11446,1
11447,1
11448,1
11449,1
11450,1
11451,1
11480,3
11481,3
11482,3
11483,3
11484,3
11485,3
11486,3
11487,3
11488,3
11489,3
11490,3
11491,3
11492,3
11493,3
11494,3
11495,3
11496,3
11505,3
11508,3
11509,3
11515,1
11516,1
11517,1
11518,1
11519,1
11520,1
11521,1
11522,1
11523,1
11524,1
11525,1
11526,1
11527,1
11528,1
11529,1
11530,1
11531,1
11532,1
11614,1
11615,1
11616,1
11617,1
11618,1
11619,1
11620,1
11621,1
11622,1
11623,1
11624,1
11625,1
11626,1
11627,1
11628,1
11629,1
11630,1
11631,1
11632,1
11633,1
11634,1
11635,1
11636,1
11637,1
11638,1
11662,3
11663,3
11664,3
11665,3
11666,3
11667,3
11668,3
11669,3
11670,3
11671,3
11672,3
11673,3
11674,3
17563,4
17564,4
17565,4
17566,4
17567,4
17569,1
17570,1
17571,1
17572,1
17574,1
17575,1
17576,1
17577,1
17578,1
17579,1
17580,1
17581,1
17582,1
17583,1
17584,3
17585,3
17586,3
17588,1
17589,1
17590,1
17618,1
17619,1
17620,1
17621,1
17622,1
17623,1
17624,1
17625,1
17626,1
17627,1
17628,1
17629,1
17630,1
17631,1
17632,1
17633,1
17634,1
17635,1
17636,1
17637,1
17668,1
17669,1
17670,1
17671,1
17677,1
17678,1
17679,1
17680,1
17681,1
17682,1
17684,1
17685,1
17686,1
17687,1
17688,1
17689,1
17690,1
17691,1
17692,1
17737,1
17738,1
17739,1
17740,1
17741,1
17742,4
17743,4
17744,4
17745,4
17746,4
17748,3
17749,3
17750,3
17751,3
17752,3
17753,3
17754,3
17755,3
17756,3
17757,3
17758,3
17759,3
17760,3
17761,3
17762,3
17763,3
17764,3
17765,3
17766,3
17790,3
17791,3
17792,3
17793,3
17794,3
17795,3
17796,3
17797,3
17798,3
17799,3
17800,3
17801,3
17802,3
17803,3
17804,3
17806,1
17807,1
17808,1
17809,1
17829,3
17830,3
17831,3
17833,1
17834,1
17835,1
18096,3
18097,3
18098,3
18099,3
18100,3
18101,3
18102,3
18103,3
18104,3
18105,3
18106,3
18107,3
18108,3
18109,3
18110,3
18111,3
18112,3
18113,3
18114,3
18115,3
18116,3
18117,3
18118,3
18119,3
18120,3
18121,3
18122,3
18123,3
18124,3
18125,3
18126,3
18128,1
18129,1
18130,1
18131,1
18132,1
18134,2
18135,2
18136,2
18137,2
18138,3
18139,3
18140,3
18311,1
18312,1
18313,1
18314,1
18315,1
18316,1
18317,1
18318,1
18319,1
18320,1
18321,1
18322,1
18323,1
18324,1
18325,1
18326,1
18327,1
18328,1
18329,1
18330,1
18331,1
18361,1
18362,1
18363,1
18365,1
18366,1
18367,1
18368,1
18369,1
18370,1
18371,1
18372,1
18386,1
18387,1
18388,1
18389,1
18390,1
18391,1
18392,1
18393,1
18402,1
18403,1
18404,1
18405,1
18406,1
18407,1
18408,1
18409,1
18410,1
18411,1
18455,1
18456,1
18457,1
18458,1
18459,1
18460,1
18496,1
18497,1
18498,1
18499,1
18500,1
18501,1
18502,1
18503,1
18624,1
18625,1
18626,1
18632,1
18633,1
18634,1
18635,1
18636,1
18637,1
18638,1
18639,1
18640,1
18641,1
18642,1
18653,1
18654,1
18655,1
18656,1
18657,1
18658,1
18659,1
18666,1
18667,1
18668,1
18669,1
18693,1
18694,1
18695,1
18696,1
18697,1
18698,1
18699,1
18708,1
18709,1
18710,1
18711,1
18712,1
18713,1
18714,1
18716,1
18717,1
18718,1
18719,1
18720,1
18722,1
18723,1
18724,1
18725,1
18726,1
18727,1
18735,1
18736,1
18737,1
18738,1
18740,1
18741,1
18742,1
18743,1
18749,1
18750,1
18751,1
18847,1
18848,1
18849,1
18850,1
18851,1
18852,1
18853,1
18854,1
18855,1
18856,1
18857,1
18858,1
18859,1
18860,1
18861,1
18862,1
18863,1
18864,1
18865,1
18866,1
18867,1
18868,1
18870,1
18871,1
18872,1
18874,1
18875,1
18876,1
18880,1
18881,1
18882,1
19099,1
19100,1
19101,1
19102,1
19103,1
19104,1
19105,1
19106,1
19107,1
19108,1
19109,1
19113,1
19114,1
19115,1
19138,1
19139,1
19140,1
19141,1
19142,1
19143,1
19144,1
19145,1
19146,1
19147,1
19148,1
19149,1
19150,1
19151,1
19155,1
19156,1
19157,1
19159,1
19160,1
19161,1
19162,1
19163,1
19164,1
19165,1
19166,1
19167,1
19168,1
19169,1
19170,1
19171,1
19172,1
19173,1
19174,1
19175,1
19176,1
19177,1
19178,1
19179,1
19180,1
19181,1
19182,1
19183,1
19184,1
19185,1
19186,1
19187,1
19188,1
19189,1
19190,1
19191,1
19192,1
19193,1
19194,1
19195,1
19196,1
19197,1
19198,1
19199,1
19200,1
19201,1
19202,1
19203,1
19204,1
19205,1
19220,1
19221,1
19222,1
19223,1
19224,1
19225,1
19226,1
19227,1
19228,1
19229,1
19230,1
19232,1
19233,1
19234,1
19235,1
19236,1
19237,1
19238,1
19239,1
19240,1
19241,2
19242,2
19243,2
19245,1
19246,1
19247,1
19248,1
19249,1
19250,1
19251,1
19252,1
19253,1
19254,1
19255,1
19256,1
19257,1
19258,1
19259,1
19261,1
19262,1
19263,1
19281,1
19282,1
19283,1
19341,3
19342,3
19343,3
19344,3
19345,3
19346,3
19347,3
19359,3
19360,3
19361,3
19362,3
19363,3
19364,3
19365,3
19366,3
19398,3
19399,3
19400,3
30873,2
30874,2
30875,2
30876,2
30877,2
30885,2
30886,2
30887,2
30889,2
30890,2
30891,2
30892,2
30893,2
30894,2
30896,2
30899,2
30900,2
30999,3
31000,3
31001,3
31002,3
31003,3
31004,3
31005,3
31006,3
31007,3
31008,3
31009,3
31010,3
31011,3
31012,3
31013,3
31014,3
31015,3
31016,3
31017,3
31018,3
31019,3
31020,3
31021,3
31119,2
31120,2
31121,2
31122,2
31123,2
31124,2
31155,4
31156,4
31157,4
31158,4
31159,4
31164,4
31165,4
31166,4
31167,4
31168,4
31185,1
31186,1
31187,1
31188,1
31189,1
31190,1
31314,5
31315,5
31316,5
31317,5
31318,5
31320,2
31321,2
31323,3
31325,2
31326,5
31327,5
31450,3
31451,3
31452,3
31453,3
31454,3
31455,3
31539,1
31540,1
31541,1
31542,1
31543,1
31548,1
31549,1
31550,1
31551,1
31560,1
31561,1
31562,1
31563,1
31564,1
38182,11
38183,11
38184,11
38185,11
38186,11
38191,11
38192,11
38193,11
38194,11
38195,11
38196,11
38197,11
38206,11
38207,11
38208,11
38209,11
38210,11
38211,11
38212,11
38214,1
38215,1
38216,1
38217,1
38218,1
38219,1
38220,1
38221,10
38222,10
38223,10
38224,10
