1485,1
1486,1
1487,1
1488,1
1489,1
1490,1
1491,1
1497,1
1498,1
1499,1
1500,1
1501,1
1502,1
1503,1
1515,1
1516,1
1517,1
1524,5
1525,5
1526,5
1527,5
1528,5
1529,5
1535,1
1536,1
1537,1
1538,1
1539,1
1540,1
1546,1
1547,1
1548,1
1549,1
1550,1
1551,1
1552,1
1553,1
1554,1
1555,1
1556,1
1557,1
1558,1
1559,1
1607,1
1608,1
1609,1
1610,1
1611,1
1612,1
1613,1
1614,1
1615,1
1616,1
1617,1
1618,1
1619,1
1620,8
1621,8
1622,8
1623,8
1625,7
1626,7
1627,7
1628,7
1629,7
1630,7
1631,7
1632,7
1633,7
1634,7
1635,7
1637,1
1638,1
1639,1
1640,1
1641,1
1642,1
1643,1
1644,1
1645,1
1646,1
1647,1
1648,1
1663,1
1664,1
1665,1
1666,1
1667,1
1668,1
1669,1
1670,1
1671,1
1672,1
1673,1
1674,1
1675,1
1676,1
1677,1
1678,1
1679,1
1680,1
1681,1
1682,1
1689,1
1690,1
1691,1
1692,1
1693,1
1694,1
1695,1
1696,1
1697,1
1698,1
1699,1
1700,1
1701,1
1702,1
1703,1
1704,1
1705,1
1706,1
1707,1
1708,1
1709,1
1710,2
1711,2
1712,2
1713,2
1714,2
1716,1
1717,1
1718,1
1719,1
1720,1
1721,1
1722,1
1723,1
1724,1
1725,1
1726,1
1727,1
1728,1
1734,1
1735,1
1736,1
1737,1
1738,1
1739,1
1740,1
1759,1
1760,1
1761,1
1762,1
1763,1
1764,1
1765,1
1767,1
1768,1
1769,1
1790,1
1791,1
1792,1
1793,1
1794,1
1795,1
1796,1
1797,1
1814,1
1815,1
1816,1
1849,1
1850,1
1852,1
1853,1
1854,1
1855,1
1856,1
1857,1
1858,1
1859,1
1860,1
1861,1
1862,1
1863,1
1864,1
1865,1
1866,1
1872,1
1873,1
1874,1
1875,2
1876,2
1877,2
1878,2
1879,2
1881,1
1882,1
1883,1
1884,1
1885,1
1886,1
1887,1
1888,1
1889,1
1890,1
1891,1
1892,1
1893,1
1894,1
1910,1
1911,1
1912,1
1913,1
1914,1
1915,1
1916,1
1917,1
1918,1
1919,1
1920,1
1921,1
1935,1
1936,1
1938,1
1939,1
1940,1
1941,1
1942,1
1957,1
1958,1
1959,1
1965,1
1966,1
1967,1
1968,1
1969,1
1970,1
1971,1
1972,1
1973,1
1974,1
1975,1
1976,1
1977,1
1978,1
1979,1
2005,1
2006,1
2007,1
2008,1
2009,1
2010,1
2011,1
2012,1
2013,1
2014,1
2015,1
2016,1
2017,1
2018,1
2019,1
2020,1
2021,1
2022,1
2023,1
2024,1
2025,1
2026,1
2028,1
2029,1
2030,1
2031,1
2032,1
2033,1
2034,1
2035,1
2036,1
2037,1
2038,1
2039,1
2040,1
2041,1
2042,1
2043,1
2044,1
2045,1
2046,1
2052,1
2053,1
2054,1
2055,1
2056,1
2058,1
2059,1
2060,1
2227,1
2228,1
2229,1
2230,1
2231,1
2232,1
2233,1
2234,1
2235,1
2236,1
2237,1
2238,1
2239,1
2240,1
2241,1
2242,1
2243,1
2244,1
2245,1
2246,1
2247,1
2248,1
2254,1
2255,1
2256,1
2257,1
2258,1
2259,1
2260,1
2272,1
2273,1
2274,1
2275,1
2276,1
2277,1
2278,1
2279,1
2311,1
2312,1
2313,1
10969,1
10970,1
10971,1
10972,1
10973,1
10974,1
10975,1
10976,1
10977,1
10978,1
10979,1
10980,1
10981,1
10982,1
10983,1
10984,1
10985,1
10986,1
10987,1
10988,1
10989,1
10990,1
10991,1
10992,1
10993,1
10994,1
10995,1
10996,1
10997,1
10998,1
10999,1
11000,1
11001,1
11002,1
11003,1
11004,1
11005,1
11006,1
11007,1
11013,7
11014,7
11015,7
11016,7
11017,7
11018,7
11019,7
11020,7
11021,7
11022,7
11023,7
11024,7
11025,7
11027,5
11028,5
11029,5
11030,5
11031,5
11032,5
11033,5
11034,5
11035,5
11036,5
11037,5
11038,5
11039,7
11040,7
11041,7
11042,7
11043,7
11075,7
11076,7
11077,7
11078,7
11079,7
11080,7
11081,7
11082,7
11083,7
11084,7
11085,7
11086,7
11087,7
11093,2
11094,2
11095,2
11096,2
11097,2
11098,2
11099,2
11100,2
11101,2
11102,2
11103,2
11104,2
11105,2
11106,2
11107,2
11108,2
11109,2
11110,2
11137,6
11138,6
11139,6
11140,6
11141,6
11142,6
11143,6
11144,6
11145,6
11146,6
11147,6
11148,6
11149,6
11150,6
11151,6
11152,6
11153,6
11154,6
11155,6
11156,6
11157,6
11158,6
11159,6
11160,6
11161,6
11275,1
11276,1
11277,1
11278,1
11279,1
11280,1
11281,1
11282,1
11283,1
11284,1
11285,1
11286,1
11287,1
11288,1
11289,1
11290,1
11291,1
11292,1
11293,1
11294,1
11295,1
11296,1
11297,1
11298,1
11300,1
11301,1
11302,1
11303,1
11304,1
11305,1
11306,1
11352,2
11353,2
11354,2
11355,2
11356,2
11357,2
11358,2
11359,2
11360,2
11361,2
11362,2
11363,2
11364,2
11365,2
11366,2
11367,2
11368,2
11370,2
11371,2
11372,2
11373,2
11374,2
11375,2
11376,2
11377,2
11378,2
11393,1
11394,1
11395,1
11396,1
11397,1
11398,1
11399,1
11400,1
11401,1
11402,1
11403,1
11404,1
11405,1
11411,1
11412,1
11413,1
11414,1
11415,1
11416,1
11417,1
11418,1
11419,1
11420,1
11421,1
11422,1
11423,1
11443,1
11444,1
11445,1
11446,1
11447,1
11448,1
11449,1
11450,1
11451,1
11480,2
11481,2
11482,2
11483,2
11484,2
11485,2
11486,2
11487,2
11488,2
11489,2
11490,2
11491,2
11492,2
11493,2
11494,2
11495,2
11496,2
11498,1
11499,1
11500,1
11501,1
11502,1
11503,1
11505,1
11507,1
11508,2
11509,2
11538,1
11539,1
11540,1
11541,1
11542,1
11543,1
11544,1
11545,1
11546,1
11547,1
11548,1
11549,1
11550,1
11614,1
11615,1
11616,1
11617,1
11618,1
11619,1
11620,1
11621,1
11622,1
11623,1
11624,1
11625,1
11626,1
11627,1
11628,1
11629,1
11630,1
11631,1
11632,1
11633,1
11634,1
11635,1
11636,1
11637,1
11638,1
11662,1
11663,1
11664,1
11665,1
11666,1
11667,1
11668,1
11669,1
11670,1
11671,1
11672,1
11673,1
11674,1
12043,1
12044,1
12045,1
12046,1
12047,1
12052,1
12053,1
12054,1
12055,1
12056,1
12057,1
12058,1
12059,1
12060,1
12061,1
12064,1
12065,1
12066,1
12067,1
12068,1
12069,1
12070,1
12101,1
12102,1
12103,1
12104,1
12105,1
12106,1
12107,1
12108,1
12109,1
12110,1
12111,1
12112,1
12155,1
12156,1
12157,1
12158,1
12159,1
12160,1
12161,1
12162,1
12163,1
12164,1
12165,1
12166,1
12167,1
12168,1
12169,1
12170,1
12171,2
12172,2
12173,2
12174,2
12176,1
12177,1
12178,1
12179,1
12180,1
12181,1
12182,1
12183,1
12184,1
12185,1
12186,1
12188,1
12189,1
12190,1
12191,1
12192,1
12193,1
12194,1
12195,1
12196,1
12197,1
12198,1
12200,1
12201,1
12202,1
12203,1
12204,1
12207,1
12208,1
12209,1
12210,1
12211,1
12212,1
12213,1
12214,1
12327,1
12328,1
12329,1
12330,1
12331,1
12332,1
12333,1
12334,1
12335,1
12336,1
12337,1
12343,1
12344,1
12345,1
12346,1
12347,1
12348,1
12349,1
12350,1
12351,1
12352,1
12353,1
12354,1
12373,2
12374,2
12375,2
12376,2
12377,2
12378,2
12379,2
12380,2
12381,2
12382,2
12383,2
12384,2
12385,2
12386,2
12387,2
12388,2
12389,2
12390,2
12391,2
12392,2
12394,2
12395,2
12396,2
12397,2
12398,2
12399,2
12400,2
12401,2
12402,2
12403,2
12404,2
12405,2
12406,2
12408,2
12409,2
12410,2
12411,2
12412,2
12413,2
12414,2
12416,2
12417,2
12418,2
12419,2
25212,1
25213,1
25214,1
25215,1
25216,1
25217,1
25218,1
25219,1
25220,1
25221,1
25222,1
25223,1
25224,1
25225,1
25226,1
25361,1
25362,1
25363,1
25364,1
25365,1
25366,1
25367,1
25368,1
25369,1
25370,1
25371,1
25372,1
25373,1
25374,1
25375,1
25376,1
25377,1
25378,1
25379,1
25380,1
25381,1
25382,1
25383,2
25384,2
25385,2
25386,2
25387,2
25389,1
25390,1
25391,1
25392,1
25393,1
25394,1
25395,1
25396,1
25397,1
25398,1
25399,1
25400,1
25401,1
25403,1
25404,1
25405,1
25406,1
25407,1
25418,1
25419,1
25420,1
25421,1
25422,1
25423,1
25424,1
25426,1
25427,1
25428,1
25429,1
25430,1
25431,1
25432,1
25433,1
25434,1
25435,1
25439,1
25440,1
25441,1
25442,1
25443,1
25444,1
25445,1
25446,1
25447,1
25448,1
25449,1
25450,1
25451,1
25452,1
25453,1
25454,1
25455,1
25456,1
25457,1
25458,1
25459,1
25460,1
25471,1
25472,1
25473,1
25474,1
25475,1
25488,1
25489,1
25490,1
25491,1
25492,1
25493,1
25494,1
25495,1
25496,1
25497,1
25498,1
25499,1
25500,1
25501,1
25502,1
25503,1
25504,1
25505,1
25506,1
25507,1
25508,1
25509,1
25510,1
25511,1
25512,1
25513,1
25514,1
25515,1
25516,1
25517,1
25518,1
25519,1
25520,1
25521,1
25522,1
25523,1
25524,1
25525,1
25526,1
25528,1
25529,1
25530,1
25531,1
25532,1
25533,1
25534,1
25535,1
25536,1
25537,1
25538,1
25539,1
25540,1
25541,1
25661,1
25662,1
25663,1
25664,1
25665,1
25666,1
25667,1
25668,1
25670,1
25671,1
25672,1
25673,1
25674,1
25675,1
25676,1
25677,1
25678,1
25684,1
25685,1
25686,1
25687,1
25688,1
25689,1
25708,1
25709,1
25710,1
25716,1
25717,1
25718,1
25719,1
25720,1
25721,1
25722,1
25723,1
25724,1
25725,1
25726,1
25727,1
25728,1
25729,1
26615,1
26616,1
26617,1
26618,1
26619,1
26620,1
26621,1
26622,1
26623,1
26624,1
26625,1
26626,1
26627,1
26628,1
26629,1
26630,1
26631,1
26632,1
26633,1
26634,1
26635,1
26636,1
26637,1
26638,1
26639,1
26640,1
26641,1
26642,1
26643,1
26644,1
26645,1
26646,1
26647,1
26648,1
26649,1
26650,1
26651,1
26652,1
26653,1
26654,1
26655,1
26656,1
26657,1
26658,1
26659,1
26660,1
26661,1
26662,1
26663,1
26664,1
26665,1
26666,1
26667,1
26668,1
26669,1
26670,1
26671,1
26672,1
26673,1
26674,1
26675,1
26676,1
26677,1
26678,1
26679,1
26680,1
26681,1
26682,1
26683,1
26684,1
26685,1
26686,1
26687,1
26688,1
26689,1
26690,1
26691,1
26692,1
26693,1
26694,1
26695,1
26696,1
26697,1
26698,1
26699,1
26700,1
26701,1
26702,1
26703,1
26704,1
26705,1
26706,1
26707,1
26708,1
26709,1
26710,1
26711,1
26712,1
26713,1
26714,1
26715,1
26716,1
26717,1
26718,1
26719,1
26720,1
26721,1
26722,1
26723,1
26724,1
26725,1
26726,1
26727,1
26728,1
26729,1
26730,1
26731,1
26732,1
26733,1
26734,1
26735,1
26736,1
26737,1
26738,1
26739,1
26740,1
26741,1
26742,1
26743,1
26744,1
26745,1
26746,1
26747,1
26748,1
26749,1
26750,1
26751,1
26752,1
26753,1
26754,1
26755,1
26756,1
26757,1
26758,1
26759,1
26760,1
26761,1
26762,1
26763,1
26764,1
26765,1
26766,1
26767,1
26768,1
26769,1
26770,1
26771,1
26772,1
26773,1
30790,1
30791,1
30792,1
30793,1
30794,1
30795,1
30796,1
30797,1
30798,1
30799,1
30800,1
30801,1
30802,1
30803,1
30804,1
30805,1
30806,1
30812,7
30813,7
30814,7
30815,7
30816,7
30817,7
30818,7
30819,7
30820,7
30821,7
30822,7
30823,7
30824,7
30825,7
30826,7
30827,7
30828,7
30829,7
30830,7
30831,7
30832,7
30833,7
30834,7
30835,7
30836,7
30837,7
30838,7
30839,7
30840,7
30841,7
30842,7
30843,7
30844,7
30845,7
30846,7
30847,7
30848,7
30849,7
30850,7
30851,7
30852,7
30853,7
30854,7
30860,7
30861,7
30862,7
30863,7
30864,7
30865,7
30866,7
30867,7
30873,1
30874,1
30875,1
30876,1
30877,1
30885,1
30886,1
30887,1
30889,1
30890,1
30891,1
30892,1
30893,1
30894,1
30896,1
30899,1
30900,1
30906,1
30907,1
30908,1
30909,1
30910,1
30911,1
30922,1
30923,1
30924,1
30925,1
30926,1
30927,1
30928,1
30929,1
30930,1
30931,1
30932,1
30954,1
30955,1
30956,1
30957,1
30958,1
30959,1
30970,1
30971,1
30972,1
30973,1
30974,1
30975,1
30976,1
30977,1
30978,1
30984,7
30985,7
30986,7
30987,7
30988,7
30989,7
30990,7
30991,7
30992,7
30993,7
30999,1
31000,1
31001,1
31002,1
31003,1
31004,1
31005,1
31006,1
31007,1
31008,1
31009,1
31010,1
31011,1
31012,1
31013,1
31014,1
31015,1
31016,1
31017,1
31018,1
31019,1
31020,1
31021,1
31055,2
31056,2
31057,2
31058,2
31059,2
31061,2
31062,2
31063,2
31155,8
31156,8
31157,8
31158,8
31159,8
31161,2
31162,2
31164,6
31165,6
31166,6
31167,8
31168,8
31174,8
31175,8
31176,8
31177,8
31178,8
31179,8
31185,2
31186,2
31187,2
31188,2
31189,2
31190,2
31271,1
31272,1
31273,1
31274,1
31275,1
31278,1
31279,1
31280,1
31281,1
31282,1
31283,1
31284,1
31285,1
31286,1
31303,1
31304,1
31305,1
31306,1
31307,1
31308,1
31314,2
31315,2
31316,2
31317,2
31318,2
31323,2
31326,2
31327,2
31396,7
31397,7
31398,7
31399,7
31400,7
31403,2
31404,7
31405,7
31411,1
31412,1
31413,1
31414,1
31415,1
31416,1
31417,1
31418,1
31435,1
31436,1
31437,1
31438,1
31439,1
31442,1
31443,1
31444,1
31450,8
31451,8
31452,8
31453,8
31454,8
31455,8
31461,1
31462,1
31463,1
31464,1
31465,1
31466,1
31525,1
31526,1
31527,1
31528,1
31529,1
31530,1
31531,1
31532,1
31533,1
31570,1
31571,1
31572,1
31573,1
31574,1
31575,1
31576,1
31577,1
31578,1
31579,1
31585,1
31586,1
31587,1
31588,1
31589,1
31590,1
31591,1
31592,1
31593,1
31594,1
31615,1
31616,1
31617,1
31618,1
31619,1
31620,1
31621,1
31622,1
31623,1
31624,1
31630,1
31631,1
31632,1
31633,1
31634,1
31635,1
31636,1
31637,1
31638,1
31639,1
31645,1
31646,1
31647,1
31648,1
31649,1
31650,1
31651,1
31652,1
31653,1
31654,1
31660,1
31661,1
31662,1
31663,1
31664,1
31665,1
31666,1
31667,1
31668,1
31669,1
31691,1
31692,1
31693,1
31694,1
31695,1
31696,1
31697,1
31698,1
31699,1
31700,1
38130,1
38131,1
38132,1
38133,1
38134,1
38135,1
38136,1
38137,1
38138,1
38139,1
38140,1
38142,1
38143,1
38144,1
38145,1
38146,1
38173,1
38174,1
38175,1
38176,1
38182,7
38183,7
38184,7
38185,7
38186,7
38191,7
38192,7
38193,7
38194,7
38195,7
38196,7
38197,7
38199,3
38200,3
38201,3
38202,3
38203,3
38204,3
38205,3
38206,4
38207,4
38208,4
38209,4
38210,4
38211,4
38212,4
38221,4
38222,4
38223,4
38224,4
38253,6
38254,6
38255,6
38256,6
38257,6
38258,6
38259,6
38260,6
38261,6
38267,6
38268,6
38269,6
38270,6
38271,6
38272,6
38273,6
38274,6
38280,6
38283,6
38284,6
38290,7
38291,7
38292,7
38293,7
38294,7
38296,1
38297,1
38298,1
38299,6
38300,6
38301,6
38302,6
38303,6
38305,6
38306,6
38307,6
38308,6
38309,6
38310,6
38311,6
38312,6
38313,6
38314,6
38315,6
38316,6
38317,6
38345,6
38346,6
38414,6
38415,6
38416,6
38417,6
38423,1
38424,1
38425,1
38426,1
38441,1
38442,1
38443,1
38444,1
38445,1
38446,1
38468,1
38469,1
38470,1
38471,1
38472,1
38473,1
38474,1
38475,1
38476,1
38477,1
38478,1
38479,1
38480,1
38481,1
38482,1
38483,1
38484,1
38485,1
38486,1
38487,1
38488,1
38489,1
38490,1
38491,1
38492,1
38493,1
38494,1
38495,1
38496,1
38497,1
38498,1
38499,1
38500,1
38501,1
38502,1
38503,1
38504,1
38505,1
38506,1
38507,1
38508,1
38509,1
38510,1
38511,1
38512,1
38513,1
38514,1
38515,1
38516,1
38517,1
38518,1
38519,1
38520,1
38521,1
38522,1
38523,1
38524,1
38525,1
38526,1
38527,1
38528,1
38529,1
38530,1
38531,1
38532,1
38533,1
38534,1
38535,1
38536,1
38537,1
38538,1
38550,1
38551,1
38552,1
38553,1
38559,1
38560,1
38561,1
38562,1
38563,1
38564,1
38565,1
38566,1
38692,1
38693,1
38694,1
38695,1
38696,1
38697,1
38698,1
38699,1
38700,1
38701,1
38702,1
38703,1
38704,1
38705,1
38706,1
38707,1
38708,1
38709,1
38710,1
38711,1
38712,1
38713,1
38714,1
38715,1
38716,1
38717,1
38718,1
38719,1
38720,1
38725,1
38726,1
38727,1
38728,1
38729,1
38730,1
38731,1
38732,1
38733,1
38734,1
38740,1
38741,1
38742,1
38743,1
38744,1
38745,1
38746,1
38747,1
38748,1
38749,1
38755,1
38756,1
38757,1
38758,1
38759,1
38760,1
38761,1
38762,1
38763,1
38764,1
