1493,2
1494,2
1495,2
1496,2
1497,2
1498,2
1499,2
1511,2
1512,2
1513,2
1520,20
1521,20
1522,20
1523,20
1524,20
1525,20
1531,2
1532,2
1533,2
1534,2
1535,2
1536,2
1542,2
1543,2
1544,2
1545,2
1546,2
1547,2
1548,2
1549,2
1550,2
1551,2
1552,2
1553,2
1554,2
1555,2
1603,2
1604,2
1605,2
1606,2
1607,2
1608,2
1609,2
1610,2
1611,2
1612,2
1613,2
1614,2
1615,2
1617,4
1618,4
1619,4
1620,4
1621,4
1622,4
1623,4
1624,4
1625,4
1626,4
1627,6
1628,6
1629,6
1630,6
1631,6
1633,2
1634,2
1635,2
1636,2
1637,2
1638,2
1639,2
1640,2
1653,2
1654,2
1655,2
1656,2
1657,2
1659,2
1660,2
1661,2
1662,2
1663,2
1664,2
1665,2
1666,2
1667,2
1668,2
1669,2
1670,2
1671,2
1672,2
1673,2
1674,2
1675,2
1676,2
1677,2
1678,2
1685,2
1686,2
1687,2
1688,2
1689,2
1690,2
1691,2
1692,2
1693,2
1694,2
1695,2
1696,2
1697,2
1698,2
1699,2
1700,2
1701,2
1702,2
1703,2
1704,2
1705,2
1706,2
1707,2
1709,4
1710,4
1711,4
1712,4
1713,4
1714,4
1715,4
1716,4
1717,4
1718,4
1719,4
1720,4
1721,4
1729,4
1730,4
1731,4
1732,4
1733,4
1734,4
1735,4
1758,4
1759,4
1760,4
1761,4
1762,4
1763,4
1764,4
1766,4
1767,4
1768,4
1791,4
1792,4
1793,4
1794,4
1795,4
1796,4
1797,4
1798,4
1799,4
1800,4
1817,4
1818,4
1819,4
1852,6
1853,6
1854,6
1855,6
1856,6
1858,2
1859,2
1860,2
1861,2
1862,2
1863,2
1864,2
1865,2
1866,2
1867,2
1868,2
1869,2
1870,2
1871,2
1872,2
1878,4
1879,4
1880,4
1881,4
1882,4
1884,6
1885,6
1886,6
1887,6
1888,6
1889,6
1890,6
1891,6
1892,6
1893,6
1894,6
1895,6
1896,6
1897,6
1899,3
1900,3
1901,3
1902,3
1903,3
1905,2
1906,2
1907,2
1908,2
1909,2
1910,2
1911,2
1913,4
1914,4
1915,4
1916,4
1917,4
1918,4
1919,4
1920,4
1921,4
1922,4
1923,4
1924,4
1937,8
1938,8
1939,8
1940,8
1941,8
1943,4
1944,4
1945,4
1946,4
1947,4
1962,4
1963,4
1964,4
1970,4
1971,4
1972,4
1973,4
1974,4
1975,4
1976,4
1977,4
1978,4
1979,4
1980,4
1981,4
1982,4
1983,4
1984,4
2008,4
2009,4
2010,4
2011,4
2012,4
2013,4
2014,4
2015,4
2016,4
2017,4
2018,4
2019,4
2020,4
2021,4
2022,4
2023,4
2024,4
2025,4
2026,4
2027,4
2028,4
2029,4
2031,4
2032,4
2033,4
2034,4
2035,4
2036,4
2037,4
2038,4
2039,4
2040,4
2041,4
2042,4
2043,4
2044,4
2045,4
2046,4
2047,4
2048,4
2049,4
2055,2
2056,2
2057,2
2058,2
2059,2
2061,2
2062,2
2063,2
2228,2
2229,2
2230,2
2231,2
2232,2
2233,2
2234,2
2235,2
2236,2
2237,2
2238,2
2239,2
2240,2
2241,2
2242,2
2243,2
2244,2
2245,2
2246,2
2247,2
2248,2
2249,2
2255,4
2256,4
2257,4
2258,4
2259,4
2260,4
2261,4
2273,4
2274,4
2275,4
2276,4
2277,4
2278,4
2279,4
2280,4
2312,4
2313,4
2314,4
11313,8
11314,8
11315,8
11316,8
11317,8
11318,8
11319,8
11320,8
11321,8
11322,8
11323,8
11324,8
11325,8
11326,8
11327,8
11328,8
11329,8
11331,8
11332,8
11333,8
11334,8
11335,8
11336,8
11337,8
11338,8
11339,8
11354,4
11355,4
11356,4
11357,4
11358,4
11359,4
11360,4
11361,4
11362,4
11363,4
11364,4
11365,4
11366,4
11372,2
11373,2
11374,2
11375,2
11376,2
11377,2
11378,2
11379,2
11380,2
11381,2
11382,2
11383,2
11384,2
11404,2
11405,2
11406,2
11407,2
11408,2
11409,2
11410,2
11411,2
11412,2
11441,14
11442,14
11443,14
11444,14
11445,14
11446,14
11447,14
11448,14
11449,14
11450,14
11451,14
11452,14
11453,14
11454,14
11455,14
11456,14
11457,14
11459,3
11460,3
11461,3
11462,3
11463,3
11464,3
11466,3
11467,11
11468,11
11497,2
11498,2
11499,2
11500,2
11501,2
11502,2
11503,2
11504,2
11505,2
11506,2
11507,2
11508,2
11509,2
11573,2
11574,2
11575,2
11576,2
11577,2
11578,2
11579,2
11580,2
11581,2
11582,2
11583,2
11584,2
11585,2
11586,2
11587,2
11588,2
11589,2
11590,2
11591,2
11592,2
11593,2
11594,2
11595,2
11596,2
11597,2
11621,4
11622,4
11623,4
11624,4
11625,4
11626,4
11627,4
11628,4
11629,4
11630,4
11631,4
11632,4
11633,4
12002,2
12003,2
12004,2
12005,2
12006,2
12011,2
12012,2
12013,2
12014,2
12015,2
12016,2
12017,2
12018,2
12019,2
12020,2
12023,2
12024,2
12025,2
12026,2
12027,2
12028,2
12029,2
12060,2
12061,2
12062,2
12063,2
12064,2
12065,2
12066,2
12067,2
12068,2
12069,2
12070,2
12071,2
12114,2
12115,2
12116,2
12117,2
12118,2
12119,2
12120,2
12121,2
12122,2
12123,2
12124,2
12125,2
12126,2
12127,2
12128,2
12129,2
12131,4
12132,4
12133,4
12134,4
12135,4
12136,4
12137,4
12138,4
12139,4
12140,4
12141,4
12142,4
12144,2
12145,2
12146,2
12147,2
12148,2
12149,2
12150,2
12151,2
12152,2
12153,6
12154,6
12155,6
12156,6
12157,6
12159,2
12160,2
12161,2
12162,2
12163,2
12166,2
12167,2
12168,2
12169,2
12170,2
12171,2
12172,2
12173,2
12332,2
12333,2
12334,2
12335,2
12336,2
12337,2
12338,2
12339,2
12340,2
12341,2
12342,2
12343,2
12344,2
12345,2
12346,2
12347,2
12349,3
12350,3
12351,3
12352,3
12353,3
12354,3
12355,3
12356,3
12357,3
12358,3
12359,3
12360,3
12361,3
12362,3
12364,1
12365,1
12366,1
12367,1
12368,1
12369,1
12370,1
12372,2
12373,2
12374,2
12375,2
12376,3
12377,3
12378,3
12379,3
12380,3
17136,1
17137,1
17138,1
17139,1
17140,1
17141,1
17142,1
17143,1
17144,1
17145,1
17146,1
17147,1
17148,1
17149,1
17150,1
17151,1
17152,1
17153,1
17154,1
17155,1
17156,1
17157,1
17158,1
17159,1
17160,1
17161,1
17162,1
17163,1
17164,1
17165,1
17166,1
17167,1
17168,1
17169,1
17170,1
17171,1
17172,1
17173,1
17174,1
17175,1
17176,1
17177,1
17178,1
17179,1
17180,1
17181,1
17182,1
17183,1
17184,1
17185,1
17186,1
17187,1
17188,1
17189,1
17190,1
17191,1
17192,1
17193,1
17194,1
17195,1
17196,1
17197,1
17198,1
17199,1
17200,1
17201,1
17202,1
17203,1
17204,1
17205,1
17206,1
17207,1
17208,1
17209,1
17210,1
17211,1
17212,1
17213,1
17214,1
17215,1
17216,1
17217,1
17218,1
17219,1
17220,1
17221,1
17222,1
17223,1
17224,1
17225,1
17226,1
17227,1
17228,1
17229,1
25734,2
25735,2
25736,2
25737,2
25738,2
25739,2
25740,2
25741,2
25742,2
25743,2
25744,2
25745,2
25746,2
25747,2
25748,2
25749,2
25750,2
25751,2
25752,2
25753,2
25754,2
25755,2
25756,2
25757,2
25759,8
25760,8
25761,8
25762,8
25763,8
25764,8
25765,8
25766,8
25767,8
25768,8
25769,8
25770,8
25771,8
25773,8
25774,8
25775,8
25776,8
25777,8
25790,8
25791,8
25792,8
25793,8
25794,8
25795,8
25796,8
25914,8
25915,8
25916,8
25917,8
25918,8
25919,8
25920,8
25922,4
25923,4
25924,4
25925,4
25926,4
25934,4
25935,4
25936,4
25937,4
25938,4
25939,4
25940,4
25941,4
25942,4
25943,4
26025,4
26026,4
26027,4
26028,4
26029,4
26030,4
26031,4
26032,4
26033,8
26034,8
26035,8
26036,8
26037,8
26038,8
26039,10
26040,10
26041,10
26042,10
26043,10
26045,2
26046,2
26047,2
26048,2
26049,2
26050,2
26051,2
26052,2
26053,2
26059,8
26060,8
26061,8
26062,8
26063,8
26064,8
26085,8
26086,8
26087,8
26093,2
26094,2
26095,2
26096,2
26097,2
26098,2
26099,2
26100,2
26101,2
26102,2
26103,2
26104,2
26105,2
26106,2
26112,4
26113,4
26114,4
26115,4
26116,4
26117,4
26139,4
26140,4
26141,4
26142,4
26143,4
26144,4
26145,4
26146,4
26147,4
26148,4
26149,4
26155,4
26156,4
26157,4
26158,4
26159,4
26160,4
26173,4
26174,4
26175,4
26176,4
26177,4
26178,4
26179,4
26180,4
26182,4
26183,4
26184,4
26185,4
26186,4
26187,4
26188,4
26189,4
26190,4
26191,4
26192,4
26193,4
26194,4
26195,4
26196,4
26197,4
26198,4
26199,4
26200,4
26201,4
26202,4
31384,4
31385,4
31386,4
31387,4
31388,4
31396,4
31397,4
31398,4
31400,4
31401,4
31402,4
31403,4
31404,4
31405,4
31407,4
31408,4
31416,4
31417,4
31418,4
31419,4
31420,4
31421,4
31432,4
31433,4
31434,4
31435,4
31436,4
31437,4
31438,4
31439,4
31440,4
31441,4
31442,4
31468,4
31469,4
31470,4
31471,4
31472,4
31473,4
31484,4
31485,4
31486,4
31487,4
31488,4
31489,4
31490,4
31491,4
31492,4
31498,4
31499,4
31500,4
31501,4
31502,4
31503,4
31504,4
31505,4
31506,4
31507,4
31513,4
31514,4
31515,4
31516,4
31517,4
31518,4
31519,4
31520,4
31521,4
31522,4
31523,4
31524,4
31525,4
31526,4
31527,4
31528,4
31529,4
31530,4
31531,4
31532,4
31533,4
31534,4
31535,4
31567,4
31568,4
31569,4
31570,4
31571,4
31573,2
31574,2
31575,2
31576,2
31577,2
31578,2
31579,2
31580,2
31585,2
31586,2
31587,2
31588,2
31589,2
31590,2
31591,2
31592,2
31593,2
31594,2
31595,2
31596,2
31597,2
31598,2
31599,2
31612,2
31613,2
31666,4
31667,4
31668,4
31669,4
31670,4
31675,4
31676,4
31677,4
31678,4
31679,4
31685,1
31686,1
31687,1
31688,1
31689,1
31690,1
31696,3
31697,3
31698,3
31699,3
31700,3
31701,3
31782,4
31783,4
31784,4
31785,4
31786,4
31789,4
31790,4
31791,4
31792,4
31793,4
31794,4
31795,4
31796,4
31797,4
31814,2
31815,2
31816,2
31817,2
31818,2
31819,2
31825,8
31826,8
31827,8
31828,8
31829,8
31835,8
31836,8
31916,4
31917,4
31918,4
31919,4
31920,4
31921,4
31922,4
31923,4
31940,4
31941,4
31942,4
31943,4
31944,4
31947,4
31948,4
31954,4
31955,4
31956,4
31957,4
31958,4
31959,4
31965,4
31966,4
31967,4
31968,4
31969,4
31970,4
32031,4
32032,4
32033,4
32034,4
32035,4
32036,4
32037,4
32038,4
32039,4
38695,4
38696,4
38697,4
38698,4
38699,4
38700,4
38701,4
38702,4
38703,4
38704,4
38705,4
38707,2
38708,2
38709,2
38710,2
38711,2
38738,4
38739,4
38740,4
38741,4
38747,24
38748,24
38749,24
38750,24
38751,24
38756,24
38757,24
38758,24
38759,24
38760,24
38761,24
38762,24
38771,24
38772,24
38773,24
38774,24
38775,24
38776,24
38777,24
38779,18
38780,18
38781,18
38782,18
38783,18
38784,18
38785,18
38786,6
38787,6
38788,6
38789,6
