1481,1
1482,1
1483,1
1484,1
1485,1
1486,1
1487,1
1493,2
1494,2
1495,2
1496,2
1497,2
1498,2
1499,2
1511,2
1512,2
1513,2
1520,14
1521,14
1522,14
1523,14
1524,14
1525,14
1531,2
1532,2
1533,2
1534,2
1535,2
1536,2
1561,2
1562,2
1563,2
1564,2
1565,2
1566,2
1567,2
1568,2
1569,2
1570,2
1571,2
1572,2
1573,2
1574,2
1575,2
1576,2
1603,2
1604,2
1605,2
1606,2
1607,2
1608,2
1609,2
1610,2
1611,2
1612,2
1613,2
1614,2
1615,2
1617,4
1618,4
1619,4
1620,4
1621,4
1622,4
1623,4
1624,4
1625,4
1626,4
1627,6
1628,6
1629,6
1630,6
1631,6
1633,2
1634,2
1635,2
1636,2
1637,2
1638,2
1639,2
1640,2
1642,1
1643,1
1644,1
1645,1
1646,1
1647,1
1648,1
1649,1
1650,1
1651,1
1652,1
1653,3
1654,3
1655,3
1656,3
1657,3
1659,2
1660,2
1661,2
1662,2
1663,2
1664,2
1665,2
1666,2
1667,2
1668,2
1669,2
1670,2
1671,2
1672,2
1673,2
1674,2
1675,2
1676,2
1677,2
1678,2
1685,2
1686,2
1687,2
1688,2
1689,2
1690,2
1691,2
1692,2
1693,2
1694,2
1695,2
1696,2
1697,2
1698,2
1699,2
1700,2
1701,2
1702,2
1703,2
1704,2
1705,2
1706,2
1707,2
1709,4
1710,4
1711,4
1712,4
1713,4
1714,4
1715,4
1716,4
1717,4
1718,4
1719,4
1720,4
1721,4
1729,4
1730,4
1731,4
1732,4
1733,4
1734,4
1735,4
1758,4
1759,4
1760,4
1761,4
1762,4
1763,4
1764,4
1766,4
1767,4
1768,4
1770,2
1771,2
1772,2
1773,2
1774,2
1775,2
1777,1
1778,1
1779,1
1780,1
1781,1
1782,1
1783,1
1784,1
1785,1
1786,1
1787,1
1788,1
1789,1
1791,3
1792,3
1793,3
1794,3
1795,3
1796,3
1797,3
1798,3
1799,3
1800,3
1817,4
1818,4
1819,4
1821,1
1822,1
1824,1
1825,1
1826,1
1827,1
1828,1
1829,1
1830,1
1831,1
1832,1
1833,1
1834,1
1835,1
1836,1
1838,1
1839,1
1840,1
1841,1
1842,1
1843,1
1844,1
1845,1
1846,2
1847,2
1848,2
1849,2
1850,2
1852,6
1853,6
1854,6
1855,6
1856,6
1858,2
1859,2
1860,2
1861,2
1862,2
1863,2
1864,2
1865,2
1866,2
1867,2
1868,2
1869,2
1870,2
1871,2
1872,2
1970,3
1971,3
1972,3
1973,3
1974,3
1975,3
1976,3
1977,3
1978,3
1979,3
1980,3
1981,3
1982,3
1983,3
1984,3
2008,3
2009,3
2010,3
2011,3
2012,3
2013,3
2014,3
2015,3
2016,3
2017,3
2018,3
2019,3
2020,3
2021,3
2022,3
2023,3
2024,3
2025,3
2026,3
2027,3
2028,3
2029,3
2039,3
2040,3
2041,3
2042,3
2043,3
2044,3
2045,3
2046,3
2047,3
2048,3
2049,3
2055,2
2056,2
2057,2
2058,2
2059,2
2061,2
2062,2
2063,2
2228,2
2229,2
2230,2
2231,2
2232,2
2233,2
2234,2
2235,2
2236,2
2237,2
2238,2
2239,2
2240,2
2241,2
2242,2
2243,2
2244,2
2245,2
2246,2
2247,2
2248,2
2249,2
2255,3
2256,3
2257,3
2258,3
2259,3
2260,3
2261,3
2273,3
2274,3
2275,3
2276,3
2277,3
2278,3
2279,3
2280,3
2282,1
2283,1
2284,1
2285,1
2286,1
2287,1
2288,1
2289,1
2290,1
2291,1
2292,1
2293,1
2294,1
2295,1
2305,1
2306,1
2307,1
2308,1
2309,1
2310,1
2311,1
2312,3
2313,3
2314,3
2320,1
2321,1
2322,1
2323,1
2324,1
2325,1
2326,1
2332,2
2333,2
2334,2
2335,2
2336,2
2337,2
2338,2
2339,2
2340,2
2341,2
2342,2
2343,2
2344,2
2345,2
2346,2
2347,2
2348,2
2349,2
2351,4
2352,4
2353,4
2354,4
2355,4
2356,4
2357,4
2358,4
2359,4
2360,4
2361,4
2362,4
2363,4
2364,4
2365,4
2380,4
2381,4
2382,4
2383,4
2384,4
2385,4
2397,4
2398,4
2399,4
2400,4
2401,4
2402,4
2404,4
2405,4
2406,4
2407,4
2408,4
2409,4
2410,4
2411,4
2412,4
2413,4
2414,4
2415,4
2416,4
2417,4
2419,3
2420,3
2421,3
2422,3
2423,3
2424,3
2425,3
2426,3
2427,3
2429,1
2430,1
2431,1
2432,1
2433,1
2481,1
2482,1
2483,1
2484,1
2485,1
2486,1
2487,1
2488,1
2489,1
2490,1
2516,1
2517,1
2518,1
2519,1
2520,1
2521,1
2522,1
2523,1
2524,1
2525,1
2526,1
2527,1
2528,1
2537,4
2538,4
2539,4
2541,1
2542,1
2543,1
2545,1
2546,1
2547,1
2548,1
2549,1
2550,1
2551,1
2552,1
2553,1
2554,1
2555,1
2556,1
2557,1
2558,1
2559,2
2560,2
2561,2
2562,2
2563,2
2565,4
2566,4
2567,4
2568,6
2569,6
2570,6
2571,6
2572,6
2574,2
2575,2
2576,2
2577,2
2578,2
2579,2
2580,2
2581,2
10928,3
10929,3
10930,3
10931,3
10932,3
10933,3
10934,3
10935,3
10936,3
10937,3
10938,3
10939,3
10940,3
10941,3
10942,3
10943,3
10944,3
10945,3
10946,3
10947,3
10948,3
10949,3
10950,3
10951,3
10952,3
10953,3
10954,3
10955,3
10956,3
10957,3
10958,3
10959,3
10960,3
10961,3
10962,3
10963,3
10964,3
10965,3
10966,3
10967,3
10968,3
10974,6
10975,6
10976,6
10977,6
10978,6
10979,6
10980,6
10981,6
10982,6
10983,6
10984,6
10985,6
10986,6
11000,6
11001,6
11002,6
11003,6
11004,6
11036,6
11037,6
11038,6
11039,6
11040,6
11041,6
11042,6
11043,6
11044,6
11045,6
11046,6
11047,6
11048,6
11054,4
11055,4
11056,4
11057,4
11058,4
11059,4
11060,4
11061,4
11062,4
11063,4
11064,4
11065,4
11066,4
11067,4
11068,4
11069,4
11070,4
11071,4
11098,4
11099,4
11100,4
11101,4
11102,4
11103,4
11104,4
11105,4
11106,4
11107,4
11108,4
11109,4
11110,4
11111,4
11112,4
11113,4
11114,4
11115,4
11116,4
11117,4
11118,4
11119,4
11120,4
11121,4
11122,4
11128,1
11129,1
11130,1
11131,1
11132,1
11133,1
11134,1
11144,1
11145,1
11146,1
11147,1
11148,1
11149,1
11150,1
11151,1
11153,2
11154,2
11155,2
11156,2
11157,2
11158,2
11159,2
11160,2
11161,2
11162,2
11163,2
11164,2
11165,2
11166,2
11167,2
11168,2
11169,2
11170,2
11171,2
11172,2
11173,2
11174,2
11175,2
11176,2
11177,2
11178,2
11179,2
11180,2
11181,2
11182,3
11183,3
11184,3
11185,3
11186,3
11188,1
11189,1
11190,1
11313,3
11314,3
11315,3
11316,3
11317,3
11318,3
11319,3
11320,3
11321,3
11322,3
11323,3
11324,3
11325,3
11326,3
11327,3
11328,3
11329,3
11331,3
11332,3
11333,3
11334,3
11335,3
11336,3
11337,3
11338,3
11339,3
11354,4
11355,4
11356,4
11357,4
11358,4
11359,4
11360,4
11361,4
11362,4
11363,4
11364,4
11365,4
11366,4
11372,2
11373,2
11374,2
11375,2
11376,2
11377,2
11378,2
11379,2
11380,2
11381,2
11382,2
11383,2
11384,2
11404,2
11405,2
11406,2
11407,2
11408,2
11409,2
11410,2
11411,2
11412,2
11441,10
11442,10
11443,10
11444,10
11445,10
11446,10
11447,10
11448,10
11449,10
11450,10
11451,10
11452,10
11453,10
11454,10
11455,10
11456,10
11457,10
11459,3
11460,3
11461,3
11462,3
11463,3
11464,3
11466,3
11467,7
11468,7
11497,2
11498,2
11499,2
11500,2
11501,2
11502,2
11503,2
11504,2
11505,2
11506,2
11507,2
11508,2
11509,2
11573,2
11574,2
11575,2
11576,2
11577,2
11578,2
11579,2
11580,2
11581,2
11582,2
11583,2
11584,2
11585,2
11586,2
11587,2
11588,2
11589,2
11590,2
11591,2
11592,2
11593,2
11594,2
11595,2
11596,2
11597,2
11603,2
11604,2
11605,2
11606,2
11607,2
11608,2
11609,2
11610,2
11611,2
11612,2
11613,2
11614,2
11615,2
11621,3
11622,3
11623,3
11624,3
11625,3
11626,3
11627,3
11628,3
11629,3
11630,3
11631,3
11632,3
11633,3
11650,1
11651,1
11652,1
11653,1
11654,1
11655,1
11656,1
11657,1
11658,1
11659,1
11660,1
11661,1
11662,1
11663,1
11664,1
11665,1
11666,1
11667,1
11668,1
11669,1
11670,1
11671,1
12286,3
12287,3
12288,3
12289,3
12290,3
12291,3
12292,3
12293,3
12294,3
12295,3
12296,3
12302,3
12303,3
12304,3
12305,3
12306,3
12307,3
12308,3
12309,3
12310,3
12311,3
12312,3
12313,3
12332,3
12333,3
12334,3
12335,3
12336,3
12337,3
12338,3
12339,3
12340,3
12341,3
12342,3
12343,3
12344,3
12345,3
12346,3
12347,3
12349,4
12350,4
12351,4
12352,4
12353,4
12354,4
12355,4
12356,4
12357,4
12358,4
12359,4
12360,4
12361,4
12362,4
12364,1
12365,1
12366,1
12367,1
12368,1
12369,1
12370,1
12372,3
12373,3
12374,3
12375,3
12376,4
12377,4
12378,4
12379,4
12380,4
24477,1
24478,1
24479,1
24480,1
24481,1
24482,1
24483,1
24484,1
24485,1
24486,1
24487,1
24488,1
24489,1
24490,1
24491,1
24492,1
24493,1
24494,1
24495,1
24496,1
24497,1
24498,1
24499,1
24500,1
24501,1
24502,1
24503,1
24504,1
24505,1
24506,1
24507,1
24508,1
24509,1
24510,1
24511,1
24512,1
24513,1
24514,1
24515,1
24516,1
24517,1
24518,1
24519,1
24520,1
24521,1
24522,1
24523,1
24524,1
24525,1
24526,1
24527,1
24528,1
24529,1
24530,1
24531,1
24532,1
24533,1
24534,1
24535,1
24536,1
24537,1
24538,1
24539,1
24540,1
24541,1
24542,1
24543,1
24544,1
24545,1
24546,1
24547,1
24548,1
24549,1
24550,1
24551,1
24552,1
24553,1
24554,1
24555,1
24556,1
24557,1
24558,1
24559,1
24560,1
24561,1
24562,1
24563,1
24564,1
24565,1
24566,1
24567,1
24568,1
24569,1
24570,1
24571,1
24572,1
24573,1
24574,1
24575,1
24576,1
24577,1
24578,1
24579,1
24580,1
24581,1
24582,1
24583,1
24584,1
24585,1
24586,1
24587,1
24588,1
24589,1
24590,1
24591,1
24592,1
24593,1
24594,1
24595,1
24596,1
24597,1
24598,1
24599,1
24600,1
24601,1
24602,1
24603,1
24604,1
24605,1
24606,1
24607,1
24608,1
24609,1
24610,1
24611,1
24612,1
24613,1
24614,1
24615,1
24616,1
24617,1
24618,1
24619,1
24620,1
24621,1
24622,1
24623,1
24624,1
24625,1
24626,1
24627,1
24628,1
24629,1
24630,1
24632,1
24633,1
24634,1
24635,1
24636,1
24637,1
24638,1
24639,1
24640,1
24641,1
24642,1
24643,1
24644,1
24645,1
24646,1
24647,1
24648,1
24649,1
24650,1
24651,1
24652,1
24653,1
24654,1
24655,1
24656,1
24657,1
24658,1
24659,1
24660,1
24661,1
24662,1
24663,1
24664,1
24693,1
24694,1
24695,1
31277,2
31278,2
31279,2
31280,2
31281,2
31282,2
31283,2
31284,2
31285,2
31286,2
31287,2
31288,2
31289,2
31290,2
31291,2
31292,2
31293,2
31294,2
31295,2
31323,6
31324,6
31325,6
31326,6
31327,6
31328,6
31329,6
31330,6
31331,6
31332,6
31333,6
31334,6
31335,6
31336,6
31337,6
31338,6
31339,6
31340,6
31341,6
31342,6
31343,6
31344,6
31345,6
31346,6
31347,6
31348,6
31349,6
31350,6
31351,6
31352,6
31353,6
31354,6
31355,6
31356,6
31357,6
31358,6
31359,6
31360,6
31361,6
31362,6
31363,6
31364,6
31365,6
31371,6
31372,6
31373,6
31374,6
31375,6
31376,6
31377,6
31378,6
31498,4
31499,4
31500,4
31501,4
31502,4
31503,4
31504,4
31505,4
31506,4
31507,4
31513,3
31514,3
31515,3
31516,3
31517,3
31518,3
31519,3
31520,3
31521,3
31522,3
31523,3
31524,3
31525,3
31526,3
31527,3
31528,3
31529,3
31530,3
31531,3
31532,3
31533,3
31534,3
31535,3
31567,4
31568,4
31569,4
31570,4
31571,4
31573,3
31574,3
31575,3
31576,1
31577,1
31578,1
31579,1
31580,1
31585,1
31586,1
31587,1
31588,1
31589,1
31590,1
31591,1
31592,1
31593,1
31594,1
31595,1
31596,1
31597,1
31598,1
31599,1
31601,1
31602,1
31603,1
31604,1
31605,1
31606,1
31607,1
31608,1
31609,1
31612,1
31613,1
31666,15
31667,15
31668,15
31669,15
31670,15
31675,15
31676,15
31677,15
31678,15
31679,15
31685,1
31686,1
31687,1
31688,1
31689,1
31690,1
31696,4
31697,4
31698,4
31699,4
31700,4
31701,4
31825,3
31826,3
31827,3
31828,3
31829,3
31831,3
31832,3
31834,3
31902,6
31903,6
31904,6
31905,6
31906,6
31909,6
31910,6
31954,9
31955,9
31956,9
31957,9
31958,9
31959,9
32151,2
32152,2
32153,2
32154,2
32155,2
32156,2
32157,2
32158,2
32159,2
32160,2
38747,20
38748,20
38749,20
38750,20
38751,20
38756,20
38757,20
38758,20
38759,20
38760,20
38761,20
38762,20
38771,20
38772,20
38773,20
38774,20
38775,20
38776,20
38777,20
38779,13
38780,13
38781,13
38782,13
38783,13
38784,13
38785,13
38786,7
38787,7
38788,7
38789,7
38807,39
38808,39
38809,39
38810,39
38811,39
38812,39
38813,39
38814,39
38815,39
38842,6
38843,6
38844,6
38845,6
38846,6
38851,6
38852,6
38853,6
38854,6
38855,6
38895,6
38896,6
38897,6
38898,6
38899,6
38900,6
38901,6
38902,6
38903,6
38904,6
38906,39
38907,39
38908,39
38909,39
38910,39
38911,39
38912,39
38913,39
38914,39
38915,39
38916,39
38917,39
38918,39
38956,39
38957,39
38958,39
38959,45
38960,45
38961,45
38963,6
38964,6
38965,6
38966,6
40711,1
40712,1
40713,1
40714,1
40715,1
40716,1
40717,1
40718,1
40719,1
40720,1
40721,1
40722,1
40723,1
40724,1
40725,1
40726,1
40727,1
40733,2
40734,2
40735,2
40736,2
40737,2
40738,2
40739,2
40740,2
40741,2
40742,2
40743,2
40744,2
40745,2
40746,2
40747,2
40748,2
40749,2
40768,1
40769,1
40770,1
40771,1
40772,1
40773,1
40774,1
40775,1
40792,2
40793,2
40794,2
40795,2
40796,2
40797,2
40818,2
40819,2
40820,2
40821,2
40822,2
40824,1
40825,1
40826,1
40827,1
40828,1
40829,1
40830,1
40831,1
40832,1
40833,1
40834,1
40855,1
40856,1
40857,1
40858,1
40859,1
40860,1
40861,1
40862,1
40863,1
40864,1
