1485,1
1486,1
1487,1
1488,1
1489,1
1490,1
1491,1
1497,1
1498,1
1499,1
1500,1
1501,1
1502,1
1503,1
1515,1
1516,1
1517,1
1524,18
1525,18
1526,18
1527,18
1528,18
1529,18
1535,1
1536,1
1537,1
1538,1
1539,1
1540,1
1546,1
1547,1
1548,1
1549,1
1550,1
1551,1
1552,1
1553,1
1554,1
1555,1
1556,1
1557,1
1558,1
1559,1
1607,1
1608,1
1609,1
1610,1
1611,1
1612,1
1613,1
1614,1
1615,1
1616,1
1617,1
1618,1
1619,1
1620,10
1621,10
1622,10
1623,10
1625,9
1626,9
1627,9
1628,9
1629,9
1630,9
1631,9
1632,9
1633,9
1634,9
1635,9
1637,1
1638,1
1639,1
1640,1
1641,1
1642,1
1643,1
1644,1
1645,1
1646,1
1647,1
1648,1
1663,1
1664,1
1665,1
1666,1
1667,1
1668,1
1669,1
1670,1
1671,1
1672,1
1673,1
1674,1
1675,1
1676,1
1677,1
1678,1
1679,1
1680,1
1681,1
1682,1
1689,1
1690,1
1691,1
1692,1
1693,1
1694,1
1695,1
1696,1
1697,1
1698,1
1699,1
1700,1
1701,1
1702,1
1703,1
1704,1
1705,1
1706,1
1707,1
1708,1
1709,1
1710,5
1711,5
1712,5
1713,5
1714,5
1716,4
1717,4
1718,4
1719,4
1720,4
1721,4
1722,4
1723,4
1724,4
1725,4
1726,4
1727,4
1728,4
1734,4
1735,4
1736,4
1737,4
1738,4
1739,4
1740,4
1759,4
1760,4
1761,4
1762,4
1763,4
1764,4
1765,4
1767,4
1768,4
1769,4
1790,4
1791,4
1792,4
1793,4
1794,4
1795,4
1796,4
1797,4
1814,4
1815,4
1816,4
1849,4
1850,4
1852,1
1853,1
1854,1
1855,1
1856,1
1857,1
1858,1
1859,1
1860,1
1861,1
1862,1
1863,1
1864,1
1865,1
1866,1
1872,3
1873,3
1874,3
1875,6
1876,6
1877,6
1878,6
1879,6
1881,5
1882,5
1883,5
1884,5
1885,5
1886,5
1887,5
1888,5
1889,5
1890,5
1891,5
1892,5
1893,5
1894,5
1896,2
1897,2
1898,2
1899,2
1900,2
1902,2
1903,2
1904,2
1905,2
1906,2
1907,2
1908,2
1910,3
1911,3
1912,3
1913,3
1914,3
1915,3
1916,3
1917,3
1918,3
1919,3
1920,3
1921,3
1935,3
1936,3
1938,3
1939,3
1940,3
1941,3
1942,3
1957,3
1958,3
1959,3
1965,4
1966,4
1967,4
1968,4
1969,4
1970,4
1971,4
1972,4
1973,4
1974,4
1975,4
1976,4
1977,4
1978,4
1979,4
2005,4
2006,4
2007,4
2008,4
2009,4
2010,4
2011,4
2012,4
2013,4
2014,4
2015,4
2016,4
2017,4
2018,4
2019,4
2020,4
2021,4
2022,4
2023,4
2024,4
2025,4
2026,4
2028,3
2029,3
2030,3
2031,3
2032,3
2033,3
2034,3
2035,3
2036,4
2037,4
2038,4
2039,4
2040,4
2041,4
2042,4
2043,4
2044,4
2045,4
2046,4
2052,1
2053,1
2054,1
2055,1
2056,1
2058,1
2059,1
2060,1
2227,1
2228,1
2229,1
2230,1
2231,1
2232,1
2233,1
2234,1
2235,1
2236,1
2237,1
2238,1
2239,1
2240,1
2241,1
2242,1
2243,1
2244,1
2245,1
2246,1
2247,1
2248,1
2254,4
2255,4
2256,4
2257,4
2258,4
2259,4
2260,4
2272,4
2273,4
2274,4
2275,4
2276,4
2277,4
2278,4
2279,4
2311,4
2312,4
2313,4
10969,1
10970,1
10971,1
10972,1
10973,1
10974,1
10975,1
10976,1
10977,1
10978,1
10979,1
10980,1
10981,1
10982,1
10983,1
10984,1
10985,1
10986,1
10987,1
10988,1
10989,1
10990,1
10991,1
10992,1
10993,1
10994,1
10995,1
10996,1
10997,1
10998,1
10999,1
11000,1
11001,1
11002,1
11003,1
11004,1
11005,1
11006,1
11007,1
11013,9
11014,9
11015,9
11016,9
11017,9
11018,9
11019,9
11020,9
11021,9
11022,9
11023,9
11024,9
11025,9
11027,9
11028,9
11029,9
11030,9
11031,9
11032,9
11033,9
11034,9
11035,9
11036,9
11037,9
11038,9
11039,9
11040,9
11041,9
11042,9
11043,9
11075,9
11076,9
11077,9
11078,9
11079,9
11080,9
11081,9
11082,9
11083,9
11084,9
11085,9
11086,9
11087,9
11352,8
11353,8
11354,8
11355,8
11356,8
11357,8
11358,8
11359,8
11360,8
11361,8
11362,8
11363,8
11364,8
11365,8
11366,8
11367,8
11368,8
11370,6
11371,6
11372,6
11373,6
11374,6
11375,6
11376,6
11377,6
11378,6
11379,2
11380,2
11381,2
11382,2
11383,2
11384,2
11385,2
11386,2
11387,2
11393,4
11394,4
11395,4
11396,4
11397,4
11398,4
11399,4
11400,4
11401,4
11402,4
11403,4
11404,4
11405,4
11411,1
11412,1
11413,1
11414,1
11415,1
11416,1
11417,1
11418,1
11419,1
11420,1
11421,1
11422,1
11423,1
11443,1
11444,1
11445,1
11446,1
11447,1
11448,1
11449,1
11450,1
11451,1
11480,15
11481,15
11482,15
11483,15
11484,15
11485,15
11486,15
11487,15
11488,15
11489,15
11490,15
11491,15
11492,15
11493,15
11494,15
11495,15
11496,15
11498,7
11499,7
11500,7
11501,7
11502,7
11503,7
11505,12
11507,3
11508,15
11509,15
11538,1
11539,1
11540,1
11541,1
11542,1
11543,1
11544,1
11545,1
11546,1
11547,1
11548,1
11549,1
11550,1
11614,1
11615,1
11616,1
11617,1
11618,1
11619,1
11620,1
11621,1
11622,1
11623,1
11624,1
11625,1
11626,1
11627,1
11628,1
11629,1
11630,1
11631,1
11632,1
11633,1
11634,1
11635,1
11636,1
11637,1
11638,1
11662,4
11663,4
11664,4
11665,4
11666,4
11667,4
11668,4
11669,4
11670,4
11671,4
11672,4
11673,4
11674,4
12043,5
12044,5
12045,5
12046,5
12047,5
12052,5
12053,5
12054,5
12055,5
12056,5
12057,5
12058,5
12059,5
12060,5
12061,5
12064,5
12065,5
12066,5
12067,5
12068,5
12069,5
12070,5
12101,5
12102,5
12103,5
12104,5
12105,5
12106,5
12107,5
12108,5
12109,5
12110,5
12111,5
12112,5
12155,5
12156,5
12157,5
12158,5
12159,5
12160,5
12161,5
12162,5
12163,5
12164,5
12165,5
12166,5
12167,5
12168,5
12169,5
12170,5
12171,25
12172,25
12173,25
12174,25
12176,20
12177,20
12178,20
12179,20
12180,20
12181,20
12182,20
12183,20
12184,20
12185,20
12186,20
12188,5
12189,5
12190,5
12191,5
12192,5
12193,5
12194,5
12195,5
12196,5
12197,20
12198,20
12200,5
12201,5
12202,5
12203,5
12204,5
12207,5
12208,5
12209,5
12210,5
12211,5
12212,5
12213,5
12214,5
12327,1
12328,1
12329,1
12330,1
12331,1
12332,1
12333,1
12334,1
12335,1
12336,1
12337,1
12343,1
12344,1
12345,1
12346,1
12347,1
12348,1
12349,1
12350,1
12351,1
12352,1
12353,1
12354,1
12373,6
12374,6
12375,6
12376,6
12377,6
12378,6
12379,6
12380,6
12381,6
12382,6
12383,6
12384,6
12385,6
12386,6
12387,6
12388,6
12389,15
12390,15
12391,15
12392,15
12394,15
12395,15
12396,15
12397,15
12398,15
12399,15
12400,15
12401,15
12402,15
12403,15
12404,15
12405,15
12406,15
12408,12
12409,12
12410,12
12411,12
12412,12
12413,12
12414,12
12416,6
12417,6
12418,6
12419,6
12420,9
12421,9
25212,1
25213,1
25214,1
25215,1
25216,1
25217,1
25218,1
25219,1
25220,1
25221,1
25222,1
25223,1
25224,1
25225,1
25226,1
25361,1
25362,1
25363,1
25364,1
25365,1
25366,1
25367,1
25368,1
25369,1
25370,1
25371,1
25372,1
25373,1
25374,1
25375,1
25376,1
25377,1
25378,1
25379,1
25380,1
25381,1
25382,1
25383,8
25384,8
25385,8
25386,8
25387,8
25389,7
25390,7
25391,7
25392,7
25393,7
25394,7
25395,7
25396,7
25397,7
25398,7
25399,7
25400,7
25401,7
25403,7
25404,7
25405,7
25406,7
25407,7
25418,7
25419,7
25420,7
25421,7
25422,7
25423,7
25424,7
25543,7
25544,7
25545,7
25546,7
25547,7
25548,7
25549,7
25551,4
25552,4
25553,4
25554,4
25555,4
25557,2
25558,2
25559,2
25560,2
25561,2
25563,4
25564,4
25565,4
25566,4
25567,4
25568,4
25569,4
25570,4
25653,3
25654,3
25655,3
25656,3
25657,3
25658,3
25659,3
25660,3
25661,7
25662,7
25663,7
25664,7
25665,7
25666,7
25667,7
25668,7
25670,1
25671,1
25672,1
25673,1
25674,1
25675,1
25676,1
25677,1
25678,1
25684,7
25685,7
25686,7
25687,7
25688,7
25689,7
25708,7
25709,7
25710,7
25716,1
25717,1
25718,1
25719,1
25720,1
25721,1
25722,1
25723,1
25724,1
25725,1
25726,1
25727,1
25728,1
25729,1
25735,3
25736,3
25737,3
25738,3
25739,3
25740,3
25762,3
25763,3
25764,3
25765,3
25766,3
25767,3
25768,3
25769,3
25770,3
25771,3
25772,3
25778,4
25779,4
25780,4
25781,4
25782,4
25783,4
25796,4
25797,4
25798,4
25799,4
25800,4
25801,4
25802,4
25803,4
25805,4
25806,4
25807,4
25808,4
25809,4
25810,4
25811,4
25812,4
25813,4
25814,4
25815,4
25816,4
25817,4
25818,4
25819,4
25820,4
25821,4
25822,4
25823,4
25824,4
25825,4
27434,1
27435,1
27436,1
27437,1
27438,1
27439,1
27440,1
27441,1
27442,1
27443,1
27444,1
27445,1
27446,1
27447,1
27448,1
27449,1
27450,1
27451,1
27452,1
27453,1
27454,1
27455,1
27456,1
27457,1
27458,1
27459,1
27460,1
27461,1
27462,1
27463,1
27464,1
27465,1
27466,1
27467,1
27468,1
27469,1
27470,1
27471,1
27472,1
27473,1
27474,1
27475,1
27476,1
27477,1
27478,1
27479,1
27480,1
27481,1
27482,1
27483,1
27484,1
27485,1
27486,1
27487,1
27488,1
27489,1
27490,1
27491,1
27492,1
27493,1
27494,1
27495,1
27496,1
27497,1
27498,1
27499,1
27500,1
27501,1
27502,1
27503,1
27504,1
27505,1
27506,1
27507,1
27508,1
27509,1
27510,1
27511,1
27512,1
27513,1
27514,1
27515,1
27516,1
27517,1
27518,1
27519,1
27520,1
27521,1
27522,1
27523,1
27524,1
27525,1
27526,1
27527,1
27528,1
27529,1
27530,1
27531,1
27532,1
27533,1
27534,1
27535,1
27536,1
27537,1
27538,1
27539,1
27540,1
27541,1
27542,1
27543,1
27544,1
27545,1
27546,1
27547,1
27548,1
27549,1
27550,1
27551,1
27552,1
27553,1
27554,1
27555,1
27556,1
27557,1
27558,1
27559,1
27560,1
27561,1
27562,1
27563,1
27564,1
27565,1
27566,1
27567,1
27568,1
27569,1
27570,1
27571,1
27572,1
27573,1
27574,1
27575,1
27576,1
27577,1
27578,1
27579,1
27580,1
27581,1
27582,1
27583,1
27584,1
27585,1
27586,1
27587,1
27588,1
27589,1
27590,1
27591,1
27592,1
27593,1
27594,1
27595,1
27596,1
27597,1
27598,1
27599,1
27600,1
27601,1
27602,1
27603,1
27604,1
27605,1
27606,1
27607,1
27608,1
27609,1
27610,1
27611,1
27612,1
27613,1
27614,1
27615,1
27616,1
27617,1
27618,1
27619,1
27620,1
27621,1
27622,1
27623,1
27624,1
27625,1
27626,1
27627,1
27628,1
27629,1
27630,1
27631,1
27632,1
27633,1
27634,1
27635,1
27636,1
27637,1
27638,1
27639,1
27640,1
27641,1
27642,1
27643,1
27644,1
27645,1
27646,1
27647,1
27648,1
27649,1
27650,1
27651,1
27652,1
27653,1
27654,1
27655,1
27656,1
27657,1
27658,1
27659,1
27660,1
27661,1
27662,1
27663,1
27664,1
27665,1
27666,1
27667,1
27668,1
27669,1
27670,1
27671,1
27672,1
27673,1
27674,1
27675,1
27676,1
27677,1
27678,1
27679,1
27680,1
27681,1
27682,1
27683,1
27684,1
27685,1
27686,1
27687,1
27688,1
27689,1
27690,1
27691,1
27692,1
27693,1
27694,1
27695,1
27696,1
27697,1
27698,1
27699,1
27700,1
27701,1
27702,1
27703,1
27704,1
27705,1
27706,1
27707,1
27708,1
27709,1
27710,1
27711,1
27712,1
27713,1
27714,1
27715,1
27716,1
27717,1
27718,1
27719,1
27720,1
27721,1
27722,1
27723,1
27724,1
27725,1
27726,1
27727,1
27728,1
27729,1
27730,1
27731,1
27732,1
27733,1
27734,1
27735,1
27736,1
27737,1
27738,1
27739,1
27740,1
27741,1
27742,1
27743,1
27744,1
27745,1
27746,1
27747,1
27748,1
27749,1
27750,1
27751,1
27752,1
27753,1
27754,1
27755,1
27756,1
27757,1
27758,1
27759,1
27760,1
27761,1
27762,1
27763,1
27764,1
27765,1
27766,1
27767,1
27768,1
27769,1
27770,1
27771,1
27772,1
27773,1
27774,1
27775,1
27776,1
27777,1
27778,1
27779,1
27780,1
27781,1
27782,1
27783,1
27784,1
27785,1
27786,1
27787,1
27788,1
27789,1
27790,1
27791,1
27792,1
27793,1
27794,1
27795,1
27796,1
27797,1
27798,1
27799,1
27800,1
27801,1
27802,1
27803,1
27804,1
27805,1
27806,1
30790,5
30791,5
30792,5
30793,5
30794,5
30795,5
30796,5
30797,5
30798,5
30799,5
30800,5
30801,5
30802,5
30803,5
30804,5
30805,5
30806,5
30812,9
30813,9
30814,9
30815,9
30816,9
30817,9
30818,9
30819,9
30820,9
30821,9
30822,9
30823,9
30824,9
30825,9
30826,9
30827,9
30828,9
30829,9
30830,9
30831,9
30832,9
30833,9
30834,9
30835,9
30836,9
30837,9
30838,9
30839,9
30840,9
30841,9
30842,9
30843,9
30844,9
30845,9
30846,9
30847,9
30848,9
30849,9
30850,9
30851,9
30852,9
30853,9
30854,9
30860,9
30861,9
30862,9
30863,9
30864,9
30865,9
30866,9
30867,9
30873,3
30874,3
30875,3
30876,3
30877,3
30885,3
30886,3
30887,3
30889,3
30890,3
30891,3
30892,3
30893,3
30894,3
30896,3
30899,3
30900,3
30906,3
30907,3
30908,3
30909,3
30910,3
30911,3
30922,3
30923,3
30924,3
30925,3
30926,3
30927,3
30928,3
30929,3
30930,3
30931,3
30932,3
30954,3
30955,3
30956,3
30957,3
30958,3
30959,3
30970,3
30971,3
30972,3
30973,3
30974,3
30975,3
30976,3
30977,3
30978,3
30984,9
30985,9
30986,9
30987,9
30988,9
30989,9
30990,9
30991,9
30992,9
30993,9
30999,4
31000,4
31001,4
31002,4
31003,4
31004,4
31005,4
31006,4
31007,4
31008,4
31009,4
31010,4
31011,4
31012,4
31013,4
31014,4
31015,4
31016,4
31017,4
31018,4
31019,4
31020,4
31021,4
31055,21
31056,21
31057,21
31058,21
31059,21
31061,6
31062,6
31063,6
31064,15
31065,15
31066,15
31067,15
31068,15
31073,15
31074,15
31075,15
31076,15
31077,15
31078,15
31079,15
31080,15
31081,15
31082,15
31083,15
31084,15
31085,15
31086,15
31087,15
31100,15
31101,15
31102,15
31155,13
31156,13
31157,13
31158,13
31159,13
31161,2
31162,2
31164,11
31165,11
31166,11
31167,13
31168,13
31174,21
31175,21
31176,21
31177,21
31178,21
31179,21
31185,15
31186,15
31187,15
31188,15
31189,15
31190,15
31271,3
31272,3
31273,3
31274,3
31275,3
31278,3
31279,3
31280,3
31281,3
31282,3
31283,3
31284,3
31285,3
31286,3
31292,3
31293,3
31294,3
31295,3
31296,3
31297,3
31303,5
31304,5
31305,5
31306,5
31307,5
31308,5
31314,7
31315,7
31316,7
31317,7
31318,7
31320,1
31321,1
31323,6
31325,1
31326,7
31327,7
31396,9
31397,9
31398,9
31399,9
31400,9
31404,9
31405,9
31411,3
31412,3
31413,3
31414,3
31415,3
31416,3
31417,3
31418,3
31435,3
31436,3
31437,3
31438,3
31439,3
31443,3
31444,3
31450,13
31451,13
31452,13
31453,13
31454,13
31455,13
31461,3
31462,3
31463,3
31464,3
31465,3
31466,3
31468,3
31469,3
31470,3
31471,3
31472,3
31473,3
31474,3
31475,3
31476,3
31477,3
31478,3
31479,3
31480,3
31481,3
31482,3
31483,3
31525,3
31526,3
31527,3
31528,3
31529,3
31530,3
31531,3
31532,3
31533,3
31570,5
31571,5
31572,5
31573,5
31574,5
31575,5
31576,5
31577,5
31578,5
31579,5
31585,5
31586,5
31587,5
31588,5
31589,5
31590,5
31591,5
31592,5
31593,5
31594,5
31615,5
31616,5
31617,5
31618,5
31619,5
31620,5
31621,5
31622,5
31623,5
31624,5
31630,5
31631,5
31632,5
31633,5
31634,5
31635,5
31636,5
31637,5
31638,5
31639,5
31645,5
31646,5
31647,5
31648,5
31649,5
31650,5
31651,5
31652,5
31653,5
31654,5
31660,5
31661,5
31662,5
31663,5
31664,5
31665,5
31666,5
31667,5
31668,5
31669,5
31691,5
31692,5
31693,5
31694,5
31695,5
31696,5
31697,5
31698,5
31699,5
31700,5
38130,3
38131,3
38132,3
38133,3
38134,3
38135,3
38136,3
38137,3
38138,3
38139,3
38140,3
38142,2
38143,2
38144,2
38145,2
38146,2
38173,3
38174,3
38175,3
38176,3
38182,29
38183,29
38184,29
38185,29
38186,29
38191,29
38192,29
38193,29
38194,29
38195,29
38196,29
38197,29
38206,29
38207,29
38208,29
38209,29
38210,29
38211,29
38212,29
38214,20
38215,20
38216,20
38217,20
38218,20
38219,20
38220,20
38221,9
38222,9
38223,9
38224,9
38253,8
38254,8
38255,8
38256,8
38257,8
38258,8
38259,8
38260,8
38261,8
38267,8
38268,8
38269,8
38270,8
38271,8
38272,8
38273,8
38274,8
38280,8
38283,8
38284,8
38290,9
38291,9
38292,9
38293,9
38294,9
38296,1
38297,1
38298,1
38299,8
38300,8
38301,8
38302,8
38303,8
38305,8
38306,8
38307,8
38308,8
38309,8
38310,8
38311,8
38312,8
38313,8
38314,8
38315,8
38316,8
38317,8
38345,8
38346,8
38414,8
38415,8
38416,8
38417,8
38423,1
38424,1
38425,1
38426,1
38441,1
38442,1
38443,1
38444,1
38445,1
38446,1
38468,5
38469,5
38470,5
38471,5
38472,5
38473,5
38474,5
38475,5
38476,5
38477,5
38478,5
38479,5
38480,5
38481,5
38482,5
38483,5
38484,5
38485,5
38486,5
38487,5
38488,5
38489,5
38490,5
38491,5
38492,5
38493,5
38494,5
38495,5
38496,5
38497,5
38498,5
38499,5
38500,5
38501,5
38502,5
38503,5
38504,5
38505,5
38506,5
38507,5
38508,5
38509,5
38510,5
38511,5
38512,5
38513,5
38514,5
38515,5
38516,5
38517,5
38518,5
38519,5
38520,5
38521,5
38522,5
38523,5
38524,5
38525,5
38526,5
38527,5
38528,5
38529,5
38530,5
38531,5
38532,5
38533,5
38534,5
38535,5
38536,5
38537,5
38538,5
38550,5
38551,5
38552,5
38553,5
38559,5
38560,5
38561,5
38562,5
38563,5
38564,5
38565,5
38566,5
38692,5
38693,5
38694,5
38695,5
38696,5
38697,5
38698,5
38699,5
38700,5
38701,5
38702,5
38703,5
38704,5
38705,5
38706,5
38707,5
38708,5
38709,5
38710,5
38711,5
38712,5
38713,5
38714,5
38715,5
38716,5
38717,5
38718,5
38719,5
38720,5
38740,5
38741,5
38742,5
38743,5
38744,5
38745,5
38746,5
38747,5
38748,5
38749,5
38755,5
38756,5
38757,5
38758,5
38759,5
38760,5
38761,5
38762,5
38763,5
38764,5
38799,5
38800,5
38801,5
38802,5
38803,5
38804,5
38805,5
38806,5
