1493,1
1494,1
1495,1
1496,1
1497,1
1498,1
1499,1
1511,1
1512,1
1513,1
1520,8
1521,8
1522,8
1523,8
1524,8
1525,8
1531,1
1532,1
1533,1
1534,1
1535,1
1536,1
1542,1
1543,1
1544,1
1545,1
1546,1
1547,1
1548,1
1549,1
1550,1
1551,1
1552,1
1553,1
1554,1
1555,1
1603,1
1604,1
1605,1
1606,1
1607,1
1608,1
1609,1
1610,1
1611,1
1612,1
1613,1
1614,1
1615,1
1617,7
1618,7
1619,7
1620,7
1621,7
1622,7
1623,7
1624,7
1625,7
1626,7
1627,8
1628,8
1629,8
1630,8
1631,8
1633,1
1634,1
1635,1
1636,1
1637,1
1638,1
1639,1
1640,1
1642,3
1643,3
1644,3
1645,3
1646,3
1647,3
1648,3
1649,3
1650,3
1651,3
1652,3
1653,4
1654,4
1655,4
1656,4
1657,4
1659,1
1660,1
1661,1
1662,1
1663,1
1664,1
1665,1
1666,1
1667,1
1668,1
1669,1
1670,1
1671,1
1672,1
1673,1
1674,1
1675,1
1676,1
1677,1
1678,1
1685,1
1686,1
1687,1
1688,1
1689,1
1690,1
1691,1
1692,1
1693,1
1694,1
1695,1
1696,1
1697,1
1698,1
1699,1
1700,1
1701,1
1702,1
1703,1
1704,1
1705,1
1706,1
1707,1
1709,2
1710,2
1711,2
1712,2
1713,2
1714,2
1715,2
1716,2
1717,2
1718,2
1719,2
1720,2
1721,2
1729,2
1730,2
1731,2
1732,2
1733,2
1734,2
1735,2
1758,2
1759,2
1760,2
1761,2
1762,2
1763,2
1764,2
1766,2
1767,2
1768,2
1791,2
1792,2
1793,2
1794,2
1795,2
1796,2
1797,2
1798,2
1799,2
1800,2
1817,2
1818,2
1819,2
1852,3
1853,3
1854,3
1855,3
1856,3
1858,1
1859,1
1860,1
1861,1
1862,1
1863,1
1864,1
1865,1
1866,1
1867,1
1868,1
1869,1
1870,1
1871,1
1872,1
1970,2
1971,2
1972,2
1973,2
1974,2
1975,2
1976,2
1977,2
1978,2
1979,2
1980,2
1981,2
1982,2
1983,2
1984,2
2008,2
2009,2
2010,2
2011,2
2012,2
2013,2
2014,2
2015,2
2016,2
2017,2
2018,2
2019,2
2020,2
2021,2
2022,2
2023,2
2024,2
2025,2
2026,2
2027,2
2028,2
2029,2
2039,2
2040,2
2041,2
2042,2
2043,2
2044,2
2045,2
2046,2
2047,2
2048,2
2049,2
2055,1
2056,1
2057,1
2058,1
2059,1
2061,1
2062,1
2063,1
2228,1
2229,1
2230,1
2231,1
2232,1
2233,1
2234,1
2235,1
2236,1
2237,1
2238,1
2239,1
2240,1
2241,1
2242,1
2243,1
2244,1
2245,1
2246,1
2247,1
2248,1
2249,1
2255,2
2256,2
2257,2
2258,2
2259,2
2260,2
2261,2
2273,2
2274,2
2275,2
2276,2
2277,2
2278,2
2279,2
2280,2
2282,1
2283,1
2284,1
2285,1
2286,1
2287,1
2288,1
2289,1
2290,1
2291,1
2292,1
2293,1
2294,1
2295,1
2305,1
2306,1
2307,1
2308,1
2309,1
2310,1
2311,1
2312,2
2313,2
2314,2
11236,2
11237,2
11238,2
11239,2
11240,2
11241,2
11242,2
11243,2
11244,2
11245,2
11246,2
11247,2
11248,2
11249,2
11250,2
11251,2
11252,2
11253,2
11254,2
11255,2
11256,2
11257,2
11258,2
11259,2
11261,2
11262,2
11263,2
11264,2
11265,2
11266,2
11267,2
11313,4
11314,4
11315,4
11316,4
11317,4
11318,4
11319,4
11320,4
11321,4
11322,4
11323,4
11324,4
11325,4
11326,4
11327,4
11328,4
11329,4
11340,4
11341,4
11342,4
11343,4
11344,4
11345,4
11346,4
11347,4
11348,4
11354,3
11355,3
11356,3
11357,3
11358,3
11359,3
11360,3
11361,3
11362,3
11363,3
11364,3
11365,3
11366,3
11372,1
11373,1
11374,1
11375,1
11376,1
11377,1
11378,1
11379,1
11380,1
11381,1
11382,1
11383,1
11384,1
11404,1
11405,1
11406,1
11407,1
11408,1
11409,1
11410,1
11411,1
11412,1
11441,2
11442,2
11443,2
11444,2
11445,2
11446,2
11447,2
11448,2
11449,2
11450,2
11451,2
11452,2
11453,2
11454,2
11455,2
11456,2
11457,2
11459,2
11460,2
11461,2
11462,2
11463,2
11464,2
11467,2
11468,2
11497,1
11498,1
11499,1
11500,1
11501,1
11502,1
11503,1
11504,1
11505,1
11506,1
11507,1
11508,1
11509,1
11573,1
11574,1
11575,1
11576,1
11577,1
11578,1
11579,1
11580,1
11581,1
11582,1
11583,1
11584,1
11585,1
11586,1
11587,1
11588,1
11589,1
11590,1
11591,1
11592,1
11593,1
11594,1
11595,1
11596,1
11597,1
11621,2
11622,2
11623,2
11624,2
11625,2
11626,2
11627,2
11628,2
11629,2
11630,2
11631,2
11632,2
11633,2
11639,1
11640,1
11641,1
11642,1
11643,1
11644,1
12286,5
12287,5
12288,5
12289,5
12290,5
12291,5
12292,5
12293,5
12294,5
12295,5
12296,5
12302,5
12303,5
12304,5
12305,5
12306,5
12307,5
12308,5
12309,5
12310,5
12311,5
12312,5
12313,5
12332,5
12333,5
12334,5
12335,5
12336,5
12337,5
12338,5
12339,5
12340,5
12341,5
12342,5
12343,5
12344,5
12345,5
12346,5
12347,5
12349,9
12350,9
12351,9
12352,9
12353,9
12354,9
12355,9
12356,9
12357,9
12358,9
12359,9
12360,9
12361,9
12362,9
12364,7
12365,7
12366,7
12367,7
12368,7
12369,7
12370,7
12372,2
12373,2
12374,2
12375,2
12376,12
12377,12
12378,12
12379,12
12380,12
12382,3
12383,3
12384,3
25734,1
25735,1
25736,1
25737,1
25738,1
25739,1
25740,1
25741,1
25742,1
25743,1
25744,1
25745,1
25746,1
25747,1
25748,1
25749,1
25750,1
25751,1
25752,1
25753,1
25754,1
25755,1
25756,1
25757,1
25759,2
25760,2
25761,2
25762,2
25763,2
25764,2
25765,2
25766,2
25767,2
25768,2
25769,2
25770,2
25771,2
25773,2
25774,2
25775,2
25776,2
25777,2
25790,2
25791,2
25792,2
25793,2
25794,2
25795,2
25796,2
25798,2
25799,2
25800,2
25801,2
25802,2
25803,2
25804,2
25805,2
25806,2
25807,2
25809,2
25818,2
25819,2
25820,2
25821,2
25822,2
25823,2
25824,2
25825,2
25826,2
25827,2
25828,2
25829,2
25830,2
25831,2
25832,2
25845,2
25846,2
25847,2
25848,2
25861,2
25862,2
25863,2
25864,2
25865,2
25866,2
25867,2
25868,2
25869,2
25870,2
25871,2
25872,2
25873,2
25874,2
25875,2
25876,2
25877,2
25878,2
25879,2
25880,2
25881,2
25882,2
25883,2
25884,2
25885,2
25886,2
25887,2
25888,2
25889,2
25890,2
25891,2
25892,2
25893,2
25894,2
25895,2
25896,2
25897,2
26033,2
26034,2
26035,2
26036,2
26037,2
26038,2
26039,3
26040,3
26041,3
26042,3
26043,3
26045,1
26046,1
26047,1
26048,1
26049,1
26050,1
26051,1
26052,1
26053,1
26059,2
26060,2
26061,2
26062,2
26063,2
26064,2
26085,2
26086,2
26087,2
26093,1
26094,1
26095,1
26096,1
26097,1
26098,1
26099,1
26100,1
26101,1
26102,1
26103,1
26104,1
26105,1
26106,1
29457,1
29458,1
29459,1
29460,1
29461,1
29462,1
29463,1
29464,1
29465,1
29466,1
29467,1
29468,1
29469,1
29470,1
29471,1
29472,1
29473,1
29474,1
29475,1
29476,1
29477,1
29478,1
29479,1
29480,1
29481,1
29482,1
29483,1
29484,1
29485,1
29486,1
29487,1
29488,1
29489,1
29490,1
29491,1
29492,1
29493,1
29494,1
29495,1
29496,1
29497,1
29498,1
29499,1
29500,1
29501,1
29502,1
29503,1
29504,1
29505,1
29506,1
29507,1
29508,1
29509,1
29510,1
29511,1
29512,1
29513,1
29514,1
29515,1
29516,1
29517,1
29518,1
29519,1
29520,1
29521,1
29522,1
29523,1
29524,1
29525,1
29526,1
29527,1
29528,1
29529,1
29530,1
29531,1
29532,1
29533,1
29534,1
29535,1
29536,1
29537,1
29538,1
29539,1
29540,1
29541,1
29542,1
29543,1
29544,1
29545,1
29546,1
29547,1
29548,1
29549,1
29550,1
29551,1
29552,1
29553,1
29554,1
29555,1
29556,1
29557,1
31498,7
31499,7
31500,7
31501,7
31502,7
31503,7
31504,7
31505,7
31506,7
31507,7
31513,2
31514,2
31515,2
31516,2
31517,2
31518,2
31519,2
31520,2
31521,2
31522,2
31523,2
31524,2
31525,2
31526,2
31527,2
31528,2
31529,2
31530,2
31531,2
31532,2
31533,2
31534,2
31535,2
31567,3
31568,3
31569,3
31570,3
31571,3
31573,2
31574,2
31575,2
31576,1
31577,1
31578,1
31579,1
31580,1
31585,1
31586,1
31587,1
31588,1
31589,1
31590,1
31591,1
31592,1
31593,1
31594,1
31595,1
31596,1
31597,1
31598,1
31599,1
31612,1
31613,1
31666,4
31667,4
31668,4
31669,4
31670,4
31675,4
31676,4
31677,4
31678,4
31679,4
31685,9
31686,9
31687,9
31688,9
31689,9
31690,9
31696,9
31697,9
31698,9
31699,9
31700,9
31701,9
31825,2
31826,2
31827,2
31828,2
31829,2
31831,2
31832,2
31834,2
31954,2
31955,2
31956,2
31957,2
31958,2
31959,2
38747,13
38748,13
38749,13
38750,13
38751,13
38756,13
38757,13
38758,13
38759,13
38760,13
38761,13
38762,13
38764,6
38765,6
38766,6
38767,6
38768,6
38769,6
38770,6
38771,7
38772,7
38773,7
38774,7
38775,7
38776,7
38777,7
38786,7
38787,7
38788,7
38789,7
40792,1
40793,1
40794,1
40795,1
40796,1
40797,1
40818,4
40819,4
40820,4
40821,4
40822,4
40824,3
40825,3
40826,3
40827,3
40828,3
40829,3
40830,3
40831,1
40832,1
40833,1
40834,1
40855,1
40856,1
40857,1
40858,1
40859,1
40860,1
40861,1
40862,1
40863,1
40864,1
