1493,1
1494,1
1495,1
1496,1
1497,1
1498,1
1499,1
1511,1
1512,1
1513,1
1520,1
1521,1
1522,1
1523,1
1524,1
1525,1
1531,1
1532,1
1533,1
1534,1
1535,1
1536,1
1542,1
1543,1
1544,1
1545,1
1546,1
1547,1
1548,1
1549,1
1550,1
1551,1
1552,1
1553,1
1554,1
1555,1
1603,1
1604,1
1605,1
1606,1
1607,1
1608,1
1609,1
1610,1
1611,1
1612,1
1613,1
1614,1
1615,1
1617,7
1618,7
1619,7
1620,7
1621,7
1622,7
1623,7
1624,7
1625,7
1626,7
1627,8
1628,8
1629,8
1630,8
1631,8
1633,1
1634,1
1635,1
1636,1
1637,1
1638,1
1639,1
1640,1
1642,3
1643,3
1644,3
1645,3
1646,3
1647,3
1648,3
1649,3
1650,3
1651,3
1652,3
1653,4
1654,4
1655,4
1656,4
1657,4
1659,1
1660,1
1661,1
1662,1
1663,1
1664,1
1665,1
1666,1
1667,1
1668,1
1669,1
1670,1
1671,1
1672,1
1673,1
1674,1
1675,1
1676,1
1677,1
1678,1
1685,1
1686,1
1687,1
1688,1
1689,1
1690,1
1691,1
1692,1
1693,1
1694,1
1695,1
1696,1
1697,1
1698,1
1699,1
1700,1
1701,1
1702,1
1703,1
1704,1
1705,1
1706,1
1707,1
1709,2
1710,2
1711,2
1712,2
1713,2
1714,2
1715,2
1716,2
1717,2
1718,2
1719,2
1720,2
1721,2
1729,2
1730,2
1731,2
1732,2
1733,2
1734,2
1735,2
1758,2
1759,2
1760,2
1761,2
1762,2
1763,2
1764,2
1802,2
1803,2
1804,2
1805,2
1806,2
1807,2
1808,2
1809,2
1810,2
1811,2
1812,2
1817,2
1818,2
1819,2
1852,3
1853,3
1854,3
1855,3
1856,3
1858,1
1859,1
1860,1
1861,1
1862,1
1863,1
1864,1
1865,1
1866,1
1867,1
1868,1
1869,1
1870,1
1871,1
1872,1
2055,1
2056,1
2057,1
2058,1
2059,1
2061,1
2062,1
2063,1
2228,1
2229,1
2230,1
2231,1
2232,1
2233,1
2234,1
2235,1
2236,1
2237,1
2238,1
2239,1
2240,1
2241,1
2242,1
2243,1
2244,1
2245,1
2246,1
2247,1
2248,1
2249,1
11372,1
11373,1
11374,1
11375,1
11376,1
11377,1
11378,1
11379,1
11380,1
11381,1
11382,1
11383,1
11384,1
11404,1
11405,1
11406,1
11407,1
11408,1
11409,1
11410,1
11411,1
11412,1
11497,1
11498,1
11499,1
11500,1
11501,1
11502,1
11503,1
11504,1
11505,1
11506,1
11507,1
11508,1
11509,1
11573,1
11574,1
11575,1
11576,1
11577,1
11578,1
11579,1
11580,1
11581,1
11582,1
11583,1
11584,1
11585,1
11586,1
11587,1
11588,1
11589,1
11590,1
11591,1
11592,1
11593,1
11594,1
11595,1
11596,1
11597,1
11603,2
11604,2
11605,2
11606,2
11607,2
11608,2
11609,2
11610,2
11611,2
11612,2
11613,2
11614,2
11615,2
11639,1
11640,1
11641,1
11642,1
11643,1
11644,1
12286,5
12287,5
12288,5
12289,5
12290,5
12291,5
12292,5
12293,5
12294,5
12295,5
12296,5
12302,5
12303,5
12304,5
12305,5
12306,5
12307,5
12308,5
12309,5
12310,5
12311,5
12312,5
12313,5
12332,5
12333,5
12334,5
12335,5
12336,5
12337,5
12338,5
12339,5
12340,5
12341,5
12342,5
12343,5
12344,5
12345,5
12346,5
12347,5
12376,5
12377,5
12378,5
12379,5
12380,5
12382,5
12383,5
12384,5
25734,1
25735,1
25736,1
25737,1
25738,1
25739,1
25740,1
25741,1
25742,1
25743,1
25744,1
25745,1
25746,1
25747,1
25748,1
25749,1
25750,1
25751,1
25752,1
25753,1
25754,1
25755,1
25756,1
25757,1
25759,2
25760,2
25761,2
25762,2
25763,2
25764,2
25765,2
25766,2
25767,2
25768,2
25769,2
25770,2
25771,2
25773,2
25774,2
25775,2
25776,2
25777,2
25790,2
25791,2
25792,2
25793,2
25794,2
25795,2
25796,2
25914,2
25915,2
25916,2
25917,2
25918,2
25919,2
25920,2
26025,2
26026,2
26027,2
26028,2
26029,2
26030,2
26031,2
26032,2
26033,2
26034,2
26035,2
26036,2
26037,2
26038,2
26039,3
26040,3
26041,3
26042,3
26043,3
26045,1
26046,1
26047,1
26048,1
26049,1
26050,1
26051,1
26052,1
26053,1
26059,2
26060,2
26061,2
26062,2
26063,2
26064,2
26085,2
26086,2
26087,2
26093,1
26094,1
26095,1
26096,1
26097,1
26098,1
26099,1
26100,1
26101,1
26102,1
26103,1
26104,1
26105,1
26106,1
26112,2
26113,2
26114,2
26115,2
26116,2
26117,2
26139,2
26140,2
26141,2
26142,2
26143,2
26144,2
26145,2
26146,2
26147,2
26148,2
26149,2
28575,1
28576,1
28577,1
28578,1
28579,1
28580,1
28581,1
28582,1
28583,1
28584,1
28585,1
28586,1
28587,1
28588,1
28589,1
28590,1
28591,1
28592,1
28593,1
28594,1
28595,1
28596,1
28597,1
28598,1
28599,1
28600,1
28601,1
28602,1
28603,1
28604,1
28605,1
28606,1
28607,1
28608,1
28609,1
28610,1
28611,1
28612,1
28613,1
28614,1
28615,1
28616,1
28617,1
28618,1
28619,1
28620,1
28621,1
28622,1
28623,1
28624,1
28625,1
28626,1
28627,1
28628,1
28629,1
28630,1
28631,1
28632,1
28633,1
28634,1
28635,1
28636,1
28637,1
28638,1
28639,1
28640,1
28641,1
28642,1
28643,1
28644,1
28645,1
28646,1
28647,1
28648,1
28649,1
28650,1
28651,1
28652,1
28653,1
28654,1
28655,1
28656,1
28657,1
28658,1
28659,1
28660,1
28661,1
28662,1
28663,1
28664,1
28665,1
28666,1
28667,1
28668,1
28669,1
28670,1
28671,1
28672,1
28673,1
28674,1
28675,1
28676,1
31498,7
31499,7
31500,7
31501,7
31502,7
31503,7
31504,7
31505,7
31506,7
31507,7
38747,5
38748,5
38749,5
38750,5
38751,5
38756,5
38757,5
38758,5
38759,5
38760,5
38761,5
38762,5
38771,5
38772,5
38773,5
38774,5
38775,5
38776,5
38777,5
38786,5
38787,5
38788,5
38789,5
40818,3
40819,3
40820,3
40821,3
40822,3
40824,3
40825,3
40826,3
40827,3
40828,3
40829,3
40830,3
