1497,1
1498,1
1499,1
1500,1
1501,1
1502,1
1503,1
1515,1
1516,1
1517,1
1524,5
1525,5
1526,5
1527,5
1528,5
1529,5
1535,1
1536,1
1537,1
1538,1
1539,1
1540,1
1546,1
1547,1
1548,1
1549,1
1550,1
1551,1
1552,1
1553,1
1554,1
1555,1
1556,1
1557,1
1558,1
1559,1
1607,1
1608,1
1609,1
1610,1
1611,1
1612,1
1613,1
1614,1
1615,1
1616,1
1617,1
1618,1
1619,1
1620,4
1621,4
1622,4
1623,4
1625,3
1626,3
1627,3
1628,3
1629,3
1630,3
1631,3
1632,3
1633,3
1634,3
1635,3
1637,1
1638,1
1639,1
1640,1
1641,1
1642,1
1643,1
1644,1
1645,1
1646,1
1647,1
1648,1
1663,1
1664,1
1665,1
1666,1
1667,1
1668,1
1669,1
1670,1
1671,1
1672,1
1673,1
1674,1
1675,1
1676,1
1677,1
1678,1
1679,1
1680,1
1681,1
1682,1
1689,1
1690,1
1691,1
1692,1
1693,1
1694,1
1695,1
1696,1
1697,1
1698,1
1699,1
1700,1
1701,1
1702,1
1703,1
1704,1
1705,1
1706,1
1707,1
1708,1
1709,1
1710,2
1711,2
1712,2
1713,2
1714,2
1716,1
1717,1
1718,1
1719,1
1720,1
1721,1
1722,1
1723,1
1724,1
1725,1
1726,1
1727,1
1728,1
1734,1
1735,1
1736,1
1737,1
1738,1
1739,1
1740,1
1759,1
1760,1
1761,1
1762,1
1763,1
1764,1
1765,1
1767,1
1768,1
1769,1
1790,1
1791,1
1792,1
1793,1
1794,1
1795,1
1796,1
1797,1
1814,1
1815,1
1816,1
1849,1
1850,1
1852,1
1853,1
1854,1
1855,1
1856,1
1857,1
1858,1
1859,1
1860,1
1861,1
1862,1
1863,1
1864,1
1865,1
1866,1
1872,1
1873,1
1874,1
1875,2
1876,2
1877,2
1878,2
1879,2
1881,1
1882,1
1883,1
1884,1
1885,1
1886,1
1887,1
1888,1
1889,1
1890,1
1891,1
1892,1
1893,1
1894,1
1910,1
1911,1
1912,1
1913,1
1914,1
1915,1
1916,1
1917,1
1918,1
1919,1
1920,1
1921,1
1935,1
1936,1
1938,1
1939,1
1940,1
1941,1
1942,1
1957,1
1958,1
1959,1
1965,1
1966,1
1967,1
1968,1
1969,1
1970,1
1971,1
1972,1
1973,1
1974,1
1975,1
1976,1
1977,1
1978,1
1979,1
2005,1
2006,1
2007,1
2008,1
2009,1
2010,1
2011,1
2012,1
2013,1
2014,1
2015,1
2016,1
2017,1
2018,1
2019,1
2020,1
2021,1
2022,1
2023,1
2024,1
2025,1
2026,1
2028,1
2029,1
2030,1
2031,1
2032,1
2033,1
2034,1
2035,1
2036,1
2037,1
2038,1
2039,1
2040,1
2041,1
2042,1
2043,1
2044,1
2045,1
2046,1
2052,1
2053,1
2054,1
2055,1
2056,1
2058,1
2059,1
2060,1
2227,1
2228,1
2229,1
2230,1
2231,1
2232,1
2233,1
2234,1
2235,1
2236,1
2237,1
2238,1
2239,1
2240,1
2241,1
2242,1
2243,1
2244,1
2245,1
2246,1
2247,1
2248,1
2254,1
2255,1
2256,1
2257,1
2258,1
2259,1
2260,1
2272,1
2273,1
2274,1
2275,1
2276,1
2277,1
2278,1
2279,1
2311,1
2312,1
2313,1
5085,1
5086,1
5087,1
5088,1
5089,1
5090,1
5091,1
5092,1
5093,1
5094,1
5095,1
5096,1
5097,1
5098,1
5099,1
5100,1
5101,1
5102,1
5103,1
5104,1
5105,1
5106,1
5107,1
5108,1
5109,1
5110,1
5111,1
5112,1
5113,1
5114,1
5115,1
5116,1
5117,1
5118,1
5119,1
5120,1
5121,1
5122,1
5123,1
5124,1
5125,1
11352,1
11353,1
11354,1
11355,1
11356,1
11357,1
11358,1
11359,1
11360,1
11361,1
11362,1
11363,1
11364,1
11365,1
11366,1
11367,1
11368,1
11370,1
11371,1
11372,1
11373,1
11374,1
11375,1
11376,1
11377,1
11378,1
11393,1
11394,1
11395,1
11396,1
11397,1
11398,1
11399,1
11400,1
11401,1
11402,1
11403,1
11404,1
11405,1
11411,1
11412,1
11413,1
11414,1
11415,1
11416,1
11417,1
11418,1
11419,1
11420,1
11421,1
11422,1
11423,1
11443,1
11444,1
11445,1
11446,1
11447,1
11448,1
11449,1
11450,1
11451,1
11480,2
11481,2
11482,2
11483,2
11484,2
11485,2
11486,2
11487,2
11488,2
11489,2
11490,2
11491,2
11492,2
11493,2
11494,2
11495,2
11496,2
11498,1
11499,1
11500,1
11501,1
11502,1
11503,1
11505,1
11507,1
11508,2
11509,2
11538,1
11539,1
11540,1
11541,1
11542,1
11543,1
11544,1
11545,1
11546,1
11547,1
11548,1
11549,1
11550,1
11614,1
11615,1
11616,1
11617,1
11618,1
11619,1
11620,1
11621,1
11622,1
11623,1
11624,1
11625,1
11626,1
11627,1
11628,1
11629,1
11630,1
11631,1
11632,1
11633,1
11634,1
11635,1
11636,1
11637,1
11638,1
11662,1
11663,1
11664,1
11665,1
11666,1
11667,1
11668,1
11669,1
11670,1
11671,1
11672,1
11673,1
11674,1
12043,1
12044,1
12045,1
12046,1
12047,1
12052,1
12053,1
12054,1
12055,1
12056,1
12057,1
12058,1
12059,1
12060,1
12061,1
12064,1
12065,1
12066,1
12067,1
12068,1
12069,1
12070,1
12101,1
12102,1
12103,1
12104,1
12105,1
12106,1
12107,1
12108,1
12109,1
12110,1
12111,1
12112,1
12155,1
12156,1
12157,1
12158,1
12159,1
12160,1
12161,1
12162,1
12163,1
12164,1
12165,1
12166,1
12167,1
12168,1
12169,1
12170,1
12171,2
12172,2
12173,2
12174,2
12176,1
12177,1
12178,1
12179,1
12180,1
12181,1
12182,1
12183,1
12184,1
12185,1
12186,1
12188,1
12189,1
12190,1
12191,1
12192,1
12193,1
12194,1
12195,1
12196,1
12197,1
12198,1
12200,1
12201,1
12202,1
12203,1
12204,1
12207,1
12208,1
12209,1
12210,1
12211,1
12212,1
12213,1
12214,1
12373,1
12374,1
12375,1
12376,1
12377,1
12378,1
12379,1
12380,1
12381,1
12382,1
12383,1
12384,1
12385,1
12386,1
12387,1
12388,1
12389,1
12390,1
12391,1
12392,1
12394,1
12395,1
12396,1
12397,1
12398,1
12399,1
12400,1
12401,1
12402,1
12403,1
12404,1
12405,1
12406,1
12416,1
12417,1
12418,1
12419,1
30873,1
30874,1
30875,1
30876,1
30877,1
30885,1
30886,1
30887,1
30889,1
30890,1
30891,1
30892,1
30893,1
30894,1
30896,1
30899,1
30900,1
30906,1
30907,1
30908,1
30909,1
30910,1
30911,1
30922,1
30923,1
30924,1
30925,1
30926,1
30927,1
30928,1
30929,1
30930,1
30931,1
30932,1
30954,1
30955,1
30956,1
30957,1
30958,1
30959,1
30970,1
30971,1
30972,1
30973,1
30974,1
30975,1
30976,1
30977,1
30978,1
30984,3
30985,3
30986,3
30987,3
30988,3
30989,3
30990,3
30991,3
30992,3
30993,3
30999,1
31000,1
31001,1
31002,1
31003,1
31004,1
31005,1
31006,1
31007,1
31008,1
31009,1
31010,1
31011,1
31012,1
31013,1
31014,1
31015,1
31016,1
31017,1
31018,1
31019,1
31020,1
31021,1
31055,1
31056,1
31057,1
31058,1
31059,1
31061,1
31062,1
31063,1
31155,1
31156,1
31157,1
31158,1
31159,1
31164,1
31165,1
31166,1
31167,1
31168,1
31185,1
31186,1
31187,1
31188,1
31189,1
31190,1
31271,1
31272,1
31273,1
31274,1
31275,1
31278,1
31279,1
31280,1
31281,1
31282,1
31283,1
31284,1
31285,1
31286,1
31303,1
31304,1
31305,1
31306,1
31307,1
31308,1
31314,2
31315,2
31316,2
31317,2
31318,2
31323,2
31326,2
31327,2
31411,1
31412,1
31413,1
31414,1
31415,1
31416,1
31417,1
31418,1
31435,1
31436,1
31437,1
31438,1
31439,1
31442,1
31443,1
31444,1
31450,1
31451,1
31452,1
31453,1
31454,1
31455,1
31461,1
31462,1
31463,1
31464,1
31465,1
31466,1
31525,1
31526,1
31527,1
31528,1
31529,1
31530,1
31531,1
31532,1
31533,1
38130,1
38131,1
38132,1
38133,1
38134,1
38135,1
38136,1
38137,1
38138,1
38139,1
38140,1
38142,1
38143,1
38144,1
38145,1
38146,1
38173,1
38174,1
38175,1
38176,1
38182,4
38183,4
38184,4
38185,4
38186,4
38191,4
38192,4
38193,4
38194,4
38195,4
38196,4
38197,4
38206,4
38207,4
38208,4
38209,4
38210,4
38211,4
38212,4
38214,3
38215,3
38216,3
38217,3
38218,3
38219,3
38220,3
38221,1
38222,1
38223,1
38224,1
40655,1
40656,1
40657,1
40658,1
40659,1
40660,1
40661,1
40662,1
