10928,1
10929,1
10930,1
10931,1
10932,1
10933,1
10934,1
10935,1
10936,1
10937,1
10938,1
10939,1
10940,1
10941,1
10942,1
10943,1
10944,1
10945,1
10946,1
10947,1
10948,1
10949,1
10950,1
10951,1
10952,1
10953,1
10954,1
10955,1
10956,1
10957,1
10958,1
10959,1
10960,1
10961,1
10962,1
10963,1
10964,1
10965,1
10966,1
10967,1
10968,1
11390,1
11391,1
11392,1
11393,1
11394,1
11395,1
11396,1
11397,1
11398,1
11497,2
11498,2
11499,2
11500,2
11501,2
11502,2
11503,2
11504,2
11505,2
11506,2
11507,2
11508,2
11509,2
13309,1
13310,1
13311,1
13312,1
13313,1
13314,1
13315,1
13316,1
13317,1
13318,1
13319,1
13320,1
13321,1
13322,1
13323,1
13324,1
13325,1
13326,1
13327,1
13328,1
13329,1
13330,1
13331,1
13332,1
13333,1
13334,1
13335,1
13336,1
13337,1
13338,1
13339,1
13340,1
13341,1
13342,1
13343,1
13344,1
13345,1
13346,1
13347,1
13348,1
13349,1
13350,1
13351,1
13352,1
13353,1
13354,1
13355,1
13356,1
13357,1
13358,1
13359,1
13360,1
13361,1
13362,1
13363,1
13364,1
13365,1
13366,1
13367,1
13368,1
13369,1
13370,1
13371,1
13372,1
13373,1
13374,1
13375,1
13376,1
13377,1
13378,1
13379,1
13380,1
13381,1
13382,1
13383,1
13384,1
13385,1
13386,1
13387,1
13388,1
13389,1
13390,1
13391,1
13392,1
13393,1
13394,1
13395,1
13396,1
13397,1
13398,1
13399,1
13400,1
13401,1
13402,1
13403,1
13404,1
13405,1
13406,1
13407,1
13408,1
13409,1
13410,1
13411,1
13412,1
13413,1
13414,1
13415,1
13416,1
13417,1
13418,1
13419,1
13420,1
13421,1
13422,1
13423,1
13424,1
13425,1
13426,1
13427,1
13428,1
13429,1
13430,1
13431,1
13432,1
13433,1
13434,1
13435,1
13436,1
13437,1
13438,1
21334,1
21335,1
21336,1
21337,1
21338,1
21339,1
21340,1
21341,1
21342,1
21343,1
21344,1
21345,1
21346,1
21347,1
21348,1
21349,1
21350,1
21351,1
21352,1
21353,1
21354,1
21355,1
21356,1
21357,1
21358,1
21359,1
21360,1
21361,1
21362,1
21363,1
21364,1
21365,1
21366,1
21367,1
21368,1
21369,1
21370,1
21371,1
21372,1
21373,1
21374,1
21375,1
21376,1
21377,1
21378,1
21379,1
21380,1
21381,1
21382,1
21383,1
21384,1
21385,1
21386,1
21387,1
21388,1
21389,1
21390,1
21391,1
21392,1
21393,1
21394,1
21395,1
21396,1
21629,2
21630,2
21631,2
21632,2
21633,2
21634,2
21635,2
21636,2
21637,2
21638,2
21639,2
21640,2
21641,2
21642,2
21643,2
21644,2
21645,2
21646,2
21647,2
21648,2
21649,2
21650,2
21651,2
21652,2
21658,5
21659,5
21660,5
21661,5
21662,5
21663,5
21664,5
21665,5
21666,5
21667,5
21668,5
21669,5
21670,5
21671,5
21672,5
21673,5
21682,5
21683,5
21684,5
21685,5
21686,5
21687,5
21688,5
21689,5
21690,5
21691,5
21692,5
21693,5
21702,5
21703,5
21704,5
21705,5
21706,5
21707,5
21708,5
21710,5
21711,5
21712,5
21831,2
21832,2
21833,2
21834,2
21835,2
21836,2
21842,4
21843,4
21844,4
21845,4
21846,4
21847,4
21864,1
21865,1
21866,1
21867,1
21868,1
21869,1
22006,1
22007,1
22008,1
22009,1
22010,1
22011,1
22012,1
22013,1
22014,1
22015,1
22016,1
22017,1
22018,1
22020,1
22021,1
22022,1
22033,1
22034,1
22035,1
22037,1
22038,1
22039,1
22040,1
22041,1
22042,1
22043,1
22044,1
22045,1
22046,1
22047,1
22048,1
22049,1
22050,1
22062,1
22063,1
22064,1
22066,1
22067,1
22068,1
22070,1
22071,1
22072,1
22073,1
22074,1
22075,1
22076,1
22077,1
22078,1
22079,1
22080,1
22081,1
22082,1
22083,1
22084,1
22085,1
22086,1
22087,1
22088,1
22089,1
22090,1
22091,1
22092,1
22093,1
22094,1
22095,1
22096,1
22098,1
22099,1
22100,1
22102,1
22103,1
22104,1
22105,1
22106,1
22107,1
22108,1
22109,1
22110,1
22111,1
22112,1
22113,1
22114,1
22229,1
22230,1
22231,1
22232,1
22233,1
22234,1
22235,1
22236,1
22237,1
22238,1
22239,1
22240,1
22241,1
22242,1
22243,1
22244,1
22245,1
22246,1
22247,1
22248,1
22249,1
22250,1
22251,1
22252,1
22253,1
22254,1
22255,1
22256,1
22257,1
22258,1
22259,1
22260,1
22261,1
22262,1
22263,1
22264,1
22265,1
22266,1
22267,1
22323,1
22324,1
22325,1
22326,1
22327,1
22328,1
22329,1
22330,1
22331,1
22332,1
22333,1
22334,1
22335,1
22336,1
22337,1
22338,1
22339,1
22340,1
22341,1
22342,1
22343,1
22344,1
22345,1
22346,1
22347,1
22348,1
22349,1
22350,1
22351,1
22352,1
22353,1
22354,1
22355,1
22356,1
22357,1
22358,1
22359,1
22360,1
22361,1
22362,1
22363,1
22364,1
22365,1
22366,1
22367,1
22369,1
22370,1
22371,1
22372,1
22373,1
22374,1
22375,1
22376,1
22377,1
22378,1
22379,1
22380,1
22381,1
22382,1
22383,1
22384,1
22455,1
22456,1
22457,1
22458,1
22459,1
22461,1
22462,1
22463,1
22464,1
22465,1
22466,1
22467,1
22468,1
22469,1
22470,1
22471,1
22472,1
22473,1
22474,1
22475,1
22476,1
22477,1
22478,1
22479,1
22480,1
22481,1
22482,1
22488,3
22489,3
22490,3
22491,3
22492,3
22493,3
22494,3
22495,3
22496,3
22497,3
22498,3
22499,3
22500,3
22501,3
22502,3
22503,3
22504,3
22505,3
22506,3
22507,3
22508,3
22509,3
22510,3
22511,3
22512,3
22513,3
22514,3
22515,3
22516,3
22517,3
22518,3
22519,3
22520,3
22521,3
22522,3
22523,3
22524,3
22525,3
22526,3
22527,3
22533,2
22534,2
22535,2
22536,2
22537,2
22538,2
22539,2
22540,2
22541,2
22542,2
22543,2
22544,2
22545,2
22546,2
22547,2
22548,2
22549,2
22550,2
22556,1
22557,1
22558,1
22559,1
22560,1
22561,1
22562,1
22563,1
22564,1
22565,1
22566,1
22567,1
22568,1
22569,1
22570,1
22571,1
22572,1
22573,1
22574,1
22575,1
22576,1
22577,1
22578,1
22579,1
22580,1
22581,1
22582,1
22583,1
22584,1
22585,1
22586,1
22587,1
22588,1
22589,1
22590,1
22591,1
22592,1
22593,1
22594,1
22595,1
22597,1
22598,1
22599,1
22600,1
22601,1
22602,1
22603,1
22604,1
22605,1
22606,1
22607,1
22608,1
22609,1
22610,1
22611,1
22788,1
22789,1
22790,1
22791,1
22792,1
22794,1
22795,1
22796,1
22797,1
22798,1
22799,1
22800,1
22801,1
22802,1
22803,1
22902,1
22903,1
22904,1
22905,1
22906,1
22908,1
22909,1
22910,1
22911,1
22917,5
22918,5
22919,5
22920,5
22921,5
22922,5
22923,5
22924,5
22925,5
22926,5
22927,5
22928,5
22929,5
22930,5
22931,5
22932,5
22933,5
22934,5
22936,5
22937,5
22938,5
22939,5
22940,5
22941,5
22942,5
22943,5
22944,5
22945,5
22946,5
22947,5
22948,5
22949,5
23076,3
23077,3
23078,3
23079,3
23080,3
23081,3
23082,3
23083,3
23084,3
23085,3
23086,3
23087,3
23088,3
23089,3
23090,3
23091,3
23092,3
23093,3
23094,3
23095,3
23096,3
23097,3
23098,3
23099,3
23101,5
23102,5
23103,5
23105,2
23106,2
23107,2
23108,2
23109,2
23110,2
23111,2
23112,2
23113,2
23114,2
23116,3
23117,3
23118,3
23119,5
23120,5
23121,5
23122,5
23123,5
23124,5
23125,5
23126,5
23127,5
23128,5
23129,5
23130,5
23131,8
23132,8
23133,8
23134,8
23135,8
23136,8
23137,8
23139,3
23140,3
23145,3
23146,3
23147,3
23148,3
23154,5
23155,5
23156,5
23157,5
23158,5
23160,5
23161,5
23162,5
23168,5
23169,5
23170,5
23171,5
23172,5
23173,5
23174,5
23175,5
23177,1
23178,1
23179,1
23180,6
23181,6
23182,6
23184,6
23185,6
23186,6
23187,6
23188,6
23189,6
23190,6
23191,6
23193,5
23194,5
23195,5
23196,5
23197,5
23198,5
23199,5
23200,5
23201,5
41001,1
41002,1
41003,1
41004,1
41005,1
41006,1
41007,1
41049,1
41050,1
41051,1
41052,1
41053,1
41054,1
41055,1
41056,1
