1481,1
1482,1
1483,1
1484,1
1485,1
1486,1
1487,1
1493,1
1494,1
1495,1
1496,1
1497,1
1498,1
1499,1
1511,1
1512,1
1513,1
1520,4
1521,4
1522,4
1523,4
1524,4
1525,4
1531,1
1532,1
1533,1
1534,1
1535,1
1536,1
1542,1
1543,1
1544,1
1545,1
1546,1
1547,1
1548,1
1549,1
1550,1
1551,1
1552,1
1553,1
1554,1
1555,1
1603,1
1604,1
1605,1
1606,1
1607,1
1608,1
1609,1
1610,1
1611,1
1612,1
1613,1
1614,1
1615,1
1617,1
1618,1
1619,1
1620,1
1621,1
1622,1
1623,1
1624,1
1625,1
1626,1
1627,2
1628,2
1629,2
1630,2
1631,2
1633,1
1634,1
1635,1
1636,1
1637,1
1638,1
1639,1
1640,1
1653,1
1654,1
1655,1
1656,1
1657,1
1659,1
1660,1
1661,1
1662,1
1663,1
1664,1
1665,1
1666,1
1667,1
1668,1
1669,1
1670,1
1671,1
1672,1
1673,1
1674,1
1675,1
1676,1
1677,1
1678,1
1685,1
1686,1
1687,1
1688,1
1689,1
1690,1
1691,1
1692,1
1693,1
1694,1
1695,1
1696,1
1697,1
1698,1
1699,1
1700,1
1701,1
1702,1
1703,1
1704,1
1705,1
1706,1
1707,1
1709,1
1710,1
1711,1
1712,1
1713,1
1714,1
1715,1
1716,1
1717,1
1718,1
1719,1
1720,1
1721,1
1729,1
1730,1
1731,1
1732,1
1733,1
1734,1
1735,1
1758,1
1759,1
1760,1
1761,1
1762,1
1763,1
1764,1
1766,1
1767,1
1768,1
1791,1
1792,1
1793,1
1794,1
1795,1
1796,1
1797,1
1798,1
1799,1
1800,1
1817,1
1818,1
1819,1
1852,2
1853,2
1854,2
1855,2
1856,2
1858,1
1859,1
1860,1
1861,1
1862,1
1863,1
1864,1
1865,1
1866,1
1867,1
1868,1
1869,1
1870,1
1871,1
1872,1
1970,1
1971,1
1972,1
1973,1
1974,1
1975,1
1976,1
1977,1
1978,1
1979,1
1980,1
1981,1
1982,1
1983,1
1984,1
2008,1
2009,1
2010,1
2011,1
2012,1
2013,1
2014,1
2015,1
2016,1
2017,1
2018,1
2019,1
2020,1
2021,1
2022,1
2023,1
2024,1
2025,1
2026,1
2027,1
2028,1
2029,1
2039,1
2040,1
2041,1
2042,1
2043,1
2044,1
2045,1
2046,1
2047,1
2048,1
2049,1
2055,1
2056,1
2057,1
2058,1
2059,1
2061,1
2062,1
2063,1
2228,1
2229,1
2230,1
2231,1
2232,1
2233,1
2234,1
2235,1
2236,1
2237,1
2238,1
2239,1
2240,1
2241,1
2242,1
2243,1
2244,1
2245,1
2246,1
2247,1
2248,1
2249,1
2255,1
2256,1
2257,1
2258,1
2259,1
2260,1
2261,1
2273,1
2274,1
2275,1
2276,1
2277,1
2278,1
2279,1
2280,1
2312,1
2313,1
2314,1
10928,1
10929,1
10930,1
10931,1
10932,1
10933,1
10934,1
10935,1
10936,1
10937,1
10938,1
10939,1
10940,1
10941,1
10942,1
10943,1
10944,1
10945,1
10946,1
10947,1
10948,1
10949,1
10950,1
10951,1
10952,1
10953,1
10954,1
10955,1
10956,1
10957,1
10958,1
10959,1
10960,1
10961,1
10962,1
10963,1
10964,1
10965,1
10966,1
10967,1
10968,1
10974,1
10975,1
10976,1
10977,1
10978,1
10979,1
10980,1
10981,1
10982,1
10983,1
10984,1
10985,1
10986,1
10988,1
10989,1
10990,1
10991,1
10992,1
10993,1
10994,1
10995,1
10996,1
10997,1
10998,1
10999,1
11000,1
11001,1
11002,1
11003,1
11004,1
11036,1
11037,1
11038,1
11039,1
11040,1
11041,1
11042,1
11043,1
11044,1
11045,1
11046,1
11047,1
11048,1
11236,1
11237,1
11238,1
11239,1
11240,1
11241,1
11242,1
11243,1
11244,1
11245,1
11246,1
11247,1
11248,1
11249,1
11250,1
11251,1
11252,1
11253,1
11254,1
11255,1
11256,1
11257,1
11258,1
11259,1
11261,1
11262,1
11263,1
11264,1
11265,1
11266,1
11267,1
11313,2
11314,2
11315,2
11316,2
11317,2
11318,2
11319,2
11320,2
11321,2
11322,2
11323,2
11324,2
11325,2
11326,2
11327,2
11328,2
11329,2
11331,2
11332,2
11333,2
11334,2
11335,2
11336,2
11337,2
11338,2
11339,2
11354,1
11355,1
11356,1
11357,1
11358,1
11359,1
11360,1
11361,1
11362,1
11363,1
11364,1
11365,1
11366,1
11372,1
11373,1
11374,1
11375,1
11376,1
11377,1
11378,1
11379,1
11380,1
11381,1
11382,1
11383,1
11384,1
11404,1
11405,1
11406,1
11407,1
11408,1
11409,1
11410,1
11411,1
11412,1
11441,1
11442,1
11443,1
11444,1
11445,1
11446,1
11447,1
11448,1
11449,1
11450,1
11451,1
11452,1
11453,1
11454,1
11455,1
11456,1
11457,1
11467,1
11468,1
11497,1
11498,1
11499,1
11500,1
11501,1
11502,1
11503,1
11504,1
11505,1
11506,1
11507,1
11508,1
11509,1
11573,1
11574,1
11575,1
11576,1
11577,1
11578,1
11579,1
11580,1
11581,1
11582,1
11583,1
11584,1
11585,1
11586,1
11587,1
11588,1
11589,1
11590,1
11591,1
11592,1
11593,1
11594,1
11595,1
11596,1
11597,1
11621,1
11622,1
11623,1
11624,1
11625,1
11626,1
11627,1
11628,1
11629,1
11630,1
11631,1
11632,1
11633,1
12286,1
12287,1
12288,1
12289,1
12290,1
12291,1
12292,1
12293,1
12294,1
12295,1
12296,1
12302,1
12303,1
12304,1
12305,1
12306,1
12307,1
12308,1
12309,1
12310,1
12311,1
12312,1
12313,1
12332,1
12333,1
12334,1
12335,1
12336,1
12337,1
12338,1
12339,1
12340,1
12341,1
12342,1
12343,1
12344,1
12345,1
12346,1
12347,1
12349,1
12350,1
12351,1
12352,1
12353,1
12354,1
12355,1
12356,1
12357,1
12358,1
12359,1
12360,1
12361,1
12362,1
12364,1
12365,1
12366,1
12367,1
12368,1
12369,1
12370,1
12372,1
12373,1
12374,1
12375,1
12376,1
12377,1
12378,1
12379,1
12380,1
24093,1
24094,1
24095,1
24096,1
24097,1
24098,1
24099,1
24100,1
24101,1
24102,1
24103,1
24104,1
24105,1
24106,1
24107,1
24108,1
24109,1
24110,1
24111,1
24112,1
24113,1
24114,1
24115,1
24116,1
24117,1
24118,1
24119,1
24120,1
24121,1
24122,1
24123,1
24124,1
24125,1
24126,1
24127,1
24128,1
24129,1
24130,1
24131,1
24132,1
24133,1
24134,1
24135,1
24136,1
24137,1
24138,1
24139,1
24140,1
24141,1
24142,1
24143,1
24144,1
24145,1
24146,1
24147,1
24148,1
24149,1
24150,1
24151,1
25582,1
25583,1
25584,1
25585,1
25586,1
25587,1
25588,1
25589,1
25590,1
25591,1
25592,1
25593,1
25594,1
25595,1
25596,1
25597,1
25598,1
25734,1
25735,1
25736,1
25737,1
25738,1
25739,1
25740,1
25741,1
25742,1
25743,1
25744,1
25745,1
25746,1
25747,1
25748,1
25749,1
25750,1
25751,1
25752,1
25753,1
25754,1
25755,1
25756,1
25757,1
25759,1
25760,1
25761,1
25762,1
25763,1
25764,1
25765,1
25766,1
25767,1
25768,1
25769,1
25770,1
25771,1
25773,1
25774,1
25775,1
25776,1
25777,1
25790,1
25791,1
25792,1
25793,1
25794,1
25795,1
25796,1
25798,1
25799,1
25800,1
25801,1
25802,1
25803,1
25804,1
25805,1
25806,1
25807,1
25809,1
25818,1
25819,1
25820,1
25821,1
25822,1
25823,1
25824,1
25825,1
25826,1
25827,1
25828,1
25829,1
25830,1
25831,1
25832,1
25845,1
25846,1
25847,1
25848,1
25861,1
25862,1
25863,1
25864,1
25865,1
25866,1
25867,1
25868,1
25869,1
25870,1
25871,1
25872,1
25873,1
25874,1
25875,1
25876,1
25877,1
25878,1
25879,1
25880,1
25881,1
25882,1
25883,1
25884,1
25885,1
25886,1
25887,1
25888,1
25889,1
25890,1
25891,1
25892,1
25893,1
25894,1
25895,1
25896,1
25897,1
26033,1
26034,1
26035,1
26036,1
26037,1
26038,1
26039,2
26040,2
26041,2
26042,2
26043,2
26045,1
26046,1
26047,1
26048,1
26049,1
26050,1
26051,1
26052,1
26053,1
26059,1
26060,1
26061,1
26062,1
26063,1
26064,1
26085,1
26086,1
26087,1
26093,1
26094,1
26095,1
26096,1
26097,1
26098,1
26099,1
26100,1
26101,1
26102,1
26103,1
26104,1
26105,1
26106,1
31301,1
31302,1
31303,1
31304,1
31305,1
31306,1
31307,1
31308,1
31309,1
31310,1
31311,1
31312,1
31313,1
31314,1
31315,1
31316,1
31317,1
31323,1
31324,1
31325,1
31326,1
31327,1
31328,1
31329,1
31330,1
31331,1
31332,1
31333,1
31334,1
31335,1
31336,1
31337,1
31338,1
31339,1
31340,1
31341,1
31342,1
31343,1
31344,1
31345,1
31346,1
31347,1
31348,1
31349,1
31350,1
31351,1
31352,1
31353,1
31354,1
31355,1
31356,1
31357,1
31358,1
31359,1
31360,1
31361,1
31362,1
31363,1
31364,1
31365,1
31371,1
31372,1
31373,1
31374,1
31375,1
31376,1
31377,1
31378,1
31498,1
31499,1
31500,1
31501,1
31502,1
31503,1
31504,1
31505,1
31506,1
31507,1
31513,1
31514,1
31515,1
31516,1
31517,1
31518,1
31519,1
31520,1
31521,1
31522,1
31523,1
31524,1
31525,1
31526,1
31527,1
31528,1
31529,1
31530,1
31531,1
31532,1
31533,1
31534,1
31535,1
31567,1
31568,1
31569,1
31570,1
31571,1
31573,1
31574,1
31575,1
31666,2
31667,2
31668,2
31669,2
31670,2
31672,2
31673,2
31678,2
31679,2
31685,3
31686,3
31687,3
31688,3
31689,3
31690,3
31696,1
31697,1
31698,1
31699,1
31700,1
31701,1
31825,1
31826,1
31827,1
31828,1
31829,1
31831,1
31832,1
31834,1
31902,1
31903,1
31904,1
31905,1
31906,1
31908,1
31954,2
31955,2
31956,2
31957,2
31958,2
31959,2
32076,1
32077,1
32078,1
32079,1
32080,1
32081,1
32082,1
32083,1
32084,1
32085,1
32091,1
32092,1
32093,1
32094,1
32095,1
32096,1
32097,1
32098,1
32099,1
32100,1
32121,1
32122,1
32123,1
32124,1
32125,1
32126,1
32127,1
32128,1
32129,1
32130,1
32136,1
32137,1
32138,1
32139,1
32140,1
32141,1
32142,1
32143,1
32144,1
32145,1
32151,1
32152,1
32153,1
32154,1
32155,1
32156,1
32157,1
32158,1
32159,1
32160,1
32166,1
32167,1
32168,1
32169,1
32170,1
32171,1
32172,1
32173,1
32174,1
32175,1
32197,1
32198,1
32199,1
32200,1
32201,1
32202,1
32203,1
32204,1
32205,1
32206,1
38747,5
38748,5
38749,5
38750,5
38751,5
38756,5
38757,5
38758,5
38759,5
38760,5
38761,5
38762,5
38764,3
38765,3
38766,3
38767,3
38768,3
38769,3
38770,3
38771,2
38772,2
38773,2
38774,2
38775,2
38776,2
38777,2
38786,2
38787,2
38788,2
38789,2
38842,1
38843,1
38844,1
38845,1
38846,1
38848,1
38849,1
38850,1
38994,1
38995,1
38996,1
38997,1
39012,1
39013,1
39014,1
39015,1
39016,1
39017,1
39039,1
39040,1
39041,1
39042,1
39043,1
39044,1
39045,1
39046,1
39047,1
39048,1
39049,1
39050,1
39051,1
39052,1
39053,1
39054,1
39055,1
39056,1
39057,1
39058,1
39059,1
39060,1
39061,1
39062,1
39063,1
39064,1
39065,1
39066,1
39067,1
39068,1
39069,1
39070,1
39071,1
39072,1
39073,1
39074,1
39075,1
39076,1
39077,1
39078,1
39079,1
39080,1
39081,1
39082,1
39083,1
39084,1
39085,1
39086,1
39087,1
39088,1
39089,1
39090,1
39091,1
39092,1
39093,1
39094,1
39095,1
39096,1
39097,1
39098,1
39099,1
39100,1
39101,1
39102,1
39103,1
39104,1
39105,1
39118,1
39119,1
39120,1
39121,1
39122,1
39123,1
39124,1
39125,1
39264,1
39265,1
39266,1
39267,1
39268,1
39269,1
39270,1
39271,1
39272,1
39273,1
39274,1
39275,1
39276,1
39277,1
39278,1
39279,1
39280,1
39281,1
39282,1
39283,1
39284,1
39285,1
39286,1
39287,1
39288,1
39289,1
39290,1
39291,1
39292,1
39327,1
39328,1
39329,1
39330,1
39331,1
39332,1
39333,1
39334,1
39335,1
39336,1
