1497,1
1498,1
1499,1
1500,1
1501,1
1502,1
1503,1
1515,1
1516,1
1517,1
1524,5
1525,5
1526,5
1527,5
1528,5
1529,5
1535,1
1536,1
1537,1
1538,1
1539,1
1540,1
1565,1
1566,1
1567,1
1568,1
1569,1
1570,1
1571,1
1572,1
1573,1
1574,1
1575,1
1576,1
1577,1
1578,1
1579,1
1580,1
1607,1
1608,1
1609,1
1610,1
1611,1
1612,1
1613,1
1614,1
1615,1
1616,1
1617,1
1618,1
1619,1
1620,4
1621,4
1622,4
1623,4
1625,3
1626,3
1627,3
1628,3
1629,3
1630,3
1631,3
1632,3
1633,3
1634,3
1635,3
1637,1
1638,1
1639,1
1640,1
1641,1
1642,1
1643,1
1644,1
1645,1
1646,1
1647,1
1648,1
1663,1
1664,1
1665,1
1666,1
1667,1
1668,1
1669,1
1670,1
1671,1
1672,1
1673,1
1674,1
1675,1
1676,1
1677,1
1678,1
1679,1
1680,1
1681,1
1682,1
1689,1
1690,1
1691,1
1692,1
1693,1
1694,1
1695,1
1696,1
1697,1
1698,1
1699,1
1700,1
1701,1
1702,1
1703,1
1704,1
1705,1
1706,1
1707,1
1708,1
1709,1
1710,3
1711,3
1712,3
1713,3
1714,3
1716,2
1717,2
1718,2
1719,2
1720,2
1721,2
1722,2
1723,2
1724,2
1725,2
1726,2
1727,2
1728,2
1734,2
1735,2
1736,2
1737,2
1738,2
1739,2
1740,2
1759,2
1760,2
1761,2
1762,2
1763,2
1764,2
1765,2
1767,1
1768,1
1769,1
1771,1
1772,1
1773,1
1774,1
1775,1
1776,1
1790,1
1791,1
1792,1
1793,1
1794,1
1795,1
1796,1
1797,1
1799,1
1800,1
1801,1
1802,1
1803,1
1804,1
1805,1
1806,1
1807,1
1808,1
1809,1
1811,1
1812,1
1813,1
1814,2
1815,2
1816,2
1818,3
1819,3
1820,3
1821,3
1822,3
1824,2
1825,2
1826,2
1827,2
1828,2
1829,2
1830,2
1831,2
1832,2
1833,2
1834,2
1835,2
1836,2
1838,2
1839,2
1840,2
1841,2
1842,2
1843,2
1844,2
1845,2
1846,2
1847,2
1849,2
1850,2
1852,1
1853,1
1854,1
1855,1
1856,1
1857,1
1858,1
1859,1
1860,1
1861,1
1862,1
1863,1
1864,1
1865,1
1866,1
1965,1
1966,1
1967,1
1968,1
1969,1
1970,1
1971,1
1972,1
1973,1
1974,1
1975,1
1976,1
1977,1
1978,1
1979,1
2005,1
2006,1
2007,1
2008,1
2009,1
2010,1
2011,1
2012,1
2013,1
2014,1
2015,1
2016,1
2017,1
2018,1
2019,1
2020,1
2021,1
2022,1
2023,1
2024,1
2025,1
2026,1
2036,1
2037,1
2038,1
2039,1
2040,1
2041,1
2042,1
2043,1
2044,1
2045,1
2046,1
2052,1
2053,1
2054,1
2055,1
2056,1
2058,1
2059,1
2060,1
2227,1
2228,1
2229,1
2230,1
2231,1
2232,1
2233,1
2234,1
2235,1
2236,1
2237,1
2238,1
2239,1
2240,1
2241,1
2242,1
2243,1
2244,1
2245,1
2246,1
2247,1
2248,1
2254,1
2255,1
2256,1
2257,1
2258,1
2259,1
2260,1
2272,1
2273,1
2274,1
2275,1
2276,1
2277,1
2278,1
2279,1
2311,1
2312,1
2313,1
9644,1
9645,1
9646,1
9647,1
9648,1
9649,1
9650,1
9651,1
9652,1
9653,1
9654,1
9655,1
9656,1
9657,1
9658,1
9659,1
9660,1
9661,1
9662,1
9663,1
9664,1
9665,1
9666,1
9667,1
9668,1
9669,1
9670,1
9671,1
9672,1
9673,1
9674,1
9675,1
9676,1
9677,1
9678,1
9679,1
9680,1
9681,1
9682,1
9683,1
9684,1
9685,1
9686,1
9687,1
9688,1
9689,1
9690,1
9691,1
9692,1
9693,1
9694,1
9695,1
9696,1
9697,1
9698,1
9699,1
9700,1
9701,1
9702,1
9703,1
9704,1
9705,1
9706,1
9707,1
9708,1
9709,1
9710,1
9711,1
9712,1
9713,1
9714,1
9715,1
9716,1
9717,1
9718,1
9719,1
9720,1
9721,1
9722,1
9723,1
11352,1
11353,1
11354,1
11355,1
11356,1
11357,1
11358,1
11359,1
11360,1
11361,1
11362,1
11363,1
11364,1
11365,1
11366,1
11367,1
11368,1
11370,1
11371,1
11372,1
11373,1
11374,1
11375,1
11376,1
11377,1
11378,1
11393,1
11394,1
11395,1
11396,1
11397,1
11398,1
11399,1
11400,1
11401,1
11402,1
11403,1
11404,1
11405,1
11411,1
11412,1
11413,1
11414,1
11415,1
11416,1
11417,1
11418,1
11419,1
11420,1
11421,1
11422,1
11423,1
11443,1
11444,1
11445,1
11446,1
11447,1
11448,1
11449,1
11450,1
11451,1
11480,2
11481,2
11482,2
11483,2
11484,2
11485,2
11486,2
11487,2
11488,2
11489,2
11490,2
11491,2
11492,2
11493,2
11494,2
11495,2
11496,2
11505,2
11508,2
11509,2
11538,1
11539,1
11540,1
11541,1
11542,1
11543,1
11544,1
11545,1
11546,1
11547,1
11548,1
11549,1
11550,1
11614,1
11615,1
11616,1
11617,1
11618,1
11619,1
11620,1
11621,1
11622,1
11623,1
11624,1
11625,1
11626,1
11627,1
11628,1
11629,1
11630,1
11631,1
11632,1
11633,1
11634,1
11635,1
11636,1
11637,1
11638,1
11644,3
11645,3
11646,3
11647,3
11648,3
11649,3
11650,3
11651,3
11652,3
11653,3
11654,3
11655,3
11656,3
11662,1
11663,1
11664,1
11665,1
11666,1
11667,1
11668,1
11669,1
11670,1
11671,1
11672,1
11673,1
11674,1
11680,2
11681,2
11682,2
11683,2
11684,2
11685,2
12327,1
12328,1
12329,1
12330,1
12331,1
12332,1
12333,1
12334,1
12335,1
12336,1
12337,1
12343,1
12344,1
12345,1
12346,1
12347,1
12348,1
12349,1
12350,1
12351,1
12352,1
12353,1
12354,1
12373,1
12374,1
12375,1
12376,1
12377,1
12378,1
12379,1
12380,1
12381,1
12382,1
12383,1
12384,1
12385,1
12386,1
12387,1
12388,1
12389,1
12390,1
12391,1
12392,1
12394,1
12395,1
12396,1
12397,1
12398,1
12399,1
12400,1
12401,1
12402,1
12403,1
12404,1
12405,1
12406,1
12416,1
12417,1
12418,1
12419,1
30984,3
30985,3
30986,3
30987,3
30988,3
30989,3
30990,3
30991,3
30992,3
30993,3
30999,1
31000,1
31001,1
31002,1
31003,1
31004,1
31005,1
31006,1
31007,1
31008,1
31009,1
31010,1
31011,1
31012,1
31013,1
31014,1
31015,1
31016,1
31017,1
31018,1
31019,1
31020,1
31021,1
31055,1
31056,1
31057,1
31058,1
31059,1
31061,1
31062,1
31063,1
31155,1
31156,1
31157,1
31158,1
31159,1
31164,1
31165,1
31166,1
31167,1
31168,1
31185,1
31186,1
31187,1
31188,1
31189,1
31190,1
31314,1
31315,1
31316,1
31317,1
31318,1
31320,1
31321,1
31325,1
31326,1
31327,1
31450,1
31451,1
31452,1
31453,1
31454,1
31455,1
38182,4
38183,4
38184,4
38185,4
38186,4
38191,4
38192,4
38193,4
38194,4
38195,4
38196,4
38197,4
38206,4
38207,4
38208,4
38209,4
38210,4
38211,4
38212,4
38214,3
38215,3
38216,3
38217,3
38218,3
38219,3
38220,3
38221,1
38222,1
38223,1
38224,1
40655,1
40656,1
40657,1
40658,1
40659,1
40660,1
40661,1
40662,1
