1497,2
1498,2
1499,2
1500,2
1501,2
1502,2
1503,2
1515,2
1516,2
1517,2
1524,10
1525,10
1526,10
1527,10
1528,10
1529,10
1535,2
1536,2
1537,2
1538,2
1539,2
1540,2
1546,1
1547,1
1548,1
1549,1
1550,1
1551,1
1552,1
1553,1
1554,1
1555,1
1556,1
1557,1
1558,1
1559,1
1565,1
1566,1
1567,1
1568,1
1569,1
1570,1
1571,1
1572,1
1573,1
1574,1
1575,1
1576,1
1577,1
1578,1
1579,1
1580,1
1607,2
1608,2
1609,2
1610,2
1611,2
1612,2
1613,2
1614,2
1615,2
1616,2
1617,2
1618,2
1619,2
1620,8
1621,8
1622,8
1623,8
1625,6
1626,6
1627,6
1628,6
1629,6
1630,6
1631,6
1632,6
1633,6
1634,6
1635,6
1637,2
1638,2
1639,2
1640,2
1641,2
1642,2
1643,2
1644,2
1645,2
1646,2
1647,2
1648,2
1663,2
1664,2
1665,2
1666,2
1667,2
1668,2
1669,2
1670,2
1671,2
1672,2
1673,2
1674,2
1675,2
1676,2
1677,2
1678,2
1679,2
1680,2
1681,2
1682,2
1689,2
1690,2
1691,2
1692,2
1693,2
1694,2
1695,2
1696,2
1697,2
1698,2
1699,2
1700,2
1701,2
1702,2
1703,2
1704,2
1705,2
1706,2
1707,2
1708,2
1709,2
1710,6
1711,6
1712,6
1713,6
1714,6
1716,4
1717,4
1718,4
1719,4
1720,4
1721,4
1722,4
1723,4
1724,4
1725,4
1726,4
1727,4
1728,4
1730,1
1731,1
1732,1
1734,3
1735,3
1736,3
1737,3
1738,3
1739,3
1740,3
1759,3
1760,3
1761,3
1762,3
1763,3
1764,3
1765,3
1767,2
1768,2
1769,2
1771,1
1772,1
1773,1
1774,1
1775,1
1776,1
1790,2
1791,2
1792,2
1793,2
1794,2
1795,2
1796,2
1797,2
1799,1
1800,1
1801,1
1802,1
1803,1
1804,1
1805,1
1806,1
1807,1
1808,1
1809,1
1814,4
1815,4
1816,4
1818,3
1819,3
1820,3
1821,3
1822,3
1824,2
1825,2
1826,2
1827,2
1828,2
1829,2
1830,2
1831,2
1832,2
1833,2
1834,2
1835,2
1836,2
1838,2
1839,2
1840,2
1841,2
1842,2
1843,2
1844,2
1845,2
1846,2
1847,2
1849,4
1850,4
1852,2
1853,2
1854,2
1855,2
1856,2
1857,2
1858,2
1859,2
1860,2
1861,2
1862,2
1863,2
1864,2
1865,2
1866,2
1872,1
1873,1
1874,1
1875,2
1876,2
1877,2
1878,2
1879,2
1881,1
1882,1
1883,1
1884,1
1885,1
1886,1
1887,1
1888,1
1889,1
1890,1
1891,1
1892,1
1893,1
1894,1
1910,1
1911,1
1912,1
1913,1
1914,1
1915,1
1916,1
1917,1
1918,1
1919,1
1920,1
1921,1
1935,1
1936,1
1938,1
1939,1
1940,1
1941,1
1942,1
1957,1
1958,1
1959,1
1965,2
1966,2
1967,2
1968,2
1969,2
1970,2
1971,2
1972,2
1973,2
1974,2
1975,2
1976,2
1977,2
1978,2
1979,2
2005,2
2006,2
2007,2
2008,2
2009,2
2010,2
2011,2
2012,2
2013,2
2014,2
2015,2
2016,2
2017,2
2018,2
2019,2
2020,2
2021,2
2022,2
2023,2
2024,2
2025,2
2026,2
2028,1
2029,1
2030,1
2031,1
2032,1
2033,1
2034,1
2035,1
2036,2
2037,2
2038,2
2039,2
2040,2
2041,2
2042,2
2043,2
2044,2
2045,2
2046,2
2052,2
2053,2
2054,2
2055,2
2056,2
2058,2
2059,2
2060,2
2227,2
2228,2
2229,2
2230,2
2231,2
2232,2
2233,2
2234,2
2235,2
2236,2
2237,2
2238,2
2239,2
2240,2
2241,2
2242,2
2243,2
2244,2
2245,2
2246,2
2247,2
2248,2
2254,2
2255,2
2256,2
2257,2
2258,2
2259,2
2260,2
2272,2
2273,2
2274,2
2275,2
2276,2
2277,2
2278,2
2279,2
2311,2
2312,2
2313,2
9826,1
9827,1
9828,1
9829,1
9830,1
9831,1
9832,1
9833,1
9834,1
9835,1
9836,1
9837,1
9838,1
9839,1
9840,1
9841,1
9842,1
9843,1
9844,1
9845,1
9846,1
9847,1
9848,1
9849,1
9850,1
9851,1
9852,1
9853,1
9854,1
9855,1
9856,1
9857,1
9858,1
9859,1
9860,1
9861,1
9862,1
9863,1
9864,1
9865,1
9866,1
9867,1
9868,1
9869,1
9870,1
9871,1
9872,1
9873,1
9874,1
9875,1
9876,1
9877,1
9878,1
9879,1
9880,1
9881,1
9882,1
9883,1
9884,1
9885,1
9886,1
9887,1
9888,1
9889,1
9890,1
9891,1
9892,1
9893,1
9894,1
9895,1
9896,1
9897,1
9898,1
9899,1
9900,1
9901,1
9902,1
9903,1
9904,1
9905,1
9906,1
9907,1
9908,1
9909,1
9910,1
9911,1
9912,1
9913,1
9914,1
9915,1
9916,1
9917,1
9918,1
9919,1
9920,1
9921,1
9922,1
9923,1
9924,1
9925,1
9926,1
9927,1
9928,1
9929,1
9930,1
9931,1
9932,1
9933,1
9934,1
9935,1
9936,1
9937,1
9938,1
9939,1
9940,1
9941,1
9942,1
9943,1
9944,1
9945,1
9946,1
9947,1
9948,1
9949,1
9950,1
9951,1
9952,1
9953,1
9954,1
9955,1
9956,1
9957,1
9958,1
9959,1
9960,1
9961,1
9962,1
9963,1
9964,1
9965,1
9966,1
9967,1
9968,1
9969,1
9970,1
9971,1
9972,1
9973,1
9974,1
9975,1
9976,1
9977,1
9978,1
9979,1
9980,1
9981,1
9982,1
9983,1
9984,1
9985,1
9986,1
9987,1
9988,1
9989,1
9990,1
9991,1
9992,1
9993,1
9994,1
9995,1
9996,1
9997,1
9998,1
9999,1
10000,1
10001,1
10002,1
10003,1
10004,1
10005,1
10006,1
10007,1
10008,1
10009,1
10010,1
10011,1
10012,1
10013,1
10014,1
10015,1
10016,1
11275,1
11276,1
11277,1
11278,1
11279,1
11280,1
11281,1
11282,1
11283,1
11284,1
11285,1
11286,1
11287,1
11288,1
11289,1
11290,1
11291,1
11292,1
11293,1
11294,1
11295,1
11296,1
11297,1
11298,1
11307,1
11308,1
11309,1
11310,1
11311,1
11312,1
11313,1
11314,1
11315,1
11316,4
11317,4
11318,4
11319,4
11321,3
11322,3
11323,3
11324,3
11325,3
11326,3
11327,3
11328,3
11329,3
11330,3
11331,3
11340,3
11341,3
11343,1
11344,1
11345,1
11346,1
11352,4
11353,4
11354,4
11355,4
11356,4
11357,4
11358,4
11359,4
11360,4
11361,4
11362,4
11363,4
11364,4
11365,4
11366,4
11367,4
11368,4
11370,4
11371,4
11372,4
11373,4
11374,4
11375,4
11376,4
11377,4
11378,4
11393,2
11394,2
11395,2
11396,2
11397,2
11398,2
11399,2
11400,2
11401,2
11402,2
11403,2
11404,2
11405,2
11411,2
11412,2
11413,2
11414,2
11415,2
11416,2
11417,2
11418,2
11419,2
11420,2
11421,2
11422,2
11423,2
11443,2
11444,2
11445,2
11446,2
11447,2
11448,2
11449,2
11450,2
11451,2
11480,8
11481,8
11482,8
11483,8
11484,8
11485,8
11486,8
11487,8
11488,8
11489,8
11490,8
11491,8
11492,8
11493,8
11494,8
11495,8
11496,8
11498,2
11499,2
11500,2
11501,2
11502,2
11503,2
11505,6
11507,2
11508,8
11509,8
11538,2
11539,2
11540,2
11541,2
11542,2
11543,2
11544,2
11545,2
11546,2
11547,2
11548,2
11549,2
11550,2
11614,2
11615,2
11616,2
11617,2
11618,2
11619,2
11620,2
11621,2
11622,2
11623,2
11624,2
11625,2
11626,2
11627,2
11628,2
11629,2
11630,2
11631,2
11632,2
11633,2
11634,2
11635,2
11636,2
11637,2
11638,2
11644,3
11645,3
11646,3
11647,3
11648,3
11649,3
11650,3
11651,3
11652,3
11653,3
11654,3
11655,3
11656,3
11662,2
11663,2
11664,2
11665,2
11666,2
11667,2
11668,2
11669,2
11670,2
11671,2
11672,2
11673,2
11674,2
11680,6
11681,6
11682,6
11683,6
11684,6
11685,6
11691,1
11692,1
11693,1
11694,1
11695,1
11696,1
11697,1
11698,1
11699,1
11700,1
11701,1
11702,1
11703,1
11704,1
11705,1
11706,1
11707,1
11708,1
11709,1
11710,1
11711,1
11712,1
12043,1
12044,1
12045,1
12046,1
12047,1
12052,1
12053,1
12054,1
12055,1
12056,1
12057,1
12058,1
12059,1
12060,1
12061,1
12064,1
12065,1
12066,1
12067,1
12068,1
12069,1
12070,1
12101,1
12102,1
12103,1
12104,1
12105,1
12106,1
12107,1
12108,1
12109,1
12110,1
12111,1
12112,1
12155,1
12156,1
12157,1
12158,1
12159,1
12160,1
12161,1
12162,1
12163,1
12164,1
12165,1
12166,1
12167,1
12168,1
12169,1
12170,1
12171,2
12172,2
12173,2
12174,2
12176,1
12177,1
12178,1
12179,1
12180,1
12181,1
12182,1
12183,1
12184,1
12185,1
12186,1
12188,1
12189,1
12190,1
12191,1
12192,1
12193,1
12194,1
12195,1
12196,1
12197,1
12198,1
12200,1
12201,1
12202,1
12203,1
12204,1
12207,1
12208,1
12209,1
12210,1
12211,1
12212,1
12213,1
12214,1
12327,3
12328,3
12329,3
12330,3
12331,3
12332,3
12333,3
12334,3
12335,3
12336,3
12337,3
12343,3
12344,3
12345,3
12346,3
12347,3
12348,3
12349,3
12350,3
12351,3
12352,3
12353,3
12354,3
12373,4
12374,4
12375,4
12376,4
12377,4
12378,4
12379,4
12380,4
12381,4
12382,4
12383,4
12384,4
12385,4
12386,4
12387,4
12388,4
12389,5
12390,5
12391,5
12392,5
12394,4
12395,4
12396,4
12397,4
12398,4
12399,4
12400,4
12401,4
12402,4
12403,4
12404,4
12405,4
12406,4
12408,1
12409,1
12410,1
12411,1
12412,1
12413,1
12414,1
12416,3
12417,3
12418,3
12419,3
12420,1
12421,1
12423,1
12424,1
12425,1
25232,1
25233,1
25234,1
25235,1
25236,1
25237,1
25238,1
25239,1
25240,1
25241,1
25242,1
25244,1
25245,1
25246,1
25247,1
25248,1
25249,1
25250,1
25251,1
25252,1
25253,1
25254,1
25255,1
25256,1
25257,1
25258,1
25259,1
25260,1
25261,1
25262,1
25291,1
25292,1
25293,1
25294,1
25295,1
25296,1
25297,1
25298,1
25299,1
25300,1
25301,1
25302,1
25303,1
25304,1
25305,1
25306,1
25307,1
25308,1
25309,1
25310,1
25311,1
25312,1
25313,1
25314,1
25315,1
25316,1
25317,1
25318,1
25319,1
25320,1
25321,1
25322,1
25323,1
25324,1
25325,1
25326,1
25327,1
25329,1
25330,1
25331,1
25332,1
25334,1
25335,1
25336,1
25337,1
25338,1
25339,1
25340,1
25341,1
25342,1
25343,1
25344,1
25345,1
25346,1
25347,1
25353,1
25354,1
25355,1
25361,2
25362,2
25363,2
25364,2
25365,2
25366,2
25367,2
25368,2
25369,2
25370,2
25371,2
25372,2
25373,2
25374,2
25375,2
25376,2
25377,2
25378,2
25379,2
25380,2
25381,2
25382,2
25383,6
25384,6
25385,6
25386,6
25387,6
25389,4
25390,4
25391,4
25392,4
25393,4
25394,4
25395,4
25396,4
25397,4
25398,4
25399,4
25400,4
25401,4
25403,4
25404,4
25405,4
25406,4
25407,4
25418,4
25419,4
25420,4
25421,4
25422,4
25423,4
25424,4
25543,4
25544,4
25545,4
25546,4
25547,4
25548,4
25549,4
25551,2
25552,2
25553,2
25554,2
25555,2
25557,1
25558,1
25559,1
25560,1
25561,1
25563,1
25564,1
25565,1
25566,1
25567,1
25568,1
25569,1
25570,1
25572,1
25573,1
25574,1
25575,1
25576,1
25577,1
25578,1
25579,1
25580,1
25644,1
25645,1
25646,1
25647,1
25648,1
25649,1
25650,1
25651,1
25653,2
25654,2
25655,2
25656,2
25657,2
25658,2
25659,2
25660,2
25661,4
25662,4
25663,4
25664,4
25665,4
25666,4
25667,4
25668,4
25670,2
25671,2
25672,2
25673,2
25674,2
25675,2
25676,2
25677,2
25678,2
25684,4
25685,4
25686,4
25687,4
25688,4
25689,4
25691,2
25692,2
25693,2
25694,2
25695,2
25697,1
25698,1
25699,1
25700,1
25701,1
25702,1
25703,1
25704,1
25705,1
25706,1
25708,4
25709,4
25710,4
25716,2
25717,2
25718,2
25719,2
25720,2
25721,2
25722,2
25723,2
25724,2
25725,2
25726,2
25727,2
25728,2
25729,2
25735,2
25736,2
25737,2
25738,2
25739,2
25740,2
25742,1
25743,1
25745,1
25746,1
25747,1
25748,1
25750,1
25751,1
25752,1
25753,1
25754,1
25755,1
25756,1
25757,1
25758,1
25759,1
25760,1
25761,1
25762,2
25763,2
25764,2
25765,2
25766,2
25767,2
25768,2
25769,2
25770,2
25771,2
25772,2
25778,1
25779,1
25780,1
25781,1
25782,1
25783,1
25785,1
25786,1
25787,1
25788,1
25789,1
25790,1
25796,1
25797,1
25798,1
25799,1
25800,1
25801,1
25802,1
25803,1
25805,1
25806,1
25807,1
25808,1
25809,1
25810,1
25811,1
25812,1
25813,1
25814,1
25815,1
25816,1
25817,1
25818,1
25819,1
25820,1
25821,1
25822,1
25823,1
25824,1
25825,1
30873,1
30874,1
30875,1
30876,1
30877,1
30885,1
30886,1
30887,1
30889,1
30890,1
30891,1
30892,1
30893,1
30894,1
30896,1
30899,1
30900,1
30906,1
30907,1
30908,1
30909,1
30910,1
30911,1
30922,1
30923,1
30924,1
30925,1
30926,1
30927,1
30928,1
30929,1
30930,1
30931,1
30932,1
30954,1
30955,1
30956,1
30957,1
30958,1
30959,1
30970,1
30971,1
30972,1
30973,1
30974,1
30975,1
30976,1
30977,1
30978,1
30984,6
30985,6
30986,6
30987,6
30988,6
30989,6
30990,6
30991,6
30992,6
30993,6
30999,2
31000,2
31001,2
31002,2
31003,2
31004,2
31005,2
31006,2
31007,2
31008,2
31009,2
31010,2
31011,2
31012,2
31013,2
31014,2
31015,2
31016,2
31017,2
31018,2
31019,2
31020,2
31021,2
31055,3
31056,3
31057,3
31058,3
31059,3
31061,3
31062,3
31063,3
31155,2
31156,2
31157,2
31158,2
31159,2
31164,2
31165,2
31166,2
31167,2
31168,2
31174,1
31175,1
31176,1
31177,1
31178,1
31179,1
31185,4
31186,4
31187,4
31188,4
31189,4
31190,4
31271,1
31272,1
31273,1
31274,1
31275,1
31278,1
31279,1
31280,1
31281,1
31282,1
31283,1
31284,1
31285,1
31286,1
31303,1
31304,1
31305,1
31306,1
31307,1
31308,1
31314,5
31315,5
31316,5
31317,5
31318,5
31320,2
31321,2
31323,3
31325,2
31326,5
31327,5
31411,1
31412,1
31413,1
31414,1
31415,1
31416,1
31417,1
31418,1
31435,1
31436,1
31437,1
31438,1
31439,1
31442,1
31443,1
31444,1
31450,2
31451,2
31452,2
31453,2
31454,2
31455,2
31461,1
31462,1
31463,1
31464,1
31465,1
31466,1
31525,1
31526,1
31527,1
31528,1
31529,1
31530,1
31531,1
31532,1
31533,1
38130,1
38131,1
38132,1
38133,1
38134,1
38135,1
38136,1
38137,1
38138,1
38139,1
38140,1
38142,1
38143,1
38144,1
38145,1
38146,1
38173,1
38174,1
38175,1
38176,1
38182,17
38183,17
38184,17
38185,17
38186,17
38191,17
38192,17
38193,17
38194,17
38195,17
38196,17
38197,17
38206,17
38207,17
38208,17
38209,17
38210,17
38211,17
38212,17
38214,10
38215,10
38216,10
38217,10
38218,10
38219,10
38220,10
38221,7
38222,7
38223,7
38224,7
