1497,1
1498,1
1499,1
1500,1
1501,1
1502,1
1503,1
1515,1
1516,1
1517,1
1524,8
1525,8
1526,8
1527,8
1528,8
1529,8
1535,2
1536,2
1537,2
1538,2
1539,2
1540,2
1546,1
1547,1
1548,1
1549,1
1550,1
1551,1
1552,1
1553,1
1554,1
1555,1
1556,1
1557,1
1558,1
1559,1
1607,1
1608,1
1609,1
1610,1
1611,1
1612,1
1613,1
1614,1
1615,1
1616,1
1617,1
1618,1
1619,1
1620,3
1621,3
1622,3
1623,3
1625,2
1626,2
1627,2
1628,2
1629,2
1630,2
1631,2
1632,2
1633,2
1634,2
1635,2
1637,1
1638,1
1639,1
1640,1
1641,1
1642,1
1643,1
1644,1
1645,1
1646,1
1647,1
1648,1
1663,1
1664,1
1665,1
1666,1
1667,1
1668,1
1669,1
1670,1
1671,1
1672,1
1673,1
1674,1
1675,1
1676,1
1677,1
1678,1
1679,1
1680,1
1681,1
1682,1
1689,1
1690,1
1691,1
1692,1
1693,1
1694,1
1695,1
1696,1
1697,1
1698,1
1699,1
1700,1
1701,1
1702,1
1703,1
1704,1
1705,1
1706,1
1707,1
1708,1
1709,1
1710,3
1711,3
1712,3
1713,3
1714,3
1716,2
1717,2
1718,2
1719,2
1720,2
1721,2
1722,2
1723,2
1724,2
1725,2
1726,2
1727,2
1728,2
1734,2
1735,2
1736,2
1737,2
1738,2
1739,2
1740,2
1759,2
1760,2
1761,2
1762,2
1763,2
1764,2
1765,2
1767,2
1768,2
1769,2
1790,2
1791,2
1792,2
1793,2
1794,2
1795,2
1796,2
1797,2
1814,2
1815,2
1816,2
1849,2
1850,2
1852,1
1853,1
1854,1
1855,1
1856,1
1857,1
1858,1
1859,1
1860,1
1861,1
1862,1
1863,1
1864,1
1865,1
1866,1
1872,1
1873,1
1874,1
1875,2
1876,2
1877,2
1878,2
1879,2
1881,1
1882,1
1883,1
1884,1
1885,1
1886,1
1887,1
1888,1
1889,1
1890,1
1891,1
1892,1
1893,1
1894,1
1910,1
1911,1
1912,1
1913,1
1914,1
1915,1
1916,1
1917,1
1918,1
1919,1
1920,1
1921,1
1935,1
1936,1
1938,1
1939,1
1940,1
1941,1
1942,1
1957,1
1958,1
1959,1
1965,2
1966,2
1967,2
1968,2
1969,2
1970,2
1971,2
1972,2
1973,2
1974,2
1975,2
1976,2
1977,2
1978,2
1979,2
2005,2
2006,2
2007,2
2008,2
2009,2
2010,2
2011,2
2012,2
2013,2
2014,2
2015,2
2016,2
2017,2
2018,2
2019,2
2020,2
2021,2
2022,2
2023,2
2024,2
2025,2
2026,2
2028,1
2029,1
2030,1
2031,1
2032,1
2033,1
2034,1
2035,1
2036,2
2037,2
2038,2
2039,2
2040,2
2041,2
2042,2
2043,2
2044,2
2045,2
2046,2
2052,1
2053,1
2054,1
2055,1
2056,1
2058,1
2059,1
2060,1
2227,1
2228,1
2229,1
2230,1
2231,1
2232,1
2233,1
2234,1
2235,1
2236,1
2237,1
2238,1
2239,1
2240,1
2241,1
2242,1
2243,1
2244,1
2245,1
2246,1
2247,1
2248,1
2254,2
2255,2
2256,2
2257,2
2258,2
2259,2
2260,2
2262,1
2263,1
2264,1
2265,1
2266,1
2267,1
2268,1
2269,1
2270,1
2271,1
2272,2
2273,2
2274,2
2275,2
2276,2
2277,2
2278,2
2279,2
2311,2
2312,2
2313,2
6931,1
6932,1
6933,1
6934,1
6935,1
6936,1
6937,1
6938,1
6939,1
6940,1
6941,1
6942,1
6943,1
6944,1
6945,1
6946,1
6947,1
6948,1
6949,1
6950,1
6951,1
6952,1
6953,1
6954,1
6955,1
6956,1
6957,1
6958,1
6959,1
6960,1
6961,1
6962,1
6963,1
6964,1
6965,1
6966,1
6967,1
6968,1
6969,1
6970,1
6971,1
6972,1
6973,1
6974,1
6975,1
6976,1
6977,1
6978,1
6979,1
6980,1
6981,1
6982,1
6983,1
6984,1
6985,1
6986,1
6987,1
6988,1
6989,1
6990,1
6991,1
6992,1
6993,1
6994,1
6995,1
6996,1
6997,1
6998,1
6999,1
7000,1
7001,1
7002,1
7003,1
7004,1
7005,1
7006,1
7007,1
7008,1
7009,1
7010,1
7011,1
7012,1
7013,1
7014,1
7015,1
7016,1
7017,1
7018,1
7019,1
7020,1
7021,1
7022,1
7023,1
7024,1
7025,1
7026,1
7027,1
7028,1
7029,1
7030,1
7031,1
7032,1
7033,1
7034,1
7035,1
7036,1
7037,1
7038,1
7039,1
7040,1
7041,1
7042,1
7043,1
7044,1
7045,1
7046,1
7047,1
10969,1
10970,1
10971,1
10972,1
10973,1
10974,1
10975,1
10976,1
10977,1
10978,1
10979,1
10980,1
10981,1
10982,1
10983,1
10984,1
10985,1
10986,1
10987,1
10988,1
10989,1
10990,1
10991,1
10992,1
10993,1
10994,1
10995,1
10996,1
10997,1
10998,1
10999,1
11000,1
11001,1
11002,1
11003,1
11004,1
11005,1
11006,1
11007,1
11013,2
11014,2
11015,2
11016,2
11017,2
11018,2
11019,2
11020,2
11021,2
11022,2
11023,2
11024,2
11025,2
11027,2
11028,2
11029,2
11030,2
11031,2
11032,2
11033,2
11034,2
11035,2
11036,2
11037,2
11038,2
11039,2
11040,2
11041,2
11042,2
11043,2
11045,1
11046,1
11047,1
11048,1
11049,1
11050,1
11051,1
11052,1
11067,1
11068,1
11069,1
11070,1
11071,1
11072,1
11073,1
11074,1
11075,2
11076,2
11077,2
11078,2
11079,2
11080,2
11081,2
11082,2
11083,2
11084,2
11085,2
11086,2
11087,2
11137,1
11138,1
11139,1
11140,1
11141,1
11142,1
11143,1
11144,1
11145,1
11146,1
11147,1
11148,1
11149,1
11150,1
11151,1
11152,1
11153,1
11154,1
11155,1
11156,1
11157,1
11158,1
11159,1
11160,1
11161,1
11352,2
11353,2
11354,2
11355,2
11356,2
11357,2
11358,2
11359,2
11360,2
11361,2
11362,2
11363,2
11364,2
11365,2
11366,2
11367,2
11368,2
11370,2
11371,2
11372,2
11373,2
11374,2
11375,2
11376,2
11377,2
11378,2
11393,2
11394,2
11395,2
11396,2
11397,2
11398,2
11399,2
11400,2
11401,2
11402,2
11403,2
11404,2
11405,2
11411,1
11412,1
11413,1
11414,1
11415,1
11416,1
11417,1
11418,1
11419,1
11420,1
11421,1
11422,1
11423,1
11443,1
11444,1
11445,1
11446,1
11447,1
11448,1
11449,1
11450,1
11451,1
11480,3
11481,3
11482,3
11483,3
11484,3
11485,3
11486,3
11487,3
11488,3
11489,3
11490,3
11491,3
11492,3
11493,3
11494,3
11495,3
11496,3
11498,1
11499,1
11500,1
11501,1
11502,1
11503,1
11505,2
11507,1
11508,3
11509,3
11538,1
11539,1
11540,1
11541,1
11542,1
11543,1
11544,1
11545,1
11546,1
11547,1
11548,1
11549,1
11550,1
11614,1
11615,1
11616,1
11617,1
11618,1
11619,1
11620,1
11621,1
11622,1
11623,1
11624,1
11625,1
11626,1
11627,1
11628,1
11629,1
11630,1
11631,1
11632,1
11633,1
11634,1
11635,1
11636,1
11637,1
11638,1
11662,2
11663,2
11664,2
11665,2
11666,2
11667,2
11668,2
11669,2
11670,2
11671,2
11672,2
11673,2
11674,2
11680,1
11681,1
11682,1
11683,1
11684,1
11685,1
12043,1
12044,1
12045,1
12046,1
12047,1
12052,1
12053,1
12054,1
12055,1
12056,1
12057,1
12058,1
12059,1
12060,1
12061,1
12064,1
12065,1
12066,1
12067,1
12068,1
12069,1
12070,1
12101,1
12102,1
12103,1
12104,1
12105,1
12106,1
12107,1
12108,1
12109,1
12110,1
12111,1
12112,1
12155,1
12156,1
12157,1
12158,1
12159,1
12160,1
12161,1
12162,1
12163,1
12164,1
12165,1
12166,1
12167,1
12168,1
12169,1
12170,1
12171,3
12172,3
12173,3
12174,3
12176,2
12177,2
12178,2
12179,2
12180,2
12181,2
12182,2
12183,2
12184,2
12185,2
12186,2
12188,1
12189,1
12190,1
12191,1
12192,1
12193,1
12194,1
12195,1
12196,1
12197,2
12198,2
12200,1
12201,1
12202,1
12203,1
12204,1
12207,1
12208,1
12209,1
12210,1
12211,1
12212,1
12213,1
12214,1
12327,2
12328,2
12329,2
12330,2
12331,2
12332,2
12333,2
12334,2
12335,2
12336,2
12337,2
12343,2
12344,2
12345,2
12346,2
12347,2
12348,2
12349,2
12350,2
12351,2
12352,2
12353,2
12354,2
12373,3
12374,3
12375,3
12376,3
12377,3
12378,3
12379,3
12380,3
12381,3
12382,3
12383,3
12384,3
12385,3
12386,3
12387,3
12388,3
12389,5
12390,5
12391,5
12392,5
12394,5
12395,5
12396,5
12397,5
12398,5
12399,5
12400,5
12401,5
12402,5
12403,5
12404,5
12405,5
12406,5
12408,2
12409,2
12410,2
12411,2
12412,2
12413,2
12414,2
12416,3
12417,3
12418,3
12419,3
12420,2
12421,2
30790,1
30791,1
30792,1
30793,1
30794,1
30795,1
30796,1
30797,1
30798,1
30799,1
30800,1
30801,1
30802,1
30803,1
30804,1
30805,1
30806,1
30812,2
30813,2
30814,2
30815,2
30816,2
30817,2
30818,2
30819,2
30820,2
30821,2
30822,2
30823,2
30824,2
30825,2
30826,2
30827,2
30828,2
30829,2
30830,2
30831,2
30832,2
30833,2
30834,2
30835,2
30836,2
30837,2
30838,2
30839,2
30840,2
30841,2
30842,2
30843,2
30844,2
30845,2
30846,2
30847,2
30848,2
30849,2
30850,2
30851,2
30852,2
30853,2
30854,2
30860,2
30861,2
30862,2
30863,2
30864,2
30865,2
30866,2
30867,2
30873,1
30874,1
30875,1
30876,1
30877,1
30885,1
30886,1
30887,1
30889,1
30890,1
30891,1
30892,1
30893,1
30894,1
30896,1
30899,1
30900,1
30906,1
30907,1
30908,1
30909,1
30910,1
30911,1
30922,1
30923,1
30924,1
30925,1
30926,1
30927,1
30928,1
30929,1
30930,1
30931,1
30932,1
30954,1
30955,1
30956,1
30957,1
30958,1
30959,1
30970,1
30971,1
30972,1
30973,1
30974,1
30975,1
30976,1
30977,1
30978,1
30984,2
30985,2
30986,2
30987,2
30988,2
30989,2
30990,2
30991,2
30992,2
30993,2
30999,2
31000,2
31001,2
31002,2
31003,2
31004,2
31005,2
31006,2
31007,2
31008,2
31009,2
31010,2
31011,2
31012,2
31013,2
31014,2
31015,2
31016,2
31017,2
31018,2
31019,2
31020,2
31021,2
31055,5
31056,5
31057,5
31058,5
31059,5
31061,3
31062,3
31063,3
31064,2
31065,2
31066,2
31067,2
31068,2
31073,2
31074,2
31075,2
31076,2
31077,2
31078,2
31079,2
31080,2
31081,2
31082,2
31083,2
31084,2
31085,2
31086,2
31087,2
31100,2
31101,2
31102,2
31155,5
31156,5
31157,5
31158,5
31159,5
31164,5
31165,5
31166,5
31167,5
31168,5
31174,4
31175,4
31176,4
31177,4
31178,4
31179,4
31185,5
31186,5
31187,5
31188,5
31189,5
31190,5
31271,1
31272,1
31273,1
31274,1
31275,1
31278,1
31279,1
31280,1
31281,1
31282,1
31283,1
31284,1
31285,1
31286,1
31303,1
31304,1
31305,1
31306,1
31307,1
31308,1
31314,3
31315,3
31316,3
31317,3
31318,3
31320,1
31321,1
31323,2
31325,1
31326,3
31327,3
31396,2
31397,2
31398,2
31399,2
31400,2
31404,2
31405,2
31411,1
31412,1
31413,1
31414,1
31415,1
31416,1
31417,1
31418,1
31435,1
31436,1
31437,1
31438,1
31439,1
31442,1
31443,1
31444,1
31450,4
31451,4
31452,4
31453,4
31454,4
31455,4
31461,1
31462,1
31463,1
31464,1
31465,1
31466,1
31525,1
31526,1
31527,1
31528,1
31529,1
31530,1
31531,1
31532,1
31533,1
31570,1
31571,1
31572,1
31573,1
31574,1
31575,1
31576,1
31577,1
31578,1
31579,1
31585,1
31586,1
31587,1
31588,1
31589,1
31590,1
31591,1
31592,1
31593,1
31594,1
31615,1
31616,1
31617,1
31618,1
31619,1
31620,1
31621,1
31622,1
31623,1
31624,1
31630,1
31631,1
31632,1
31633,1
31634,1
31635,1
31636,1
31637,1
31638,1
31639,1
31645,1
31646,1
31647,1
31648,1
31649,1
31650,1
31651,1
31652,1
31653,1
31654,1
31660,1
31661,1
31662,1
31663,1
31664,1
31665,1
31666,1
31667,1
31668,1
31669,1
31691,1
31692,1
31693,1
31694,1
31695,1
31696,1
31697,1
31698,1
31699,1
31700,1
38130,1
38131,1
38132,1
38133,1
38134,1
38135,1
38136,1
38137,1
38138,1
38139,1
38140,1
38142,1
38143,1
38144,1
38145,1
38146,1
38173,1
38174,1
38175,1
38176,1
38182,8
38183,8
38184,8
38185,8
38186,8
38191,8
38192,8
38193,8
38194,8
38195,8
38196,8
38197,8
38206,8
38207,8
38208,8
38209,8
38210,8
38211,8
38212,8
38214,4
38215,4
38216,4
38217,4
38218,4
38219,4
38220,4
38221,4
38222,4
38223,4
38224,4
38253,2
38254,2
38255,2
38256,2
38257,2
38258,2
38259,2
38260,2
38261,2
38267,2
38268,2
38269,2
38270,2
38271,2
38272,2
38273,2
38274,2
38280,2
38283,2
38284,2
38290,2
38291,2
38292,2
38293,2
38294,2
38299,2
38300,2
38301,2
38302,2
38303,2
38305,2
38306,2
38307,2
38308,2
38309,2
38310,2
38311,2
38312,2
38313,2
38314,2
38315,2
38316,2
38317,2
38345,2
38346,2
38414,2
38415,2
38416,2
38417,2
38451,1
38452,1
38453,1
38454,1
38455,1
38456,1
38457,1
38458,1
38459,1
38460,1
38461,1
38462,1
38468,1
38469,1
38470,1
38471,1
38472,1
38473,1
38474,1
38475,1
38476,1
38477,1
38478,1
38479,1
38480,1
38481,1
38482,1
38483,1
38484,1
38485,1
38486,1
38487,1
38488,1
38489,1
38490,1
38491,1
38492,1
38493,1
38494,1
38495,1
38496,1
38497,1
38498,1
38499,1
38500,1
38501,1
38502,1
38503,1
38504,1
38505,1
38506,1
38507,1
38508,1
38509,1
38510,1
38511,1
38512,1
38513,1
38514,1
38515,1
38516,1
38517,1
38518,1
38519,1
38520,1
38521,1
38522,1
38523,1
38524,1
38525,1
38526,1
38527,1
38528,1
38529,1
38530,1
38531,1
38532,1
38533,1
38534,1
38535,1
38536,1
38537,1
38538,1
38550,1
38551,1
38552,1
38553,1
38559,1
38560,1
38561,1
38562,1
38563,1
38564,1
38565,1
38566,1
38665,1
38666,1
38667,1
38668,1
38669,1
38670,1
38671,1
38672,1
38692,1
38693,1
38694,1
38695,1
38696,1
38697,1
38698,1
38699,1
38700,1
38701,1
38702,1
38703,1
38704,1
38705,1
38706,1
38707,1
38708,1
38709,1
38710,1
38711,1
38712,1
38713,1
38714,1
38715,1
38716,1
38717,1
38718,1
38719,1
38720,1
38755,1
38756,1
38757,1
38758,1
38759,1
38760,1
38761,1
38762,1
38763,1
38764,1
40655,1
40656,1
40657,1
40658,1
40659,1
40660,1
40661,1
40662,1
