10928,1
10929,1
10930,1
10931,1
10932,1
10933,1
10934,1
10935,1
10936,1
10937,1
10938,1
10939,1
10940,1
10941,1
10942,1
10943,1
10944,1
10945,1
10946,1
10947,1
10948,1
10949,1
10950,1
10951,1
10952,1
10953,1
10954,1
10955,1
10956,1
10957,1
10958,1
10959,1
10960,1
10961,1
10962,1
10963,1
10964,1
10965,1
10966,1
10967,1
10968,1
10974,3
10975,3
10976,3
10977,3
10978,3
10979,3
10980,3
10981,3
10982,3
10983,3
10984,3
10985,3
10986,3
11000,3
11001,3
11002,3
11003,3
11004,3
11036,3
11037,3
11038,3
11039,3
11040,3
11041,3
11042,3
11043,3
11044,3
11045,3
11046,3
11047,3
11048,3
11354,3
11355,3
11356,3
11357,3
11358,3
11359,3
11360,3
11361,3
11362,3
11363,3
11364,3
11365,3
11366,3
11390,1
11391,1
11392,1
11393,1
11394,1
11395,1
11396,1
11397,1
11398,1
11497,1
11498,1
11499,1
11500,1
11501,1
11502,1
11503,1
11504,1
11505,1
11506,1
11507,1
11508,1
11509,1
15414,1
15415,1
15416,1
15417,1
15418,1
15419,1
15420,1
15421,1
15422,1
15423,1
15424,1
15425,1
15426,1
15427,1
15428,1
15429,1
15430,1
15431,1
15432,1
15433,1
15434,1
15435,1
15436,1
15437,1
15438,1
15439,1
15440,1
15441,1
15442,1
15443,1
15444,1
15445,1
15446,1
15447,1
15448,1
15449,1
15450,1
15451,1
15452,1
15453,1
15454,1
15455,1
15456,1
15457,1
15458,1
15459,1
15460,1
15461,1
15462,1
15463,1
15464,1
15465,1
15466,1
15467,1
15468,1
15469,1
15470,1
15471,1
15472,1
15473,1
15474,1
15475,1
15476,1
15477,1
15478,1
15479,1
15480,1
15481,1
15482,1
15483,1
15484,1
15485,1
15486,1
15487,1
15488,1
15489,1
15490,1
15491,1
15492,1
15493,1
15494,1
15495,1
15496,1
15497,1
15498,1
15499,1
15500,1
15501,1
15502,1
15503,1
15504,1
15505,1
15506,1
15507,1
15508,1
15509,1
15510,1
15511,1
15512,1
15513,1
15514,1
15515,1
15516,1
15517,1
15518,1
15519,1
15520,1
15521,1
15522,1
15523,1
15524,1
21334,1
21335,1
21336,1
21337,1
21338,1
21339,1
21340,1
21341,1
21342,1
21343,1
21344,1
21345,1
21346,1
21347,1
21348,1
21349,1
21350,1
21351,1
21352,1
21353,1
21354,1
21355,1
21356,1
21357,1
21358,1
21359,1
21360,1
21361,1
21362,1
21363,1
21364,1
21365,1
21366,1
21367,1
21368,1
21369,1
21370,1
21371,1
21372,1
21373,1
21374,1
21375,1
21376,1
21377,1
21378,1
21379,1
21380,1
21381,1
21382,1
21383,1
21384,1
21385,1
21386,1
21387,1
21388,1
21389,1
21390,1
21391,1
21392,1
21393,1
21394,1
21395,1
21396,1
21402,3
21403,3
21404,3
21405,3
21406,3
21407,3
21408,3
21410,3
21411,3
21412,3
21413,3
21414,3
21415,3
21416,3
21417,3
21418,3
21419,3
21420,3
21421,3
21423,3
21424,3
21425,3
21426,3
21427,3
21428,3
21429,3
21430,3
21431,3
21432,3
21433,3
21434,3
21435,3
21436,3
21437,3
21452,3
21453,3
21454,3
21455,3
21456,3
21510,3
21511,3
21512,3
21514,3
21515,3
21516,3
21517,3
21518,3
21519,3
21520,3
21521,3
21522,3
21523,3
21658,1
21659,1
21660,1
21661,1
21662,1
21663,1
21664,1
21665,1
21666,1
21667,1
21668,1
21669,1
21670,1
21671,1
21672,1
21673,1
21682,1
21683,1
21684,1
21685,1
21686,1
21687,1
21688,1
21689,1
21690,1
21691,1
21692,1
21693,1
21702,1
21703,1
21704,1
21705,1
21706,1
21707,1
21708,1
21710,1
21711,1
21712,1
21842,1
21843,1
21844,1
21845,1
21846,1
21847,1
21864,1
21865,1
21866,1
21867,1
21868,1
21869,1
22323,1
22324,1
22325,1
22326,1
22327,1
22328,1
22329,1
22330,1
22331,1
22332,1
22333,1
22334,1
22335,1
22336,1
22337,1
22338,1
22339,1
22340,1
22341,1
22342,1
22343,1
22344,1
22345,1
22346,1
22347,1
22348,1
22349,1
22350,1
22351,1
22352,1
22353,1
22354,1
22355,1
22356,1
22357,1
22358,1
22359,1
22360,1
22361,1
22362,1
22363,1
22364,1
22365,1
22366,1
22367,1
22378,1
22379,1
22380,1
22381,1
22382,1
22383,1
22384,1
22386,3
22387,3
22388,3
22389,3
22390,3
22391,3
22392,3
22393,3
22394,3
22395,3
22396,3
22397,3
22398,3
22399,3
22400,3
22401,3
22402,3
22430,3
22431,3
22432,3
22433,3
22434,3
22435,3
22436,3
22437,3
22438,3
22439,3
22440,3
22441,3
22442,3
22443,3
22444,3
22445,3
22446,3
22448,2
22449,2
22450,2
22451,2
22452,2
22453,2
22454,2
22455,4
22456,4
22457,4
22458,4
22459,4
22461,1
22462,1
22463,1
22464,1
22465,1
22466,1
22467,1
22468,1
22469,1
22470,1
22471,1
22472,1
22473,1
22474,1
22475,1
22476,1
22477,1
22478,1
22479,1
22480,1
22481,1
22482,1
22488,1
22489,1
22490,1
22491,1
22492,1
22493,1
22494,1
22495,1
22496,1
22497,1
22498,1
22499,1
22500,1
22501,1
22502,1
22503,1
22504,1
22505,1
22506,1
22507,1
22508,1
22509,1
22510,1
22511,1
22512,1
22513,1
22514,1
22515,1
22516,1
22517,1
22518,1
22519,1
22520,1
22521,1
22522,1
22523,1
22524,1
22525,1
22526,1
22527,1
22917,1
22918,1
22919,1
22920,1
22921,1
22922,1
22923,1
22924,1
22925,1
22926,1
22927,1
22928,1
22929,1
22930,1
22931,1
22932,1
22933,1
22934,1
22936,1
22937,1
22938,1
22939,1
22940,1
22941,1
22942,1
22943,1
22944,1
22945,1
22946,1
22947,1
22948,1
22949,1
23076,1
23077,1
23078,1
23079,1
23080,1
23081,1
23082,1
23083,1
23084,1
23085,1
23086,1
23087,1
23088,1
23089,1
23090,1
23091,1
23092,1
23093,1
23094,1
23095,1
23096,1
23097,1
23098,1
23099,1
23101,1
23102,1
23103,1
23116,1
23117,1
23118,1
23119,1
23120,1
23121,1
23122,1
23123,1
23124,1
23125,1
23126,1
23127,1
23128,1
23129,1
23130,1
23131,2
23132,2
23133,2
23134,2
23135,2
23136,2
23137,2
23139,1
23140,1
23145,1
23146,1
23147,1
23148,1
23154,1
23155,1
23156,1
23157,1
23158,1
23160,1
23161,1
23162,1
23168,1
23169,1
23170,1
23171,1
23172,1
23173,1
23174,1
23175,1
23180,1
23181,1
23182,1
23184,1
23185,1
23186,1
23187,1
23188,1
23189,1
23190,1
23191,1
23193,1
23194,1
23195,1
23196,1
23197,1
23198,1
23199,1
23200,1
23201,1
23297,1
23298,1
23299,1
23300,1
23301,1
23302,1
23303,1
23304,1
23305,1
23306,1
31301,3
31302,3
31303,3
31304,3
31305,3
31306,3
31307,3
31308,3
31309,3
31310,3
31311,3
31312,3
31313,3
31314,3
31315,3
31316,3
31317,3
31323,3
31324,3
31325,3
31326,3
31327,3
31328,3
31329,3
31330,3
31331,3
31332,3
31333,3
31334,3
31335,3
31336,3
31337,3
31338,3
31339,3
31340,3
31341,3
31342,3
31343,3
31344,3
31345,3
31346,3
31347,3
31348,3
31349,3
31350,3
31351,3
31352,3
31353,3
31354,3
31355,3
31356,3
31357,3
31358,3
31359,3
31360,3
31361,3
31362,3
31363,3
31364,3
31365,3
31371,3
31372,3
31373,3
31374,3
31375,3
31376,3
31377,3
31378,3
31666,6
31667,6
31668,6
31669,6
31670,6
31675,6
31676,6
31677,6
31678,6
31679,6
31696,6
31697,6
31698,6
31699,6
31700,6
31701,6
31825,3
31826,3
31827,3
31828,3
31829,3
31831,3
31832,3
31834,3
31902,3
31903,3
31904,3
31905,3
31906,3
31909,3
31910,3
31954,6
31955,6
31956,6
31957,6
31958,6
31959,6
38807,3
38808,3
38809,3
38810,3
38811,3
38812,3
38813,3
38814,3
38815,3
38821,3
38822,3
38823,3
38824,3
38825,3
38826,3
38827,3
38828,3
38835,3
38836,3
38842,3
38843,3
38844,3
38845,3
38846,3
38851,3
38852,3
38853,3
38854,3
38855,3
38857,3
38858,3
38859,3
38860,3
38861,3
38862,3
38863,3
38864,3
38865,3
38866,3
38867,3
38868,3
38869,3
38963,3
38964,3
38965,3
38966,3
41001,1
41002,1
41003,1
41004,1
41005,1
41006,1
41007,1
41049,1
41050,1
41051,1
41052,1
41053,1
41054,1
41055,1
41056,1
