1524,5
1525,5
1526,5
1527,5
1528,5
1529,5
1546,1
1547,1
1548,1
1549,1
1550,1
1551,1
1552,1
1553,1
1554,1
1555,1
1556,1
1557,1
1561,1
1562,1
1563,1
1607,1
1608,1
1609,1
1610,1
1611,1
1612,1
1613,1
1614,1
1615,1
1616,1
1617,1
1618,1
1619,1
1620,2
1621,2
1622,2
1623,2
1625,1
1626,1
1627,1
1628,1
1629,1
1630,1
1631,1
1632,1
1633,1
1634,1
1635,1
1637,1
1638,1
1639,1
1640,1
1641,1
1642,1
1643,1
1644,1
1645,1
1646,1
1647,1
1648,1
1663,1
1664,1
1665,1
1666,1
1667,1
1668,1
1669,1
1670,1
1671,1
1672,1
1673,1
1674,1
1675,1
1676,1
1677,1
1678,1
1679,1
1680,1
1681,1
1682,1
1689,1
1690,1
1691,1
1692,1
1693,1
1694,1
1695,1
1696,1
1697,1
1698,1
1699,1
1700,1
1701,1
1702,1
1703,1
1704,1
1705,1
1706,1
1707,1
1708,1
1709,1
1710,2
1711,2
1712,2
1713,2
1714,2
1716,2
1717,2
1718,2
1719,2
1720,2
1721,2
1722,2
1723,2
1724,2
1725,2
1726,2
1727,2
1728,2
1734,2
1735,2
1736,2
1737,2
1738,2
1739,2
1740,2
1759,2
1760,2
1761,2
1762,2
1763,2
1764,2
1765,2
1767,2
1768,2
1769,2
1790,2
1791,2
1792,2
1793,2
1794,2
1795,2
1796,2
1797,1
1814,1
1815,1
1816,1
1849,1
1850,1
1868,1
1869,1
1870,1
1965,2
1966,2
1967,2
1968,2
1969,2
1970,2
1971,2
1972,2
1973,2
1974,2
1975,2
1976,2
1977,2
1978,2
1979,2
1981,1
1982,1
1983,1
1984,1
1985,1
1986,1
1987,1
1988,1
1989,1
1990,1
1991,1
1992,1
1993,1
1994,1
1995,1
1996,1
1997,1
1998,1
1999,1
2000,1
2001,1
2002,1
2003,1
2004,1
2005,1
2006,1
2007,1
2008,1
2009,1
2010,1
2011,1
2012,1
2013,1
2014,1
2015,1
2016,1
2017,1
2018,1
2019,1
2020,1
2021,1
2022,1
2023,1
2024,1
2025,1
2026,1
2036,1
2037,1
2038,1
2039,1
2040,1
2041,1
2042,1
2043,1
2044,1
2045,1
2046,1
2048,1
2049,1
2050,1
2227,1
2228,1
2229,1
2230,1
2231,1
2232,1
2233,1
2234,1
2235,1
2236,1
2237,1
2238,1
2239,1
2240,1
2241,1
2242,1
2243,1
2244,1
2245,1
2246,1
2247,1
2248,1
2254,1
2255,1
2256,1
2257,1
2258,1
2259,1
2260,1
2272,1
2273,1
2274,1
2275,1
2276,1
2277,1
2278,1
2279,1
2311,1
2312,1
2313,1
3857,1
3858,1
3859,1
3860,1
3861,1
3862,1
3863,1
3864,1
3865,1
3866,1
3867,1
3868,1
8953,1
8954,1
8955,1
8956,1
8957,1
8958,1
8959,1
8960,1
8961,1
8962,1
8963,1
8964,1
8965,1
8966,1
8967,1
8968,1
8969,1
8970,1
8971,1
8972,1
8973,1
8974,1
8975,1
8976,1
8977,1
8978,1
8979,1
8980,1
8981,1
8982,1
8983,1
8984,1
8985,1
8986,1
8987,1
8988,1
8989,1
8990,1
8991,1
8996,1
8997,1
8998,1
8999,1
9000,1
9001,1
9002,1
9003,1
9004,1
9005,1
9006,1
9007,1
9008,1
9009,1
9010,1
9011,1
9012,1
10870,1
10871,1
10872,1
10873,1
10874,1
10875,1
10876,1
10877,1
10878,1
10879,1
10880,1
10881,1
10882,1
10883,1
10884,1
10885,1
10886,1
10887,1
10893,1
10894,1
10895,1
10896,1
10897,1
10898,1
10969,1
10970,1
10971,1
10972,1
10973,1
10974,1
10975,1
10976,1
10977,1
10978,1
10979,1
10980,1
10981,1
10982,1
10983,1
10984,1
10985,1
10986,1
10987,1
10988,1
10989,1
10990,1
10991,1
10992,1
10993,1
10994,1
10995,1
10996,1
10997,1
10998,1
10999,1
11000,1
11001,1
11002,1
11003,1
11004,1
11005,1
11006,1
11007,1
11013,1
11014,1
11015,1
11016,1
11017,1
11018,1
11019,1
11020,1
11021,1
11022,1
11023,1
11024,1
11025,1
11027,1
11028,1
11029,1
11030,1
11031,1
11032,1
11033,1
11034,1
11035,1
11036,1
11037,1
11038,1
11039,1
11040,1
11041,1
11042,1
11043,1
11075,1
11076,1
11077,1
11078,1
11079,1
11080,1
11081,1
11082,1
11083,1
11084,1
11085,1
11086,1
11087,1
11275,1
11276,1
11277,1
11278,1
11279,1
11280,1
11281,1
11282,1
11283,1
11284,1
11285,1
11286,1
11287,1
11288,1
11289,1
11290,1
11291,1
11292,1
11293,1
11294,1
11295,1
11296,1
11297,1
11298,1
11307,1
11308,1
11309,1
11310,1
11311,1
11312,1
11313,1
11314,1
11315,1
11316,2
11317,2
11318,2
11319,2
11321,1
11322,1
11323,1
11324,1
11325,1
11326,1
11327,1
11328,1
11329,1
11330,1
11331,1
11340,1
11341,1
11343,1
11344,1
11345,1
11346,1
11352,2
11353,2
11354,2
11355,2
11356,2
11357,2
11358,2
11359,2
11360,2
11361,2
11362,2
11363,2
11364,2
11365,2
11366,2
11367,2
11368,2
11370,2
11371,2
11372,2
11373,2
11374,2
11375,2
11376,2
11377,2
11378,2
11393,1
11394,1
11395,1
11396,1
11397,1
11398,1
11399,1
11400,1
11401,1
11402,1
11403,1
11404,1
11405,1
11411,1
11412,1
11413,1
11414,1
11415,1
11416,1
11417,1
11418,1
11419,1
11420,1
11421,1
11422,1
11423,1
11443,1
11444,1
11445,1
11446,1
11447,1
11448,1
11449,1
11450,1
11451,1
11480,5
11481,5
11482,5
11483,5
11484,5
11485,5
11486,5
11487,5
11488,5
11489,5
11490,5
11491,5
11492,5
11493,5
11494,5
11495,5
11496,5
11498,3
11499,3
11500,3
11501,3
11502,3
11503,3
11505,2
11507,3
11508,5
11509,5
11538,1
11539,1
11540,1
11541,1
11542,1
11543,1
11544,1
11545,1
11546,1
11547,1
11548,1
11549,1
11550,1
11614,1
11615,1
11616,1
11617,1
11618,1
11619,1
11620,1
11621,1
11622,1
11623,1
11624,1
11625,1
11626,1
11627,1
11628,1
11629,1
11630,1
11631,1
11632,1
11633,1
11634,1
11635,1
11636,1
11637,1
11638,1
11662,1
11663,1
11664,1
11665,1
11666,1
11667,1
11668,1
11669,1
11670,1
11671,1
11672,1
11673,1
11674,1
25232,1
25233,1
25234,1
25235,1
25236,1
25237,1
25238,2
25239,2
25240,2
25241,2
25242,2
25244,2
25245,2
25246,2
25247,2
25248,2
25249,2
25250,2
25251,2
25252,2
25253,2
25254,2
25255,2
25256,2
25257,2
25258,2
25259,2
25260,2
25261,2
25262,2
25264,1
25265,1
25266,1
25280,1
25281,1
25282,1
25283,1
25284,1
25285,1
25286,1
25287,1
25288,1
25289,1
25291,1
25292,1
25293,1
25294,1
25295,1
25296,1
25297,1
25298,1
25299,1
25300,1
25301,1
25302,1
25303,1
25304,1
25305,1
25306,1
25307,1
25308,1
25309,1
25310,1
25311,1
25312,1
25313,1
25314,1
25315,1
25316,1
25317,1
25318,1
25319,1
25320,1
25321,1
25322,1
25323,1
25324,1
25325,1
25326,1
25327,1
25349,1
25350,1
25351,1
25353,1
25354,1
25355,1
25361,1
25362,1
25363,1
25364,1
25365,1
25366,1
25367,1
25368,1
25369,1
25370,1
25371,1
25372,1
25373,1
25374,1
25375,1
25376,1
25377,1
25378,1
25379,1
25380,1
25381,1
25382,1
25383,2
25384,2
25385,2
25386,2
25387,2
25389,1
25390,1
25391,1
25392,1
25393,1
25394,1
25395,1
25396,1
25397,1
25398,1
25399,1
25400,1
25401,1
25403,1
25404,1
25405,1
25406,1
25407,1
25418,1
25419,1
25420,1
25421,1
25422,1
25423,1
25424,1
25543,1
25544,1
25545,1
25546,1
25547,1
25548,1
25549,1
25551,1
25552,1
25553,1
25554,1
25555,1
25557,1
25558,1
25559,1
25560,1
25561,1
25572,1
25573,1
25574,1
25575,1
25576,1
25577,1
25578,1
25579,1
25580,1
25644,1
25645,1
25646,1
25647,1
25648,1
25649,1
25650,1
25651,1
25661,1
25662,1
25663,1
25664,1
25665,1
25666,1
25667,1
25668,1
25670,1
25671,1
25672,1
25673,1
25674,1
25675,1
25676,1
25677,1
25678,1
25684,1
25685,1
25686,1
25687,1
25688,1
25689,1
25708,1
25709,1
25710,1
25716,1
25717,1
25718,1
25719,1
25720,1
25721,1
25722,1
25723,1
25724,1
25725,1
25726,1
25727,1
25728,1
25729,1
30790,1
30791,1
30792,1
30793,1
30794,1
30795,1
30796,1
30797,1
30798,1
30799,1
30800,1
30801,1
30802,1
30803,1
30804,1
30805,1
30806,1
30812,1
30813,1
30814,1
30815,1
30816,1
30817,1
30818,1
30819,1
30820,1
30821,1
30822,1
30823,1
30824,1
30825,1
30826,1
30827,1
30828,1
30829,1
30830,1
30831,1
30832,1
30833,1
30834,1
30835,1
30836,1
30837,1
30838,1
30839,1
30840,1
30841,1
30842,1
30843,1
30844,1
30845,1
30846,1
30847,1
30848,1
30849,1
30850,1
30851,1
30852,1
30853,1
30854,1
30860,1
30861,1
30862,1
30863,1
30864,1
30865,1
30866,1
30867,1
30984,1
30985,1
30986,1
30987,1
30988,1
30989,1
30990,1
30991,1
30992,1
30993,1
30999,1
31000,1
31001,1
31002,1
31003,1
31004,1
31005,1
31006,1
31007,1
31008,1
31009,1
31010,1
31011,1
31012,1
31013,1
31014,1
31015,1
31016,1
31017,1
31018,1
31019,1
31020,1
31021,1
31155,2
31156,2
31157,2
31158,2
31159,2
31164,2
31165,2
31166,2
31167,2
31168,2
31174,1
31175,1
31176,1
31177,1
31178,1
31179,1
31314,2
31315,2
31316,2
31317,2
31318,2
31320,2
31321,2
31325,2
31326,2
31327,2
31396,1
31397,1
31398,1
31399,1
31400,1
31404,1
31405,1
31450,2
31451,2
31452,2
31453,2
31454,2
31455,2
31570,1
31571,1
31572,1
31573,1
31574,1
31575,1
31576,1
31577,1
31578,1
31579,1
31585,1
31586,1
31587,1
31588,1
31589,1
31590,1
31591,1
31592,1
31593,1
31594,1
31615,1
31616,1
31617,1
31618,1
31619,1
31620,1
31621,1
31622,1
31623,1
31624,1
31630,1
31631,1
31632,1
31633,1
31634,1
31635,1
31636,1
31637,1
31638,1
31639,1
31645,1
31646,1
31647,1
31648,1
31649,1
31650,1
31651,1
31652,1
31653,1
31654,1
31660,1
31661,1
31662,1
31663,1
31664,1
31665,1
31666,1
31667,1
31668,1
31669,1
31691,1
31692,1
31693,1
31694,1
31695,1
31696,1
31697,1
31698,1
31699,1
31700,1
38182,8
38183,8
38184,8
38185,8
38186,8
38191,8
38192,8
38193,8
38194,8
38195,8
38196,8
38197,8
38206,8
38207,8
38208,8
38209,8
38210,8
38211,8
38212,8
38214,5
38215,5
38216,5
38217,5
38218,5
38219,5
38220,5
38221,3
38222,3
38223,3
38224,3
38253,1
38254,1
38255,1
38256,1
38257,1
38258,1
38259,1
38260,1
38261,1
38267,1
38268,1
38269,1
38270,1
38271,1
38272,1
38273,1
38274,1
38280,1
38283,1
38284,1
38290,1
38291,1
38292,1
38293,1
38294,1
38299,1
38300,1
38301,1
38302,1
38303,1
38305,1
38306,1
38307,1
38308,1
38309,1
38310,1
38311,1
38312,1
38313,1
38314,1
38315,1
38316,1
38317,1
38345,1
38346,1
38414,1
38415,1
38416,1
38417,1
38451,1
38452,1
38453,1
38454,1
38455,1
38456,1
38457,1
38458,1
38459,1
38460,1
38461,1
38462,1
38468,1
38469,1
38470,1
38471,1
38472,1
38473,1
38474,1
38475,1
38476,1
38477,1
38478,1
38479,1
38480,1
38481,1
38482,1
38483,1
38484,1
38485,1
38486,1
38487,1
38488,1
38489,1
38490,1
38491,1
38492,1
38493,1
38494,1
38495,1
38496,1
38497,1
38498,1
38499,1
38500,1
38501,1
38502,1
38503,1
38504,1
38505,1
38506,1
38507,1
38508,1
38509,1
38510,1
38511,1
38512,1
38513,1
38514,1
38515,1
38516,1
38517,1
38518,1
38519,1
38520,1
38521,1
38522,1
38523,1
38524,1
38525,1
38526,1
38527,1
38528,1
38529,1
38530,1
38531,1
38532,1
38533,1
38534,1
38535,1
38536,1
38537,1
38538,1
38550,1
38551,1
38552,1
38553,1
38692,1
38693,1
38694,1
38695,1
38696,1
38697,1
38698,1
38699,1
38700,1
38701,1
38702,1
38703,1
38704,1
38705,1
38706,1
38707,1
38708,1
38709,1
38710,1
38711,1
38712,1
38713,1
38714,1
38715,1
38716,1
38717,1
38718,1
38719,1
38720,1
38755,1
38756,1
38757,1
38758,1
38759,1
38760,1
38761,1
38762,1
38763,1
38764,1
