1485,1
1486,1
1487,1
1488,1
1489,1
1490,1
1491,1
1497,1
1498,1
1499,1
1500,1
1501,1
1502,1
1503,1
1505,1
1506,1
1507,1
1508,1
1509,1
1510,1
1511,1
1512,1
1513,1
1514,1
1519,1
1520,1
1521,1
1524,1
1525,1
1526,1
1527,1
1528,1
1529,1
1535,2
1536,2
1537,2
1538,2
1539,2
1540,2
1546,1
1547,1
1548,1
1549,1
1550,1
1551,1
1552,1
1553,1
1554,1
1555,1
1556,1
1557,1
1561,1
1562,1
1563,1
1607,1
1608,1
1609,1
1610,1
1611,1
1612,1
1613,1
1614,1
1615,1
1616,1
1617,1
1618,1
1619,1
1620,3
1621,3
1622,3
1623,3
1625,2
1626,2
1627,2
1628,2
1629,2
1630,2
1631,2
1632,2
1633,2
1634,2
1635,2
1637,1
1638,1
1639,1
1640,1
1641,1
1642,1
1643,1
1644,1
1645,1
1646,1
1647,1
1648,1
1663,1
1664,1
1665,1
1666,1
1667,1
1668,1
1669,1
1670,1
1671,1
1672,1
1673,1
1674,1
1675,1
1676,1
1677,1
1678,1
1679,1
1680,1
1681,1
1682,1
1689,1
1690,1
1691,1
1692,1
1693,1
1694,1
1695,1
1696,1
1697,1
1698,1
1699,1
1700,1
1701,1
1702,1
1703,1
1704,1
1705,1
1706,1
1707,1
1708,1
1709,1
1710,2
1711,2
1712,2
1713,2
1714,2
1716,1
1717,1
1718,1
1719,1
1720,1
1721,1
1722,1
1723,1
1724,1
1725,1
1726,1
1727,1
1728,1
1734,1
1735,1
1736,1
1737,1
1738,1
1739,1
1740,1
1759,1
1760,1
1761,1
1762,1
1763,1
1764,1
1765,1
1799,1
1800,1
1801,1
1802,1
1803,1
1804,1
1805,1
1806,1
1807,1
1808,1
1809,1
1814,1
1815,1
1816,1
1849,1
1850,1
1852,1
1853,1
1854,1
1855,1
1856,1
1857,1
1858,1
1859,1
1860,1
1868,1
1869,1
1870,1
2052,1
2053,1
2054,1
2055,1
2056,1
2058,1
2059,1
2060,1
2227,1
2228,1
2229,1
2230,1
2231,1
2232,1
2233,1
2234,1
2235,1
2236,1
2237,1
2238,1
2239,1
2240,1
2241,1
2242,1
2243,1
2244,1
2245,1
2246,1
2247,1
2248,1
3045,1
3046,1
3047,1
3048,1
3049,1
3050,1
3051,1
3052,1
3053,1
3054,1
3055,1
3056,1
3057,1
3058,1
3059,1
3060,1
3061,1
3062,1
3063,1
3064,1
3065,1
3066,1
3067,1
3068,1
3069,1
3070,1
3071,1
3072,1
3083,1
3084,1
3085,1
3086,1
3087,1
3088,1
3089,1
3090,1
3091,1
3092,1
3093,1
3094,1
3095,1
3096,1
3097,1
3098,1
3099,1
3100,1
3101,1
3102,1
3103,1
3104,1
3105,1
3106,1
3107,1
3108,1
3109,1
3110,1
3111,1
3112,1
3725,1
3726,1
3727,1
3728,1
3729,1
3730,1
3731,1
3732,1
3733,1
3734,1
3735,1
3736,1
3737,1
3738,1
3739,1
3740,1
3741,1
3743,1
3747,1
3748,1
3749,1
3750,1
3751,1
3752,1
3753,1
3754,1
3755,1
3756,1
3757,1
3758,1
3759,1
3760,1
3761,1
3762,1
3763,1
3764,2
3765,2
3766,2
3767,2
3768,2
3770,1
3771,1
3772,1
3773,1
3774,1
3775,1
3776,1
3777,1
3778,1
3779,1
3780,1
3781,1
3782,1
3783,1
3793,1
3794,1
3795,1
3796,1
3797,1
3798,1
3804,1
3805,1
3806,1
3807,1
3808,1
3809,1
3810,1
3811,1
3812,1
3813,1
3814,1
3815,1
3816,1
3817,1
3818,1
3819,1
3820,1
3821,1
3822,1
3823,1
3829,1
3830,1
3831,1
3832,1
3833,1
3834,1
3835,1
3836,1
3837,1
3838,1
3839,1
3840,1
3846,2
3847,2
3848,2
3849,2
3850,2
3851,2
3857,1
3858,1
3859,1
3860,1
3861,1
3862,1
3863,1
3864,1
3865,1
3866,1
3867,1
3868,1
10969,1
10970,1
10971,1
10972,1
10973,1
10974,1
10975,1
10976,1
10977,1
10978,1
10979,1
10980,1
10981,1
10982,1
10983,1
10984,1
10985,1
10986,1
10987,1
10988,1
10989,1
10990,1
10991,1
10992,1
10993,1
10994,1
10995,1
10996,1
10997,1
10998,1
10999,1
11000,1
11001,1
11002,1
11003,1
11004,1
11005,1
11006,1
11007,1
11013,2
11014,2
11015,2
11016,2
11017,2
11018,2
11019,2
11020,2
11021,2
11022,2
11023,2
11024,2
11025,2
11039,2
11040,2
11041,2
11042,2
11043,2
11045,1
11046,1
11047,1
11048,1
11049,1
11050,1
11051,1
11052,1
11067,1
11068,1
11069,1
11070,1
11071,1
11072,1
11073,1
11074,1
11075,2
11076,2
11077,2
11078,2
11079,2
11080,2
11081,2
11082,2
11083,2
11084,2
11085,2
11086,2
11087,2
11411,1
11412,1
11413,1
11414,1
11415,1
11416,1
11417,1
11418,1
11419,1
11420,1
11421,1
11422,1
11423,1
11443,1
11444,1
11445,1
11446,1
11447,1
11448,1
11449,1
11450,1
11451,1
11538,1
11539,1
11540,1
11541,1
11542,1
11543,1
11544,1
11545,1
11546,1
11547,1
11548,1
11549,1
11550,1
11614,1
11615,1
11616,1
11617,1
11618,1
11619,1
11620,1
11621,1
11622,1
11623,1
11624,1
11625,1
11626,1
11627,1
11628,1
11629,1
11630,1
11631,1
11632,1
11633,1
11634,1
11635,1
11636,1
11637,1
11638,1
11644,1
11645,1
11646,1
11647,1
11648,1
11649,1
11650,1
11651,1
11652,1
11653,1
11654,1
11655,1
11656,1
25212,1
25213,1
25214,1
25215,1
25216,1
25217,1
25218,1
25219,1
25220,1
25221,1
25222,1
25223,1
25224,1
25225,1
25226,1
25361,1
25362,1
25363,1
25364,1
25365,1
25366,1
25367,1
25368,1
25369,1
25370,1
25371,1
25372,1
25373,1
25374,1
25375,1
25376,1
25377,1
25378,1
25379,1
25380,1
25381,1
25382,1
25383,2
25384,2
25385,2
25386,2
25387,2
25389,1
25390,1
25391,1
25392,1
25393,1
25394,1
25395,1
25396,1
25397,1
25398,1
25399,1
25400,1
25401,1
25403,1
25404,1
25405,1
25406,1
25407,1
25418,1
25419,1
25420,1
25421,1
25422,1
25423,1
25424,1
25543,1
25544,1
25545,1
25546,1
25547,1
25548,1
25549,1
25653,1
25654,1
25655,1
25656,1
25657,1
25658,1
25659,1
25660,1
25661,1
25662,1
25663,1
25664,1
25665,1
25666,1
25667,1
25668,1
25670,1
25671,1
25672,1
25673,1
25674,1
25675,1
25676,1
25677,1
25678,1
25684,1
25685,1
25686,1
25687,1
25688,1
25689,1
25708,1
25709,1
25710,1
25716,1
25717,1
25718,1
25719,1
25720,1
25721,1
25722,1
25723,1
25724,1
25725,1
25726,1
25727,1
25728,1
25729,1
25735,1
25736,1
25737,1
25738,1
25739,1
25740,1
25762,1
25763,1
25764,1
25765,1
25766,1
25767,1
25768,1
25769,1
25770,1
25771,1
25772,1
30645,2
30646,2
30647,2
30648,2
30649,2
30650,2
30651,2
30652,2
30653,2
30654,2
30655,2
30656,2
30662,2
30663,2
30664,2
30665,2
30666,2
30667,2
30668,2
30669,2
30670,2
30671,2
30672,2
30673,2
30674,2
30675,2
30676,2
30677,2
30678,2
30679,2
30680,2
30681,2
30682,2
30683,2
30684,2
30685,2
30686,2
30687,2
30688,2
30689,2
30690,2
30691,2
30692,2
30693,2
30694,2
30695,2
30696,2
30697,2
30698,2
30699,2
30700,2
30701,2
30702,2
30703,2
30704,2
30705,2
30706,2
30707,2
30708,2
30709,2
30710,2
30711,2
30712,2
30713,2
30714,2
30715,2
30716,2
30717,2
30718,2
30719,2
30720,2
30721,2
30722,2
30723,2
30724,2
30725,2
30726,2
30727,2
30728,2
30729,2
30730,2
30731,2
30732,2
30733,2
30734,2
30735,2
30736,2
30737,2
30738,2
30739,2
30740,2
30741,2
30742,2
30743,2
30744,2
30745,2
30746,2
30747,2
30748,2
30749,2
30750,2
30751,2
30752,2
30753,2
30754,2
30755,2
30756,2
30757,2
30758,2
30759,2
30760,2
30984,2
30985,2
30986,2
30987,2
30988,2
30989,2
30990,2
30991,2
30992,2
30993,2
31155,2
31156,2
31157,2
31158,2
31159,2
31164,2
31165,2
31166,2
31167,2
31168,2
31396,2
31397,2
31398,2
31399,2
31400,2
31403,2
31404,2
31405,2
31450,2
31451,2
31452,2
31453,2
31454,2
31455,2
31822,2
31823,2
31824,2
31825,2
31826,2
31827,2
31828,2
31829,2
31830,2
31831,2
31832,2
38253,2
38254,2
38255,2
38256,2
38257,2
38258,2
38259,2
38260,2
38261,2
38267,2
38268,2
38269,2
38270,2
38271,2
38272,2
38273,2
38274,2
38280,2
38283,2
38284,2
38290,2
38291,2
38292,2
38293,2
38294,2
38299,2
38300,2
38301,2
38302,2
38303,2
38305,2
38306,2
38307,2
38308,2
38309,2
38310,2
38311,2
38312,2
38313,2
38314,2
38315,2
38316,2
38317,2
38345,2
38346,2
38414,2
38415,2
38416,2
38417,2
39342,2
39343,2
39344,2
39345,2
39346,2
39355,2
39356,2
39357,2
39358,2
39391,5
39392,5
39393,5
39394,5
39395,5
39397,5
39399,5
39401,3
39403,3
39405,3
39407,3
39409,3
39411,3
39413,3
39415,3
39417,2
39418,5
39419,5
39425,1
39426,1
39427,1
39428,1
39429,1
39430,1
39431,1
39432,1
39433,1
39434,1
39435,1
39436,1
39437,1
39438,1
39439,1
39440,1
39441,1
39442,1
39443,1
39444,1
39445,1
39446,6
39447,6
39448,6
39449,6
39450,6
39452,5
39453,5
39454,5
39455,5
39456,5
39457,5
39458,5
39459,5
39460,5
39461,5
39462,5
39463,5
39464,5
39465,5
39467,2
39468,2
39469,2
39471,1
39472,1
39473,1
39474,1
39475,1
39476,1
39477,1
39478,1
39479,1
39480,1
39484,1
39485,1
39486,1
39487,1
39488,1
39489,1
39490,1
39491,1
39492,1
39493,1
39494,1
39495,1
39496,1
39497,1
39498,1
39499,1
39500,1
39501,1
39502,1
39503,1
39504,1
39505,1
39506,1
39507,1
39508,1
39509,1
39510,1
39511,1
39512,1
39513,1
39514,1
39515,2
39516,2
39517,2
39518,2
39520,3
39521,3
39522,3
39524,1
39525,1
39526,1
39528,2
39529,2
39530,2
39531,2
39532,2
39533,2
39534,2
39535,5
39536,5
39537,5
39539,1
39540,1
39541,1
39543,1
39544,1
39545,1
39546,1
39547,1
39548,1
39549,1
39550,1
39551,1
39552,1
39556,1
39557,1
39558,1
39559,1
39560,1
39561,1
39562,1
39563,1
39564,1
39565,1
39566,1
39567,1
39568,1
39569,1
39570,1
39571,1
39572,1
39573,1
39574,1
39575,1
39576,1
39577,1
39578,1
39579,1
39580,1
39581,1
39629,2
39630,2
39631,2
39632,2
39633,2
39634,2
39635,2
39636,2
39637,2
39638,2
39639,2
39640,2
39641,2
39642,2
39643,2
39644,2
39645,2
39646,2
39647,2
39648,2
39649,2
39650,2
39651,2
39652,2
39653,2
39674,2
39675,2
39676,2
39677,2
39678,2
39692,2
39693,2
39694,2
39695,2
39696,2
39697,2
39698,2
39699,2
39700,2
39733,2
39734,2
39735,2
39736,2
39737,2
39741,2
39742,2
39743,2
39744,2
39745,2
39746,2
39795,2
39796,2
39797,2
39798,2
39799,2
39800,2
39801,2
39802,2
39803,2
39804,2
39805,2
39806,2
39807,2
39840,2
39841,2
39842,2
39843,2
39844,2
39845,2
39846,2
39847,2
39848,2
39849,2
39855,2
39856,2
39857,2
39858,2
39859,2
39860,2
39861,2
39862,2
39863,2
39864,2
39897,2
39898,2
39899,2
39900,2
39901,2
39902,2
39903,2
39904,2
39905,2
39906,2
39907,2
39913,2
39914,2
39915,2
39916,2
39917,2
39918,2
39919,2
39920,2
39926,2
39927,2
39928,2
39929,2
39930,2
39931,2
39932,2
39933,2
39939,2
39940,2
39941,2
39942,2
39943,2
39944,2
39945,2
39946,2
39952,2
39953,2
39954,2
39955,2
39956,2
39957,2
39958,2
39959,2
39965,2
39966,2
39967,2
39968,2
39969,2
39970,2
39971,2
39972,2
39978,2
39979,2
39980,2
39981,2
39982,2
39983,2
39984,2
39985,2
39991,2
39992,2
39993,2
39994,2
39995,2
39996,2
39997,2
39998,2
40004,2
40005,2
40006,2
40007,2
40008,2
40009,2
40010,2
40011,2
40017,2
40018,2
40019,2
40020,2
40021,2
40022,2
40023,2
40024,2
