10338,1
10339,1
10340,1
10341,1
10342,1
10343,1
10344,1
10345,1
10346,1
10347,1
10348,1
10349,1
10350,1
10351,1
10352,1
10353,1
10354,1
10355,1
10356,1
10357,1
10358,1
10359,1
10360,1
10361,1
10362,1
10363,1
10364,1
10365,1
10366,1
10367,1
10368,1
10369,1
10370,1
10371,1
10372,1
10373,1
10374,1
10375,1
10376,1
10377,1
10378,1
10379,1
10380,1
10381,1
10382,1
10383,1
10384,1
10385,1
10386,1
10387,1
10388,1
10389,1
10390,1
10391,1
10392,1
10393,1
10394,1
10395,1
10396,1
10397,1
10398,1
10399,1
10400,1
10401,1
10402,1
10403,1
10404,1
10405,1
10406,1
10407,1
10408,1
10409,1
10410,1
10411,1
10412,1
10413,1
10414,1
10415,1
10416,1
10417,1
10418,1
10419,1
10420,1
10421,1
10422,1
10423,1
10424,1
10425,1
10426,1
10427,1
10428,1
10429,1
10430,1
10431,1
10432,1
10433,1
10434,1
10435,1
10436,1
10437,1
10438,1
10439,1
10440,1
10441,1
10442,1
10443,1
10444,1
10445,1
10446,1
10447,1
10448,1
10449,1
10450,1
10451,1
10452,1
10453,1
10454,1
10455,1
10456,1
10457,1
10458,1
10459,1
10460,1
10461,1
10462,1
10969,1
10970,1
10971,1
10972,1
10973,1
10974,1
10975,1
10976,1
10977,1
10978,1
10979,1
10980,1
10981,1
10982,1
10983,1
10984,1
10985,1
10986,1
10987,1
10988,1
10989,1
10990,1
10991,1
10992,1
10993,1
10994,1
10995,1
10996,1
10997,1
10998,1
10999,1
11000,1
11001,1
11002,1
11003,1
11004,1
11005,1
11006,1
11007,1
11013,2
11014,2
11015,2
11016,2
11017,2
11018,2
11019,2
11020,2
11021,2
11022,2
11023,2
11024,2
11025,2
11039,2
11040,2
11041,2
11042,2
11043,2
11075,2
11076,2
11077,2
11078,2
11079,2
11080,2
11081,2
11082,2
11083,2
11084,2
11085,2
11086,2
11087,2
11275,1
11276,1
11277,1
11278,1
11279,1
11280,1
11281,1
11282,1
11283,1
11284,1
11285,1
11286,1
11287,1
11288,1
11289,1
11290,1
11291,1
11292,1
11293,1
11294,1
11295,1
11296,1
11297,1
11298,1
11307,1
11308,1
11309,1
11310,1
11311,1
11312,1
11313,1
11314,1
11315,1
11316,1
11317,1
11318,1
11319,1
11343,1
11344,1
11345,1
11346,1
11352,2
11353,2
11354,2
11355,2
11356,2
11357,2
11358,2
11359,2
11360,2
11361,2
11362,2
11363,2
11364,2
11365,2
11366,2
11367,2
11368,2
11370,2
11371,2
11372,2
11373,2
11374,2
11375,2
11376,2
11377,2
11378,2
11393,2
11394,2
11395,2
11396,2
11397,2
11398,2
11399,2
11400,2
11401,2
11402,2
11403,2
11404,2
11405,2
11411,1
11412,1
11413,1
11414,1
11415,1
11416,1
11417,1
11418,1
11419,1
11420,1
11421,1
11422,1
11423,1
11443,1
11444,1
11445,1
11446,1
11447,1
11448,1
11449,1
11450,1
11451,1
11515,3
11516,3
11517,3
11518,3
11519,3
11520,3
11521,3
11522,3
11523,3
11524,3
11525,3
11526,3
11527,3
11528,3
11529,3
11530,3
11531,3
11532,3
11614,1
11615,1
11616,1
11617,1
11618,1
11619,1
11620,1
11621,1
11622,1
11623,1
11624,1
11625,1
11626,1
11627,1
11628,1
11629,1
11630,1
11631,1
11632,1
11633,1
11634,1
11635,1
11636,1
11637,1
11638,1
11662,2
11663,2
11664,2
11665,2
11666,2
11667,2
11668,2
11669,2
11670,2
11671,2
11672,2
11673,2
11674,2
12155,2
12156,2
12157,2
12158,2
12159,2
12160,2
12161,2
12162,2
12163,2
12164,2
12165,2
12166,2
12167,2
12168,2
12169,2
12170,2
12171,6
12172,6
12173,6
12174,6
12176,4
12177,4
12178,4
12179,4
12180,4
12181,4
12182,4
12183,4
12184,4
12185,4
12186,4
12188,2
12189,2
12190,2
12191,2
12192,2
12193,2
12194,2
12195,2
12196,2
12197,4
12198,4
12200,2
12201,2
12202,2
12203,2
12204,2
12207,2
12208,2
12209,2
12210,2
12211,2
12212,2
12213,2
12214,2
12220,2
12221,2
12222,2
12223,2
12224,2
12225,2
12226,2
12227,2
12228,2
12229,2
12230,2
12231,2
12327,2
12328,2
12329,2
12330,2
12331,2
12332,2
12333,2
12334,2
12335,2
12336,2
12337,2
12343,2
12344,2
12345,2
12346,2
12347,2
12348,2
12349,2
12350,2
12351,2
12352,2
12353,2
12354,2
12373,4
12374,4
12375,4
12376,4
12377,4
12378,4
12379,4
12380,4
12381,4
12382,4
12383,4
12384,4
12385,4
12386,4
12387,4
12388,4
12389,6
12390,6
12391,6
12392,6
12394,6
12395,6
12396,6
12397,6
12398,6
12399,6
12400,6
12401,6
12402,6
12403,6
12404,6
12405,6
12406,6
12408,2
12409,2
12410,2
12411,2
12412,2
12413,2
12414,2
12416,4
12417,4
12418,4
12419,4
12420,2
12421,2
17563,3
17564,3
17565,3
17566,3
17567,3
17569,2
17570,2
17571,2
17572,2
17584,3
17585,3
17586,3
17592,1
17593,1
17594,1
17595,1
17596,1
17597,1
17598,1
17610,1
17611,1
17612,1
17618,1
17619,1
17620,1
17621,1
17622,1
17623,1
17624,1
17625,1
17626,1
17627,1
17628,1
17629,1
17630,1
17631,1
17632,1
17633,1
17634,1
17635,1
17636,1
17637,1
17668,1
17669,1
17670,1
17671,1
17677,1
17678,1
17679,1
17680,1
17681,1
17682,1
17684,1
17685,1
17686,1
17687,1
17688,1
17689,1
17690,1
17691,1
17692,1
18096,2
18097,2
18098,2
18099,2
18100,2
18101,2
18102,2
18103,2
18104,2
18105,2
18106,2
18107,2
18108,2
18109,2
18110,2
18111,2
18112,2
18113,2
18114,2
18115,2
18116,2
18117,2
18118,2
18119,2
18120,2
18121,2
18122,2
18123,2
18124,2
18125,2
18126,2
18128,2
18129,2
18130,2
18131,2
18132,2
18138,2
18139,2
18140,2
18146,1
18147,1
18148,1
18149,1
18150,1
18152,1
18153,1
18154,1
18311,2
18312,2
18313,2
18314,2
18315,2
18316,2
18317,2
18318,2
18319,2
18320,2
18321,2
18322,2
18323,2
18324,2
18325,2
18326,2
18327,2
18328,2
18329,2
18330,2
18331,2
18333,2
18334,2
18335,2
18336,2
18337,2
18338,2
18339,2
18340,2
18342,2
18343,2
18344,2
18345,2
18346,2
18347,2
18348,2
18349,2
18350,2
18351,2
18352,2
18624,2
18625,2
18626,2
18632,5
18633,5
18634,5
18635,5
18636,5
18637,5
18638,5
18639,5
18640,5
18641,5
18642,5
18653,5
18654,5
18655,5
18656,5
18657,5
18658,5
18659,5
18666,5
18667,5
18668,5
18669,5
18671,4
18672,4
18673,4
18674,4
18676,4
18677,4
18678,4
18679,4
18681,3
18682,3
18683,3
18684,3
18685,3
18686,3
18687,3
18688,3
18689,3
18690,3
18691,3
18693,2
18694,2
18695,2
18696,2
18697,2
18698,2
18699,2
18708,2
18709,2
18710,2
18711,2
18712,2
18713,2
18714,2
18716,2
18717,2
18718,2
18719,2
18720,2
18722,2
18723,2
18724,2
18725,2
18726,2
18727,2
18735,5
18736,5
18737,5
18738,5
18740,5
18741,5
18742,5
18743,5
18749,5
18750,5
18751,5
18823,4
18824,4
18825,4
18826,4
18827,4
18828,4
18829,4
18830,4
18832,1
18833,1
18834,1
18835,1
18837,3
18839,1
18840,4
18841,4
18888,4
18889,4
18890,4
18891,4
18892,4
18894,4
18895,4
18896,4
18897,4
18898,4
18900,1
18901,1
18902,1
18904,3
18905,3
18906,3
18907,1
18908,1
18909,1
18910,1
18911,1
18912,1
18913,1
18914,1
18915,1
18916,1
18917,1
18919,1
18928,1
18929,1
18930,1
18931,1
18932,1
18933,1
18934,1
18935,1
18936,1
18937,1
18942,1
18943,1
18944,1
18945,1
18946,1
18947,1
18958,1
18959,1
18960,1
18966,1
18967,1
18968,1
18969,1
18970,1
18971,1
18972,1
18978,1
18979,1
18980,1
18981,1
18982,1
18983,1
18984,1
18990,4
18991,4
18992,4
18993,4
18994,4
18995,4
18996,4
18997,4
18999,4
19000,4
19001,4
19002,4
19004,1
19006,3
19007,4
19008,4
19014,4
19015,4
19016,4
19017,4
19018,4
19020,4
19021,4
19022,4
19023,4
19024,4
19026,1
19027,1
19028,1
19030,3
19031,3
19032,3
19033,1
19034,1
19035,1
19036,1
19037,1
19038,1
19039,1
19040,1
19041,1
19042,1
19043,1
19045,1
19046,1
19047,1
19048,1
19057,1
19058,1
19059,1
19060,1
19061,1
19062,1
19063,1
19064,1
19065,1
19066,1
19068,1
19069,1
19070,1
19099,1
19100,1
19101,1
19102,1
19103,1
19104,1
19105,1
19106,1
19107,1
19108,1
19109,1
19110,1
19111,1
19138,1
19139,1
19140,1
19141,1
19142,1
19143,1
19144,1
19145,1
19146,1
19147,1
19148,1
19149,1
19150,1
19151,1
19152,1
19153,1
19159,1
19160,1
19161,1
19162,1
19163,1
19164,1
19165,1
19166,1
19167,1
19168,1
19169,1
19170,1
19171,1
19172,1
19173,1
19174,1
19175,1
19176,1
19177,1
19178,1
19179,1
19180,1
19181,1
19182,1
19183,1
19184,1
19185,1
19186,1
19187,1
19188,1
19189,1
19190,1
19191,1
19192,1
19193,1
19194,1
19195,1
19196,1
19197,1
19198,1
19199,1
19200,1
19201,1
19202,1
19203,1
19204,1
19205,1
19220,1
19221,1
19222,1
19223,1
19224,1
19225,1
19226,1
19227,1
19228,1
19229,1
19230,1
19232,1
19233,1
19234,1
19235,1
19236,1
19237,1
19238,1
19239,1
19240,1
19241,6
19242,6
19243,6
19245,5
19246,5
19247,5
19248,5
19249,5
19250,5
19251,5
19252,5
19253,5
19254,5
19255,5
19256,5
19257,5
19258,5
19259,5
19261,1
19262,1
19263,1
19264,1
19265,1
19266,1
19267,1
19268,1
19269,1
19270,1
19271,1
19272,1
19273,1
19274,1
19275,1
19276,1
19277,1
19278,1
19279,1
19313,3
19314,3
19315,3
19316,3
19317,3
19318,3
19325,3
19326,3
19327,3
19328,3
19329,3
19330,3
19331,3
19341,2
19342,2
19343,2
19344,2
19345,2
19346,2
19347,2
19359,2
19360,2
19361,2
19362,2
19363,2
19364,2
19365,2
19366,2
19398,2
19399,2
19400,2
30790,2
30791,2
30792,2
30793,2
30794,2
30795,2
30796,2
30797,2
30798,2
30799,2
30800,2
30801,2
30802,2
30803,2
30804,2
30805,2
30806,2
30812,2
30813,2
30814,2
30815,2
30816,2
30817,2
30818,2
30819,2
30820,2
30821,2
30822,2
30823,2
30824,2
30825,2
30826,2
30827,2
30828,2
30829,2
30830,2
30831,2
30832,2
30833,2
30834,2
30835,2
30836,2
30837,2
30838,2
30839,2
30840,2
30841,2
30842,2
30843,2
30844,2
30845,2
30846,2
30847,2
30848,2
30849,2
30850,2
30851,2
30852,2
30853,2
30854,2
30860,2
30861,2
30862,2
30863,2
30864,2
30865,2
30866,2
30867,2
30873,12
30874,12
30875,12
30876,12
30877,12
30885,12
30886,12
30887,12
30896,12
30899,12
30900,12
30906,3
30907,3
30908,3
30909,3
30910,3
30911,3
30922,3
30923,3
30924,3
30925,3
30926,3
30927,3
30928,3
30929,3
30930,3
30931,3
30932,3
30954,3
30955,3
30956,3
30957,3
30958,3
30959,3
30970,3
30971,3
30972,3
30973,3
30974,3
30975,3
30976,3
30977,3
30978,3
30999,2
31000,2
31001,2
31002,2
31003,2
31004,2
31005,2
31006,2
31007,2
31008,2
31009,2
31010,2
31011,2
31012,2
31013,2
31014,2
31015,2
31016,2
31017,2
31018,2
31019,2
31020,2
31021,2
31055,7
31056,7
31057,7
31058,7
31059,7
31061,4
31062,4
31063,4
31064,3
31065,3
31066,3
31067,3
31068,3
31073,3
31074,3
31075,3
31076,3
31077,3
31078,3
31079,3
31080,3
31081,3
31082,3
31083,3
31084,3
31085,3
31086,3
31087,3
31089,3
31090,3
31091,3
31092,3
31093,3
31094,3
31095,3
31096,3
31097,3
31100,3
31101,3
31102,3
31155,4
31156,4
31157,4
31158,4
31159,4
31164,4
31165,4
31166,4
31167,4
31168,4
31174,2
31175,2
31176,2
31177,2
31178,2
31179,2
31185,6
31186,6
31187,6
31188,6
31189,6
31190,6
31303,2
31304,2
31305,2
31306,2
31307,2
31308,2
31314,14
31315,14
31316,14
31317,14
31318,14
31320,14
31321,14
31323,14
31326,14
31327,14
31396,2
31397,2
31398,2
31399,2
31400,2
31403,2
31404,2
31405,2
31435,3
31436,3
31437,3
31438,3
31439,3
31442,3
31443,3
31444,3
31450,4
31451,4
31452,4
31453,4
31454,4
31455,4
31461,3
31462,3
31463,3
31464,3
31465,3
31466,3
31525,3
31526,3
31527,3
31528,3
31529,3
31530,3
31531,3
31532,3
31533,3
31539,2
31540,2
31541,2
31542,2
31543,2
31548,2
31549,2
31550,2
31551,2
31553,2
31554,2
31555,2
31556,2
31557,2
31558,2
31559,2
31570,2
31571,2
31572,2
31573,2
31574,2
31575,2
31576,2
31577,2
31578,2
31579,2
31585,2
31586,2
31587,2
31588,2
31589,2
31590,2
31591,2
31592,2
31593,2
31594,2
31615,2
31616,2
31617,2
31618,2
31619,2
31620,2
31621,2
31622,2
31623,2
31624,2
31630,2
31631,2
31632,2
31633,2
31634,2
31635,2
31636,2
31637,2
31638,2
31639,2
31645,2
31646,2
31647,2
31648,2
31649,2
31650,2
31651,2
31652,2
31653,2
31654,2
31660,2
31661,2
31662,2
31663,2
31664,2
31665,2
31666,2
31667,2
31668,2
31669,2
31691,2
31692,2
31693,2
31694,2
31695,2
31696,2
31697,2
31698,2
31699,2
31700,2
38130,3
38131,3
38132,3
38133,3
38134,3
38135,3
38136,3
38137,3
38138,3
38139,3
38140,3
38142,3
38143,3
38144,3
38145,3
38146,3
38173,3
38174,3
38175,3
38176,3
38182,13
38183,13
38184,13
38185,13
38186,13
38191,13
38192,13
38193,13
38194,13
38195,13
38196,13
38197,13
38206,13
38207,13
38208,13
38209,13
38210,13
38211,13
38212,13
38214,4
38215,4
38216,4
38217,4
38218,4
38219,4
38220,4
38221,9
38222,9
38223,9
38224,9
38253,2
38254,2
38255,2
38256,2
38257,2
38258,2
38259,2
38260,2
38261,2
38267,2
38268,2
38269,2
38270,2
38271,2
38272,2
38273,2
38274,2
38280,2
38283,2
38284,2
38290,2
38291,2
38292,2
38293,2
38294,2
38299,2
38300,2
38301,2
38302,2
38303,2
38305,2
38306,2
38307,2
38308,2
38309,2
38310,2
38311,2
38312,2
38313,2
38314,2
38315,2
38316,2
38317,2
38345,2
38346,2
38414,2
38415,2
38416,2
38417,2
38468,2
38469,2
38470,2
38471,2
38472,2
38473,2
38474,2
38475,2
38476,2
38477,2
38478,2
38479,2
38480,2
38481,2
38482,2
38483,2
38484,2
38485,2
38486,2
38487,2
38488,2
38489,2
38490,2
38491,2
38492,2
38493,2
38494,2
38495,2
38496,2
38497,2
38498,2
38499,2
38500,2
38501,2
38502,2
38503,2
38504,2
38505,2
38506,2
38507,2
38508,2
38509,2
38510,2
38511,2
38512,2
38513,2
38514,2
38515,2
38516,2
38517,2
38518,2
38519,2
38520,2
38521,2
38522,2
38523,2
38524,2
38525,2
38526,2
38527,2
38528,2
38529,2
38530,2
38531,2
38532,2
38533,2
38534,2
38535,2
38536,2
38537,2
38538,2
38550,2
38551,2
38552,2
38553,2
38590,2
38591,2
38592,2
38593,2
38594,2
38595,2
38596,2
38597,2
38692,2
38693,2
38694,2
38695,2
38696,2
38697,2
38698,2
38699,2
38700,2
38701,2
38702,2
38703,2
38704,2
38705,2
38706,2
38707,2
38708,2
38709,2
38710,2
38711,2
38712,2
38713,2
38714,2
38715,2
38716,2
38717,2
38718,2
38719,2
38720,2
