1262,1
1263,1
1264,1
1265,1
1266,1
1267,1
1268,1
1269,1
1270,1
1271,1
1272,1
1273,1
1274,1
1275,1
1276,1
1277,1
1278,1
1279,1
1280,1
1281,1
1282,1
1283,1
1284,1
1285,1
1286,1
1287,1
1288,1
1289,1
1290,1
1291,1
1292,1
1293,1
1294,1
1295,1
1296,1
1297,1
1298,1
1299,1
1300,1
1301,1
1302,1
1303,1
1304,1
1305,1
1306,1
1307,1
1308,1
1309,1
1310,1
1311,1
1312,1
1313,1
1314,1
1315,1
1316,1
1317,1
1318,1
1319,1
1320,1
1321,1
1322,1
1323,1
1324,1
1325,1
1326,1
1327,1
1328,1
1329,1
1330,1
1331,1
1332,1
1333,1
1334,1
1335,1
1336,1
1337,1
1338,1
1339,1
1340,1
1341,1
1342,1
1343,1
1344,1
1345,1
1346,1
1347,1
1348,1
1349,1
1350,1
1351,1
1352,1
1353,1
1354,1
1355,1
1356,1
1357,1
1358,1
1359,1
1360,1
1361,1
1362,1
1363,1
1364,1
1365,1
1366,1
1367,1
1368,1
1369,1
1370,1
1371,1
10969,1
10970,1
10971,1
10972,1
10973,1
10974,1
10975,1
10976,1
10977,1
10978,1
10979,1
10980,1
10981,1
10982,1
10983,1
10984,1
10985,1
10986,1
10987,1
10988,1
10989,1
10990,1
10991,1
10992,1
10993,1
10994,1
10995,1
10996,1
10997,1
10998,1
10999,1
11000,1
11001,1
11002,1
11003,1
11004,1
11005,1
11006,1
11007,1
11013,2
11014,2
11015,2
11016,2
11017,2
11018,2
11019,2
11020,2
11021,2
11022,2
11023,2
11024,2
11025,2
11039,2
11040,2
11041,2
11042,2
11043,2
11075,2
11076,2
11077,2
11078,2
11079,2
11080,2
11081,2
11082,2
11083,2
11084,2
11085,2
11086,2
11087,2
11352,2
11353,2
11354,2
11355,2
11356,2
11357,2
11358,2
11359,2
11360,2
11361,2
11362,2
11363,2
11364,2
11365,2
11366,2
11367,2
11368,2
11370,2
11371,2
11372,2
11373,2
11374,2
11375,2
11376,2
11377,2
11378,2
11393,2
11394,2
11395,2
11396,2
11397,2
11398,2
11399,2
11400,2
11401,2
11402,2
11403,2
11404,2
11405,2
11411,1
11412,1
11413,1
11414,1
11415,1
11416,1
11417,1
11418,1
11419,1
11420,1
11421,1
11422,1
11423,1
11443,1
11444,1
11445,1
11446,1
11447,1
11448,1
11449,1
11450,1
11451,1
11515,2
11516,2
11517,2
11518,2
11519,2
11520,2
11521,2
11522,2
11523,2
11524,2
11525,2
11526,2
11527,2
11528,2
11529,2
11530,2
11531,2
11532,2
11614,1
11615,1
11616,1
11617,1
11618,1
11619,1
11620,1
11621,1
11622,1
11623,1
11624,1
11625,1
11626,1
11627,1
11628,1
11629,1
11630,1
11631,1
11632,1
11633,1
11634,1
11635,1
11636,1
11637,1
11638,1
11662,2
11663,2
11664,2
11665,2
11666,2
11667,2
11668,2
11669,2
11670,2
11671,2
11672,2
11673,2
11674,2
12043,2
12044,2
12045,2
12046,2
12047,2
12052,2
12053,2
12054,2
12055,2
12056,2
12057,2
12058,2
12059,2
12060,2
12061,2
12064,2
12065,2
12066,2
12067,2
12068,2
12069,2
12070,2
12155,2
12156,2
12157,2
12158,2
12159,2
12160,2
12161,2
12162,2
12163,2
12164,2
12165,2
12166,2
12167,2
12168,2
12169,2
12170,2
12171,6
12172,6
12173,6
12174,6
12176,4
12177,4
12178,4
12179,4
12180,4
12181,4
12182,4
12183,4
12184,4
12185,4
12186,4
12188,2
12189,2
12190,2
12191,2
12192,2
12193,2
12194,2
12195,2
12196,2
12197,4
12198,4
12200,2
12201,2
12202,2
12203,2
12204,2
12207,2
12208,2
12209,2
12210,2
12211,2
12212,2
12213,2
12214,2
12254,2
12255,2
12256,2
12257,2
12258,2
12263,2
12264,2
12265,2
12266,2
12267,2
12268,2
12269,2
12270,2
12271,2
12272,2
12277,2
12278,2
12279,2
12280,2
12281,2
12282,2
12283,2
12284,2
12285,2
12286,2
12287,2
17491,1
17492,1
17493,1
17494,1
17495,1
17496,1
17497,1
17498,1
17499,1
17500,1
17501,1
17502,1
17503,1
17504,1
17505,1
17506,1
17507,1
17563,3
17564,3
17565,3
17566,3
17567,3
17584,3
17585,3
17586,3
17592,1
17593,1
17594,1
17595,1
17596,1
17597,1
17598,1
17610,1
17611,1
17612,1
18096,2
18097,2
18098,2
18099,2
18100,2
18101,2
18102,2
18103,2
18104,2
18105,2
18106,2
18107,2
18108,2
18109,2
18110,2
18111,2
18112,2
18113,2
18114,2
18115,2
18116,2
18117,2
18118,2
18119,2
18120,2
18121,2
18122,2
18123,2
18124,2
18125,2
18126,2
18128,2
18129,2
18130,2
18131,2
18132,2
18138,2
18139,2
18140,2
18146,1
18147,1
18148,1
18149,1
18150,1
18152,1
18153,1
18154,1
18311,2
18312,2
18313,2
18314,2
18315,2
18316,2
18317,2
18318,2
18319,2
18320,2
18321,2
18322,2
18323,2
18324,2
18325,2
18326,2
18327,2
18328,2
18329,2
18330,2
18331,2
18333,2
18334,2
18335,2
18336,2
18337,2
18338,2
18339,2
18340,2
18342,2
18343,2
18344,2
18345,2
18346,2
18347,2
18348,2
18349,2
18350,2
18351,2
18352,2
18624,2
18625,2
18626,2
18632,4
18633,4
18634,4
18635,4
18636,4
18637,4
18638,4
18639,4
18640,4
18641,4
18642,4
18653,4
18654,4
18655,4
18656,4
18657,4
18658,4
18659,4
18666,4
18667,4
18668,4
18669,4
18671,2
18672,2
18673,2
18674,2
18676,2
18677,2
18678,2
18679,2
18681,2
18682,2
18683,2
18684,2
18685,2
18686,2
18687,2
18688,2
18689,2
18690,2
18691,2
18693,2
18694,2
18695,2
18696,2
18697,2
18698,2
18699,2
18708,2
18709,2
18710,2
18711,2
18712,2
18713,2
18714,2
18716,2
18717,2
18718,2
18719,2
18720,2
18722,2
18723,2
18724,2
18725,2
18726,2
18727,2
18735,4
18736,4
18737,4
18738,4
18740,4
18741,4
18742,4
18743,4
18745,2
18746,2
18747,2
18748,2
18749,4
18750,4
18751,4
18823,2
18824,2
18825,2
18826,2
18827,2
18828,2
18829,2
18830,2
18837,2
18840,2
18841,2
18888,2
18889,2
18890,2
18891,2
18892,2
18894,2
18895,2
18896,2
18897,2
18898,2
18904,2
18905,2
18906,2
18990,2
18991,2
18992,2
18993,2
18994,2
18995,2
18996,2
18997,2
18999,2
19000,2
19001,2
19002,2
19006,2
19007,2
19008,2
19014,2
19015,2
19016,2
19017,2
19018,2
19020,2
19021,2
19022,2
19023,2
19024,2
19030,2
19031,2
19032,2
19099,1
19100,1
19101,1
19102,1
19103,1
19104,1
19105,1
19106,1
19107,1
19108,1
19109,1
19110,1
19111,1
19138,1
19139,1
19140,1
19141,1
19142,1
19143,1
19144,1
19145,1
19146,1
19147,1
19148,1
19149,1
19150,1
19151,1
19152,1
19153,1
19159,1
19160,1
19161,1
19162,1
19163,1
19164,1
19165,1
19166,1
19167,1
19168,1
19169,1
19170,1
19171,1
19172,1
19173,1
19174,1
19175,1
19176,1
19177,1
19178,1
19179,1
19180,1
19181,1
19182,1
19183,1
19184,1
19185,1
19186,1
19187,1
19188,1
19189,1
19190,1
19191,1
19192,1
19193,1
19194,1
19195,1
19196,1
19197,1
19198,1
19199,1
19200,1
19201,1
19202,1
19203,1
19204,1
19205,1
19220,1
19221,1
19222,1
19223,1
19224,1
19225,1
19226,1
19227,1
19228,1
19229,1
19230,1
19232,1
19233,1
19234,1
19235,1
19236,1
19237,1
19238,1
19239,1
19240,1
19241,5
19242,5
19243,5
19245,4
19246,4
19247,4
19248,4
19249,4
19250,4
19251,4
19252,4
19253,4
19254,4
19255,4
19256,4
19257,4
19258,4
19259,4
19261,1
19262,1
19263,1
19264,1
19265,1
19266,1
19267,1
19268,1
19269,1
19270,1
19271,1
19272,1
19273,1
19274,1
19275,1
19276,1
19277,1
19278,1
19279,1
19313,2
19314,2
19315,2
19316,2
19317,2
19318,2
19325,2
19326,2
19327,2
19328,2
19329,2
19330,2
19331,2
19341,2
19342,2
19343,2
19344,2
19345,2
19346,2
19347,2
19359,2
19360,2
19361,2
19362,2
19363,2
19364,2
19365,2
19366,2
19398,2
19399,2
19400,2
30645,2
30646,2
30647,2
30648,2
30649,2
30650,2
30651,2
30652,2
30653,2
30654,2
30655,2
30656,2
30662,2
30663,2
30664,2
30665,2
30666,2
30667,2
30668,2
30669,2
30670,2
30671,2
30672,2
30673,2
30674,2
30675,2
30676,2
30677,2
30678,2
30679,2
30680,2
30681,2
30682,2
30683,2
30684,2
30685,2
30686,2
30687,2
30688,2
30689,2
30690,2
30691,2
30692,2
30693,2
30694,2
30695,2
30696,2
30697,2
30698,2
30699,2
30700,2
30701,2
30702,2
30703,2
30704,2
30705,2
30706,2
30707,2
30708,2
30709,2
30710,2
30711,2
30712,2
30713,2
30714,2
30715,2
30716,2
30717,2
30718,2
30719,2
30720,2
30721,2
30722,2
30723,2
30724,2
30725,2
30726,2
30727,2
30728,2
30729,2
30730,2
30731,2
30732,2
30733,2
30734,2
30735,2
30736,2
30737,2
30738,2
30739,2
30740,2
30741,2
30742,2
30743,2
30744,2
30745,2
30746,2
30747,2
30748,2
30749,2
30750,2
30751,2
30752,2
30753,2
30754,2
30755,2
30756,2
30757,2
30758,2
30759,2
30760,2
30873,8
30874,8
30875,8
30876,8
30877,8
30885,8
30886,8
30887,8
30889,8
30890,8
30891,8
30892,8
30893,8
30894,8
30896,6
30898,2
30899,8
30900,8
30906,2
30907,2
30908,2
30909,2
30910,2
30911,2
30922,2
30923,2
30924,2
30925,2
30926,2
30927,2
30928,2
30929,2
30930,2
30931,2
30932,2
30954,2
30955,2
30956,2
30957,2
30958,2
30959,2
30970,2
30971,2
30972,2
30973,2
30974,2
30975,2
30976,2
30977,2
30978,2
30999,2
31000,2
31001,2
31002,2
31003,2
31004,2
31005,2
31006,2
31007,2
31008,2
31009,2
31010,2
31011,2
31012,2
31013,2
31014,2
31015,2
31016,2
31017,2
31018,2
31019,2
31020,2
31021,2
31055,4
31056,4
31057,4
31058,4
31059,4
31064,4
31065,4
31066,4
31067,4
31068,4
31073,4
31074,4
31075,4
31076,4
31077,4
31078,4
31079,4
31080,4
31081,4
31082,4
31083,4
31084,4
31085,4
31086,4
31087,4
31089,4
31090,4
31091,4
31092,4
31093,4
31094,4
31095,4
31096,4
31097,4
31100,2
31101,4
31102,4
31155,4
31156,4
31157,4
31158,4
31159,4
31164,4
31165,4
31166,4
31167,4
31168,4
31196,2
31197,2
31198,2
31199,2
31200,2
31201,2
31303,2
31304,2
31305,2
31306,2
31307,2
31308,2
31314,10
31315,10
31316,10
31317,10
31318,10
31323,10
31326,10
31327,10
31396,2
31397,2
31398,2
31399,2
31400,2
31403,2
31404,2
31405,2
31435,2
31436,2
31437,2
31438,2
31439,2
31442,2
31443,2
31444,2
31450,4
31451,4
31452,4
31453,4
31454,4
31455,4
31461,2
31462,2
31463,2
31464,2
31465,2
31466,2
31525,2
31526,2
31527,2
31528,2
31529,2
31530,2
31531,2
31532,2
31533,2
31822,2
31823,2
31824,2
31825,2
31826,2
31827,2
31828,2
31829,2
31830,2
31831,2
31832,2
38130,2
38131,2
38132,2
38133,2
38134,2
38135,2
38136,2
38137,2
38138,2
38139,2
38140,2
38142,2
38143,2
38144,2
38145,2
38146,2
38173,2
38174,2
38175,2
38176,2
38182,6
38183,6
38184,6
38185,6
38186,6
38191,6
38192,6
38193,6
38194,6
38195,6
38196,6
38197,6
38206,6
38207,6
38208,6
38209,6
38210,6
38211,6
38212,6
38214,2
38215,2
38216,2
38217,2
38218,2
38219,2
38220,2
38221,4
38222,4
38223,4
38224,4
38253,2
38254,2
38255,2
38256,2
38257,2
38258,2
38259,2
38260,2
38261,2
38267,2
38268,2
38269,2
38270,2
38271,2
38272,2
38273,2
38274,2
38280,2
38283,2
38284,2
38290,2
38291,2
38292,2
38293,2
38294,2
38299,2
38300,2
38301,2
38302,2
38303,2
38305,2
38306,2
38307,2
38308,2
38309,2
38310,2
38311,2
38312,2
38313,2
38314,2
38315,2
38316,2
38317,2
38345,2
38346,2
38414,2
38415,2
38416,2
38417,2
38963,1
38964,1
38965,1
38966,1
38967,1
38968,1
38969,1
38970,1
38980,1
38981,1
38982,1
38983,1
38984,1
38985,1
38986,1
38987,1
39135,2
39136,2
39137,2
39138,2
39139,2
39140,2
39141,2
39143,1
39144,1
39145,1
39146,1
39147,1
39148,1
39149,1
39150,1
39159,1
39160,1
39161,1
39162,1
39164,1
39165,1
39166,1
39167,1
39168,1
39169,1
39170,1
39270,2
39271,2
39272,2
39273,2
39274,2
39275,2
39276,2
39277,2
39278,2
39279,2
39280,2
39281,2
39629,2
39630,2
39631,2
39632,2
39633,2
39634,2
39635,2
39636,2
39637,2
39638,2
39639,2
39640,2
39641,2
39642,2
39643,2
39644,2
39645,2
39646,2
39647,2
39648,2
39649,2
39650,2
39651,2
39652,2
39653,2
39674,2
39675,2
39676,2
39677,2
39678,2
39692,2
39693,2
39694,2
39695,2
39696,2
39697,2
39698,2
39699,2
39700,2
39721,2
39722,2
39723,2
39724,2
39725,2
39726,2
39727,2
39733,2
39734,2
39735,2
39736,2
39737,2
39741,2
39742,2
39743,2
39744,2
39745,2
39746,2
39795,2
39796,2
39797,2
39798,2
39799,2
39800,2
39801,2
39802,2
39803,2
39804,2
39805,2
39806,2
39807,2
39855,1
39856,1
39857,1
39858,1
39859,1
39860,1
39861,1
39862,1
39863,1
39864,1
39897,2
39898,2
39899,2
39900,2
39901,2
39902,2
39903,2
39904,2
39905,2
39906,2
39907,2
39913,2
39914,2
39915,2
39916,2
39917,2
39918,2
39919,2
39920,2
39926,2
39927,2
39928,2
39929,2
39930,2
39931,2
39932,2
39933,2
39939,2
39940,2
39941,2
39942,2
39943,2
39944,2
39945,2
39946,2
39952,2
39953,2
39954,2
39955,2
39956,2
39957,2
39958,2
39959,2
39965,2
39966,2
39967,2
39968,2
39969,2
39970,2
39971,2
39972,2
39978,2
39979,2
39980,2
39981,2
39982,2
39983,2
39984,2
39985,2
39991,2
39992,2
39993,2
39994,2
39995,2
39996,2
39997,2
39998,2
40004,2
40005,2
40006,2
40007,2
40008,2
40009,2
40010,2
40011,2
40017,2
40018,2
40019,2
40020,2
40021,2
40022,2
40023,2
40024,2
