10969,1
10970,1
10971,1
10972,1
10973,1
10974,1
10975,1
10976,1
10977,1
10978,1
10979,1
10980,1
10981,1
10982,1
10983,1
10984,1
10985,1
10986,1
10987,1
10988,1
10989,1
10990,1
10991,1
10992,1
10993,1
10994,1
10995,1
10996,1
10997,1
10998,1
10999,1
11000,1
11001,1
11002,1
11003,1
11004,1
11005,1
11006,1
11007,1
11013,1
11014,1
11015,1
11016,1
11017,1
11018,1
11019,1
11020,1
11021,1
11022,1
11023,1
11024,1
11025,1
11039,1
11040,1
11041,1
11042,1
11043,1
11045,1
11046,1
11047,1
11048,1
11049,1
11050,1
11051,1
11052,1
11067,1
11068,1
11069,1
11070,1
11071,1
11072,1
11073,1
11074,1
11075,1
11076,1
11077,1
11078,1
11079,1
11080,1
11081,1
11082,1
11083,1
11084,1
11085,1
11086,1
11087,1
11393,1
11394,1
11395,1
11396,1
11397,1
11398,1
11399,1
11400,1
11401,1
11402,1
11403,1
11404,1
11405,1
11429,1
11430,1
11431,1
11432,1
11433,1
11434,1
11435,1
11436,1
11437,1
11538,1
11539,1
11540,1
11541,1
11542,1
11543,1
11544,1
11545,1
11546,1
11547,1
11548,1
11549,1
11550,1
15000,1
15001,1
15002,1
15003,1
15004,1
15005,1
15006,1
15007,1
15008,1
15009,1
15010,1
15011,1
15012,1
15013,1
15014,1
15015,1
15016,1
15017,1
15018,1
15019,1
15020,1
15021,1
15022,1
15023,1
15024,1
15025,1
15026,1
15027,1
15028,1
15029,1
15030,1
15031,1
15032,1
15033,1
15034,1
15035,1
15036,1
15037,1
15038,1
15039,1
15040,1
15041,1
15042,1
15043,1
15044,1
15045,1
15046,1
15047,1
15048,1
15049,1
15050,1
15051,1
15052,1
15053,1
15054,1
15055,1
15056,1
15057,1
15058,1
15059,1
15060,1
15061,1
15062,1
15063,1
15064,1
15065,1
15066,1
15067,1
15068,1
15069,1
15070,1
15071,1
15072,1
15073,1
15074,1
15075,1
15076,1
15077,1
15078,1
15079,1
15080,1
15081,1
15082,1
15083,1
15084,1
15085,1
15086,1
15087,1
15088,1
15089,1
15090,1
15091,1
15092,1
15093,1
15094,1
15095,1
20997,1
20998,1
20999,1
21000,1
21001,1
21002,1
21003,1
21004,1
21005,1
21006,1
21007,1
21008,1
21009,1
21010,1
21011,1
21012,1
21013,1
21014,1
21015,1
21016,1
21017,1
21018,1
21019,1
21020,1
21021,1
21022,1
21023,1
21024,1
21025,1
21026,1
21027,1
21028,1
21029,1
21030,1
21031,1
21032,1
21033,1
21034,1
21035,1
21036,1
21037,1
21038,1
21039,1
21040,1
21041,1
21042,1
21043,1
21044,1
21045,1
21046,1
21047,1
21048,1
21049,1
21050,1
21051,1
21052,1
21053,1
21054,1
21055,1
21056,1
21057,1
21058,1
21059,1
21065,1
21066,1
21067,1
21068,1
21069,1
21070,1
21071,1
21080,1
21081,1
21082,1
21083,1
21084,1
21086,1
21087,1
21088,1
21089,1
21090,1
21091,1
21092,1
21093,1
21094,1
21095,1
21096,1
21097,1
21098,1
21113,1
21114,1
21115,1
21116,1
21117,1
21119,1
21120,1
21121,1
21123,1
21124,1
21125,1
21126,1
21127,1
21171,1
21172,1
21173,1
21182,1
21183,1
21184,1
21317,1
21318,1
21319,1
21320,1
21321,1
21322,1
21323,1
21324,1
21325,1
21326,1
21327,1
21328,1
21329,1
21330,1
21331,1
21332,1
21341,1
21342,1
21343,1
21344,1
21345,1
21346,1
21347,1
21348,1
21349,1
21350,1
21351,1
21352,1
21361,1
21362,1
21363,1
21364,1
21365,1
21366,1
21367,1
21369,1
21370,1
21371,1
21501,2
21502,2
21503,2
21504,2
21505,2
21506,2
21523,1
21524,1
21525,1
21526,1
21527,1
21528,1
21979,1
21980,1
21981,1
21982,1
21983,1
21984,1
21985,1
21986,1
21987,1
21988,1
21989,1
21990,1
21991,1
21992,1
21993,1
21994,1
21995,1
21996,1
21997,1
21998,1
21999,1
22000,1
22001,1
22002,1
22003,1
22004,1
22005,1
22006,1
22007,1
22008,1
22009,1
22010,1
22011,1
22012,1
22013,1
22014,1
22015,1
22016,1
22017,1
22018,1
22019,1
22020,1
22021,1
22022,1
22023,1
22025,1
22026,1
22027,1
22028,1
22029,1
22030,1
22031,1
22032,1
22033,1
22034,1
22035,1
22036,1
22037,1
22038,1
22039,1
22040,2
22041,2
22042,2
22043,2
22045,1
22046,1
22047,1
22048,1
22049,1
22050,1
22051,1
22052,1
22053,1
22054,1
22055,1
22056,1
22057,1
22058,1
22059,1
22060,1
22061,1
22087,1
22088,1
22089,1
22090,1
22091,1
22092,1
22093,1
22094,1
22095,1
22096,1
22097,1
22098,1
22099,1
22100,1
22101,1
22102,1
22103,1
22112,1
22113,1
22115,1
22116,1
22117,1
22118,1
22119,1
22120,1
22121,1
22122,1
22123,1
22124,1
22125,1
22126,1
22127,1
22128,1
22129,1
22130,1
22131,1
22132,1
22133,1
22134,1
22135,1
22136,1
22142,1
22143,1
22144,1
22145,1
22146,1
22147,1
22148,1
22149,1
22150,1
22151,1
22152,1
22153,1
22154,1
22155,1
22156,1
22157,1
22158,1
22159,1
22160,1
22161,1
22162,1
22163,1
22164,1
22165,1
22166,1
22167,1
22168,1
22169,1
22170,1
22171,1
22172,1
22173,1
22174,1
22175,1
22176,1
22177,1
22178,1
22179,1
22180,1
22181,1
22567,1
22568,1
22569,1
22570,1
22571,1
22572,1
22573,1
22574,1
22575,1
22576,1
22577,1
22578,1
22579,1
22580,1
22581,1
22582,1
22583,1
22584,1
22586,1
22587,1
22588,1
22589,1
22590,1
22591,1
22592,1
22593,1
22594,1
22595,1
22596,1
22597,1
22598,1
22599,1
22723,1
22724,1
22725,1
22726,1
22727,1
22728,1
22729,1
22730,1
22731,1
22732,1
22733,1
22734,1
22735,1
22736,1
22737,1
22738,1
22739,1
22740,1
22741,1
22742,1
22743,1
22744,1
22745,2
22746,2
22747,2
22748,2
22749,2
22750,2
22751,2
22753,1
22754,1
22755,1
22766,1
22767,1
22768,1
22769,1
22770,1
22771,1
22772,1
22773,1
22774,1
22775,1
22776,1
22777,1
22778,1
22779,1
22780,1
22782,1
22783,1
22789,1
22790,1
22791,1
22792,1
22798,1
22799,1
22800,1
22801,1
22802,1
22804,1
22805,1
22806,1
22812,1
22813,1
22814,1
22815,1
22816,1
22817,1
22818,1
22819,1
22820,1
22822,1
22823,1
22824,1
22825,1
22826,1
22827,1
22828,1
22829,1
22835,1
22836,1
22837,1
22838,1
22839,1
22840,1
22841,1
22842,1
22843,1
30766,1
30767,1
30768,1
30769,1
30770,1
30771,1
30772,1
30773,1
30774,1
30775,1
30776,1
30777,1
30778,1
30779,1
30780,1
30781,1
30782,1
30783,1
30784,1
30812,1
30813,1
30814,1
30815,1
30816,1
30817,1
30818,1
30819,1
30820,1
30821,1
30822,1
30823,1
30824,1
30825,1
30826,1
30827,1
30828,1
30829,1
30830,1
30831,1
30832,1
30833,1
30834,1
30835,1
30836,1
30837,1
30838,1
30839,1
30840,1
30841,1
30842,1
30843,1
30844,1
30845,1
30846,1
30847,1
30848,1
30849,1
30850,1
30851,1
30852,1
30853,1
30854,1
30856,1
30857,1
30858,1
30859,1
30860,1
30861,1
30862,1
30863,1
30864,1
30865,1
30866,1
30867,1
31108,2
31109,2
31110,2
31111,2
31112,2
31113,2
31155,2
31156,2
31157,2
31158,2
31159,2
31164,2
31165,2
31166,2
31167,2
31168,2
31185,2
31186,2
31187,2
31188,2
31189,2
31190,2
31314,1
31315,1
31316,1
31317,1
31318,1
31323,1
31326,1
31327,1
31396,1
31397,1
31398,1
31399,1
31400,1
31403,1
31404,1
31405,1
31450,2
31451,2
31452,2
31453,2
31454,2
31455,2
31570,1
31571,1
31572,1
31573,1
31574,1
31575,1
31576,1
31577,1
31578,1
31579,1
31645,1
31646,1
31647,1
31648,1
31649,1
31650,1
31651,1
31652,1
31653,1
31654,1
38253,1
38254,1
38255,1
38256,1
38257,1
38258,1
38259,1
38260,1
38261,1
38267,1
38268,1
38269,1
38270,1
38271,1
38272,1
38273,1
38274,1
38280,1
38283,1
38284,1
38290,1
38291,1
38292,1
38293,1
38294,1
38299,1
38300,1
38301,1
38302,1
38303,1
38305,1
38306,1
38307,1
38308,1
38309,1
38310,1
38311,1
38312,1
38313,1
38314,1
38315,1
38316,1
38317,1
38345,1
38346,1
38414,1
38415,1
38416,1
38417,1
40464,1
40465,1
40466,1
40467,1
40468,1
40469,1
40470,1
40513,1
40514,1
40515,1
40516,1
40517,1
40518,1
40519,1
40520,1
