1493,1
1494,1
1495,1
1496,1
1497,1
1498,1
1499,1
1511,1
1512,1
1513,1
1520,4
1521,4
1522,4
1523,4
1524,4
1525,4
1531,1
1532,1
1533,1
1534,1
1535,1
1536,1
1542,1
1543,1
1544,1
1545,1
1546,1
1547,1
1548,1
1549,1
1550,1
1551,1
1552,1
1553,1
1554,1
1555,1
1603,1
1604,1
1605,1
1606,1
1607,1
1608,1
1609,1
1610,1
1611,1
1612,1
1613,1
1614,1
1615,1
1617,2
1618,2
1619,2
1620,2
1621,2
1622,2
1623,2
1624,2
1625,2
1626,2
1627,3
1628,3
1629,3
1630,3
1631,3
1633,1
1634,1
1635,1
1636,1
1637,1
1638,1
1639,1
1640,1
1653,1
1654,1
1655,1
1656,1
1657,1
1659,1
1660,1
1661,1
1662,1
1663,1
1664,1
1665,1
1666,1
1667,1
1668,1
1669,1
1670,1
1671,1
1672,1
1673,1
1674,1
1675,1
1676,1
1677,1
1678,1
1685,1
1686,1
1687,1
1688,1
1689,1
1690,1
1691,1
1692,1
1693,1
1694,1
1695,1
1696,1
1697,1
1698,1
1699,1
1700,1
1701,1
1702,1
1703,1
1704,1
1705,1
1706,1
1707,1
1709,1
1710,1
1711,1
1712,1
1713,1
1714,1
1715,1
1716,1
1717,1
1718,1
1719,1
1720,1
1721,1
1729,1
1730,1
1731,1
1732,1
1733,1
1734,1
1735,1
1758,1
1759,1
1760,1
1761,1
1762,1
1763,1
1764,1
1766,1
1767,1
1768,1
1791,1
1792,1
1793,1
1794,1
1795,1
1796,1
1797,1
1798,1
1799,1
1800,1
1817,1
1818,1
1819,1
1852,2
1853,2
1854,2
1855,2
1856,2
1858,1
1859,1
1860,1
1861,1
1862,1
1863,1
1864,1
1865,1
1866,1
1867,1
1868,1
1869,1
1870,1
1871,1
1872,1
1970,1
1971,1
1972,1
1973,1
1974,1
1975,1
1976,1
1977,1
1978,1
1979,1
1980,1
1981,1
1982,1
1983,1
1984,1
2008,1
2009,1
2010,1
2011,1
2012,1
2013,1
2014,1
2015,1
2016,1
2017,1
2018,1
2019,1
2020,1
2021,1
2022,1
2023,1
2024,1
2025,1
2026,1
2027,1
2028,1
2029,1
2039,1
2040,1
2041,1
2042,1
2043,1
2044,1
2045,1
2046,1
2047,1
2048,1
2049,1
2055,1
2056,1
2057,1
2058,1
2059,1
2061,1
2062,1
2063,1
2228,1
2229,1
2230,1
2231,1
2232,1
2233,1
2234,1
2235,1
2236,1
2237,1
2238,1
2239,1
2240,1
2241,1
2242,1
2243,1
2244,1
2245,1
2246,1
2247,1
2248,1
2249,1
2255,1
2256,1
2257,1
2258,1
2259,1
2260,1
2261,1
2273,1
2274,1
2275,1
2276,1
2277,1
2278,1
2279,1
2280,1
2312,1
2313,1
2314,1
11313,2
11314,2
11315,2
11316,2
11317,2
11318,2
11319,2
11320,2
11321,2
11322,2
11323,2
11324,2
11325,2
11326,2
11327,2
11328,2
11329,2
11331,2
11332,2
11333,2
11334,2
11335,2
11336,2
11337,2
11338,2
11339,2
11354,1
11355,1
11356,1
11357,1
11358,1
11359,1
11360,1
11361,1
11362,1
11363,1
11364,1
11365,1
11366,1
11372,1
11373,1
11374,1
11375,1
11376,1
11377,1
11378,1
11379,1
11380,1
11381,1
11382,1
11383,1
11384,1
11404,1
11405,1
11406,1
11407,1
11408,1
11409,1
11410,1
11411,1
11412,1
11441,2
11442,2
11443,2
11444,2
11445,2
11446,2
11447,2
11448,2
11449,2
11450,2
11451,2
11452,2
11453,2
11454,2
11455,2
11456,2
11457,2
11467,2
11468,2
11497,1
11498,1
11499,1
11500,1
11501,1
11502,1
11503,1
11504,1
11505,1
11506,1
11507,1
11508,1
11509,1
11573,1
11574,1
11575,1
11576,1
11577,1
11578,1
11579,1
11580,1
11581,1
11582,1
11583,1
11584,1
11585,1
11586,1
11587,1
11588,1
11589,1
11590,1
11591,1
11592,1
11593,1
11594,1
11595,1
11596,1
11597,1
11621,1
11622,1
11623,1
11624,1
11625,1
11626,1
11627,1
11628,1
11629,1
11630,1
11631,1
11632,1
11633,1
11650,1
11651,1
11652,1
11653,1
11654,1
11655,1
11656,1
11657,1
11658,1
11659,1
11660,1
11661,1
11662,1
11663,1
11664,1
11665,1
11666,1
11667,1
11668,1
11669,1
11670,1
11671,1
12286,2
12287,2
12288,2
12289,2
12290,2
12291,2
12292,2
12293,2
12294,2
12295,2
12296,2
12302,2
12303,2
12304,2
12305,2
12306,2
12307,2
12308,2
12309,2
12310,2
12311,2
12312,2
12313,2
12332,2
12333,2
12334,2
12335,2
12336,2
12337,2
12338,2
12339,2
12340,2
12341,2
12342,2
12343,2
12344,2
12345,2
12346,2
12347,2
12349,2
12350,2
12351,2
12352,2
12353,2
12354,2
12355,2
12356,2
12357,2
12358,2
12359,2
12360,2
12361,2
12362,2
12364,1
12365,1
12366,1
12367,1
12368,1
12369,1
12370,1
12372,1
12373,1
12374,1
12375,1
12376,3
12377,3
12378,3
12379,3
12380,3
12382,1
12383,1
12384,1
25734,1
25735,1
25736,1
25737,1
25738,1
25739,1
25740,1
25741,1
25742,1
25743,1
25744,1
25745,1
25746,1
25747,1
25748,1
25749,1
25750,1
25751,1
25752,1
25753,1
25754,1
25755,1
25756,1
25757,1
25759,1
25760,1
25761,1
25762,1
25763,1
25764,1
25765,1
25766,1
25767,1
25768,1
25769,1
25770,1
25771,1
25773,1
25774,1
25775,1
25776,1
25777,1
25790,1
25791,1
25792,1
25793,1
25794,1
25795,1
25796,1
25914,1
25915,1
25916,1
25917,1
25918,1
25919,1
25920,1
25922,1
25923,1
25924,1
25925,1
25926,1
25934,1
25935,1
25936,1
25937,1
25938,1
25939,1
25940,1
25941,1
25942,1
25943,1
26033,1
26034,1
26035,1
26036,1
26037,1
26038,1
26039,2
26040,2
26041,2
26042,2
26043,2
26045,1
26046,1
26047,1
26048,1
26049,1
26050,1
26051,1
26052,1
26053,1
26059,1
26060,1
26061,1
26062,1
26063,1
26064,1
26085,1
26086,1
26087,1
26093,1
26094,1
26095,1
26096,1
26097,1
26098,1
26099,1
26100,1
26101,1
26102,1
26103,1
26104,1
26105,1
26106,1
26155,1
26156,1
26157,1
26158,1
26159,1
26160,1
26173,1
26174,1
26175,1
26176,1
26177,1
26178,1
26179,1
26180,1
26182,1
26183,1
26184,1
26185,1
26186,1
26187,1
26188,1
26189,1
26190,1
26191,1
26192,1
26193,1
26194,1
26195,1
26196,1
26197,1
26198,1
26199,1
26200,1
26201,1
26202,1
31498,2
31499,2
31500,2
31501,2
31502,2
31503,2
31504,2
31505,2
31506,2
31507,2
31513,1
31514,1
31515,1
31516,1
31517,1
31518,1
31519,1
31520,1
31521,1
31522,1
31523,1
31524,1
31525,1
31526,1
31527,1
31528,1
31529,1
31530,1
31531,1
31532,1
31533,1
31534,1
31535,1
31567,1
31568,1
31569,1
31570,1
31571,1
31573,1
31574,1
31575,1
31666,1
31667,1
31668,1
31669,1
31670,1
31675,1
31676,1
31677,1
31678,1
31679,1
31685,1
31686,1
31687,1
31688,1
31689,1
31690,1
31696,2
31697,2
31698,2
31699,2
31700,2
31701,2
31825,1
31826,1
31827,1
31828,1
31829,1
31831,1
31832,1
31834,1
31954,1
31955,1
31956,1
31957,1
31958,1
31959,1
32441,1
32442,1
32443,1
32444,1
32445,1
32446,1
32447,1
32448,1
32449,1
32450,1
32451,1
32452,1
32453,1
32454,1
32455,1
32456,1
32457,1
32458,1
32459,1
32460,1
32461,1
32462,1
32463,1
32464,1
32465,1
32466,1
32467,1
32468,1
32469,1
32470,1
32471,1
32472,1
32473,1
32474,1
32475,1
32476,1
32477,1
32478,1
32479,1
32480,1
32481,1
32482,1
32483,1
32484,1
32485,1
32486,1
32487,1
32488,1
32489,1
32490,1
32491,1
32492,1
32493,1
32494,1
32495,1
32496,1
32497,1
32498,1
32499,1
32500,1
32501,1
32502,1
38747,6
38748,6
38749,6
38750,6
38751,6
38756,6
38757,6
38758,6
38759,6
38760,6
38761,6
38762,6
38771,6
38772,6
38773,6
38774,6
38775,6
38776,6
38777,6
38779,4
38780,4
38781,4
38782,4
38783,4
38784,4
38785,4
38786,2
38787,2
38788,2
38789,2
