6931,1
6932,1
6933,1
6934,1
6935,1
6936,1
6937,1
6938,1
6939,1
6940,1
6941,1
6942,1
6943,1
6944,1
6945,1
6946,1
6947,1
6948,1
6949,1
6950,1
6951,1
6952,1
6953,1
6954,1
6955,1
6956,1
6957,1
6958,1
6959,1
6960,1
6961,1
6962,1
6963,1
6964,1
6965,1
6966,1
6967,1
6968,1
6969,1
6970,1
6971,1
6972,1
6973,1
6974,1
6975,1
6976,1
6977,1
6978,1
6979,1
6980,1
6981,1
6982,1
6983,1
6984,1
6985,1
6986,1
6987,1
6988,1
6989,1
6990,1
6991,1
6992,1
6993,1
6994,1
6995,1
6996,1
6997,1
6998,1
6999,1
7000,1
7001,1
7002,1
7003,1
7004,1
7005,1
7006,1
7007,1
7008,1
7009,1
7010,1
7011,1
7012,1
7013,1
7014,1
7015,1
7016,1
7017,1
7018,1
7019,1
7020,1
7021,1
7022,1
7023,1
7024,1
7025,1
7026,1
7027,1
7028,1
7029,1
7030,1
7031,1
7032,1
7033,1
7034,1
7035,1
7036,1
7037,1
7038,1
7039,1
7040,1
7041,1
7042,1
7043,1
7044,1
7045,1
7046,1
7047,1
10969,1
10970,1
10971,1
10972,1
10973,1
10974,1
10975,1
10976,1
10977,1
10978,1
10979,1
10980,1
10981,1
10982,1
10983,1
10984,1
10985,1
10986,1
10987,1
10988,1
10989,1
10990,1
10991,1
10992,1
10993,1
10994,1
10995,1
10996,1
10997,1
10998,1
10999,1
11000,1
11001,1
11002,1
11003,1
11004,1
11005,1
11006,1
11007,1
11013,2
11014,2
11015,2
11016,2
11017,2
11018,2
11019,2
11020,2
11021,2
11022,2
11023,2
11024,2
11025,2
11027,2
11028,2
11029,2
11030,2
11031,2
11032,2
11033,2
11034,2
11035,2
11036,2
11037,2
11038,2
11039,2
11040,2
11041,2
11042,2
11043,2
11045,1
11046,1
11047,1
11048,1
11049,1
11050,1
11051,1
11052,1
11067,1
11068,1
11069,1
11070,1
11071,1
11072,1
11073,1
11074,1
11075,2
11076,2
11077,2
11078,2
11079,2
11080,2
11081,2
11082,2
11083,2
11084,2
11085,2
11086,2
11087,2
11137,1
11138,1
11139,1
11140,1
11141,1
11142,1
11143,1
11144,1
11145,1
11146,1
11147,1
11148,1
11149,1
11150,1
11151,1
11152,1
11153,1
11154,1
11155,1
11156,1
11157,1
11158,1
11159,1
11160,1
11161,1
11352,2
11353,2
11354,2
11355,2
11356,2
11357,2
11358,2
11359,2
11360,2
11361,2
11362,2
11363,2
11364,2
11365,2
11366,2
11367,2
11368,2
11370,2
11371,2
11372,2
11373,2
11374,2
11375,2
11376,2
11377,2
11378,2
11393,2
11394,2
11395,2
11396,2
11397,2
11398,2
11399,2
11400,2
11401,2
11402,2
11403,2
11404,2
11405,2
11411,1
11412,1
11413,1
11414,1
11415,1
11416,1
11417,1
11418,1
11419,1
11420,1
11421,1
11422,1
11423,1
11443,1
11444,1
11445,1
11446,1
11447,1
11448,1
11449,1
11450,1
11451,1
11515,2
11516,2
11517,2
11518,2
11519,2
11520,2
11521,2
11522,2
11523,2
11524,2
11525,2
11526,2
11527,2
11528,2
11529,2
11530,2
11531,2
11532,2
11614,1
11615,1
11616,1
11617,1
11618,1
11619,1
11620,1
11621,1
11622,1
11623,1
11624,1
11625,1
11626,1
11627,1
11628,1
11629,1
11630,1
11631,1
11632,1
11633,1
11634,1
11635,1
11636,1
11637,1
11638,1
11662,2
11663,2
11664,2
11665,2
11666,2
11667,2
11668,2
11669,2
11670,2
11671,2
11672,2
11673,2
11674,2
11680,1
11681,1
11682,1
11683,1
11684,1
11685,1
12043,1
12044,1
12045,1
12046,1
12047,1
12052,1
12053,1
12054,1
12055,1
12056,1
12057,1
12058,1
12059,1
12060,1
12061,1
12064,1
12065,1
12066,1
12067,1
12068,1
12069,1
12070,1
12101,1
12102,1
12103,1
12104,1
12105,1
12106,1
12107,1
12108,1
12109,1
12110,1
12111,1
12112,1
12155,1
12156,1
12157,1
12158,1
12159,1
12160,1
12161,1
12162,1
12163,1
12164,1
12165,1
12166,1
12167,1
12168,1
12169,1
12170,1
12171,3
12172,3
12173,3
12174,3
12176,2
12177,2
12178,2
12179,2
12180,2
12181,2
12182,2
12183,2
12184,2
12185,2
12186,2
12188,1
12189,1
12190,1
12191,1
12192,1
12193,1
12194,1
12195,1
12196,1
12197,2
12198,2
12200,1
12201,1
12202,1
12203,1
12204,1
12207,1
12208,1
12209,1
12210,1
12211,1
12212,1
12213,1
12214,1
12327,2
12328,2
12329,2
12330,2
12331,2
12332,2
12333,2
12334,2
12335,2
12336,2
12337,2
12343,2
12344,2
12345,2
12346,2
12347,2
12348,2
12349,2
12350,2
12351,2
12352,2
12353,2
12354,2
12373,3
12374,3
12375,3
12376,3
12377,3
12378,3
12379,3
12380,3
12381,3
12382,3
12383,3
12384,3
12385,3
12386,3
12387,3
12388,3
12389,5
12390,5
12391,5
12392,5
12394,5
12395,5
12396,5
12397,5
12398,5
12399,5
12400,5
12401,5
12402,5
12403,5
12404,5
12405,5
12406,5
12408,2
12409,2
12410,2
12411,2
12412,2
12413,2
12414,2
12416,3
12417,3
12418,3
12419,3
12420,2
12421,2
17563,3
17564,3
17565,3
17566,3
17567,3
17584,3
17585,3
17586,3
17592,1
17593,1
17594,1
17595,1
17596,1
17597,1
17598,1
17610,1
17611,1
17612,1
18096,2
18097,2
18098,2
18099,2
18100,2
18101,2
18102,2
18103,2
18104,2
18105,2
18106,2
18107,2
18108,2
18109,2
18110,2
18111,2
18112,2
18113,2
18114,2
18115,2
18116,2
18117,2
18118,2
18119,2
18120,2
18121,2
18122,2
18123,2
18124,2
18125,2
18126,2
18128,1
18129,1
18130,1
18131,1
18132,1
18134,1
18135,1
18136,1
18137,1
18138,2
18139,2
18140,2
18146,1
18147,1
18148,1
18149,1
18150,1
18152,1
18153,1
18154,1
18311,2
18312,2
18313,2
18314,2
18315,2
18316,2
18317,2
18318,2
18319,2
18320,2
18321,2
18322,2
18323,2
18324,2
18325,2
18326,2
18327,2
18328,2
18329,2
18330,2
18331,2
18333,2
18334,2
18335,2
18336,2
18337,2
18338,2
18339,2
18340,2
18342,2
18343,2
18344,2
18345,2
18346,2
18347,2
18348,2
18349,2
18350,2
18351,2
18352,2
18624,2
18625,2
18626,2
18632,3
18633,3
18634,3
18635,3
18636,3
18637,3
18638,3
18639,3
18640,3
18641,3
18642,3
18653,3
18654,3
18655,3
18656,3
18657,3
18658,3
18659,3
18666,3
18667,3
18668,3
18669,3
18671,1
18672,1
18673,1
18674,1
18676,1
18677,1
18678,1
18679,1
18681,1
18682,1
18683,1
18684,1
18685,1
18686,1
18687,1
18688,1
18689,1
18690,1
18691,1
18693,2
18694,2
18695,2
18696,2
18697,2
18698,2
18699,2
18708,2
18709,2
18710,2
18711,2
18712,2
18713,2
18714,2
18716,2
18717,2
18718,2
18719,2
18720,2
18722,2
18723,2
18724,2
18725,2
18726,2
18727,2
18735,3
18736,3
18737,3
18738,3
18740,2
18741,2
18742,2
18743,2
18745,1
18746,1
18747,1
18748,1
18749,3
18750,3
18751,3
18823,1
18824,1
18825,1
18826,1
18827,1
18828,1
18829,1
18830,1
18837,1
18840,1
18841,1
18888,1
18889,1
18890,1
18891,1
18892,1
18894,1
18895,1
18896,1
18897,1
18898,1
18904,1
18905,1
18906,1
18990,1
18991,1
18992,1
18993,1
18994,1
18995,1
18996,1
18997,1
18999,1
19000,1
19001,1
19002,1
19006,1
19007,1
19008,1
19014,1
19015,1
19016,1
19017,1
19018,1
19020,1
19021,1
19022,1
19023,1
19024,1
19030,1
19031,1
19032,1
19099,1
19100,1
19101,1
19102,1
19103,1
19104,1
19105,1
19106,1
19107,1
19108,1
19109,1
19110,1
19111,1
19138,1
19139,1
19140,1
19141,1
19142,1
19143,1
19144,1
19145,1
19146,1
19147,1
19148,1
19149,1
19150,1
19151,1
19152,1
19153,1
19159,1
19160,1
19161,1
19162,1
19163,1
19164,1
19165,1
19166,1
19167,1
19168,1
19169,1
19170,1
19171,1
19172,1
19173,1
19174,1
19175,1
19176,1
19177,1
19178,1
19179,1
19180,1
19181,1
19182,1
19183,1
19184,1
19185,1
19186,1
19187,1
19188,1
19189,1
19190,1
19191,1
19192,1
19193,1
19194,1
19195,1
19196,1
19197,1
19198,1
19199,1
19200,1
19201,1
19202,1
19203,1
19204,1
19205,1
19220,1
19221,1
19222,1
19223,1
19224,1
19225,1
19226,1
19227,1
19228,1
19229,1
19230,1
19232,1
19233,1
19234,1
19235,1
19236,1
19237,1
19238,1
19239,1
19240,1
19241,4
19242,4
19243,4
19245,3
19246,3
19247,3
19248,3
19249,3
19250,3
19251,3
19252,3
19253,3
19254,3
19255,3
19256,3
19257,3
19258,3
19259,3
19261,1
19262,1
19263,1
19264,1
19265,1
19266,1
19267,1
19268,1
19269,1
19270,1
19271,1
19272,1
19273,1
19274,1
19275,1
19276,1
19277,1
19278,1
19279,1
19313,1
19314,1
19315,1
19316,1
19317,1
19318,1
19325,1
19326,1
19327,1
19328,1
19329,1
19330,1
19331,1
19341,2
19342,2
19343,2
19344,2
19345,2
19346,2
19347,2
19349,1
19350,1
19351,1
19352,1
19353,1
19354,1
19355,1
19356,1
19357,1
19358,1
19359,2
19360,2
19361,2
19362,2
19363,2
19364,2
19365,2
19366,2
19398,2
19399,2
19400,2
30790,1
30791,1
30792,1
30793,1
30794,1
30795,1
30796,1
30797,1
30798,1
30799,1
30800,1
30801,1
30802,1
30803,1
30804,1
30805,1
30806,1
30812,2
30813,2
30814,2
30815,2
30816,2
30817,2
30818,2
30819,2
30820,2
30821,2
30822,2
30823,2
30824,2
30825,2
30826,2
30827,2
30828,2
30829,2
30830,2
30831,2
30832,2
30833,2
30834,2
30835,2
30836,2
30837,2
30838,2
30839,2
30840,2
30841,2
30842,2
30843,2
30844,2
30845,2
30846,2
30847,2
30848,2
30849,2
30850,2
30851,2
30852,2
30853,2
30854,2
30860,2
30861,2
30862,2
30863,2
30864,2
30865,2
30866,2
30867,2
30873,4
30874,4
30875,4
30876,4
30877,4
30885,4
30886,4
30887,4
30889,4
30890,4
30891,4
30892,4
30893,4
30894,4
30896,3
30898,1
30899,4
30900,4
30906,1
30907,1
30908,1
30909,1
30910,1
30911,1
30922,1
30923,1
30924,1
30925,1
30926,1
30927,1
30928,1
30929,1
30930,1
30931,1
30932,1
30954,1
30955,1
30956,1
30957,1
30958,1
30959,1
30970,1
30971,1
30972,1
30973,1
30974,1
30975,1
30976,1
30977,1
30978,1
30999,2
31000,2
31001,2
31002,2
31003,2
31004,2
31005,2
31006,2
31007,2
31008,2
31009,2
31010,2
31011,2
31012,2
31013,2
31014,2
31015,2
31016,2
31017,2
31018,2
31019,2
31020,2
31021,2
31055,5
31056,5
31057,5
31058,5
31059,5
31061,3
31062,3
31063,3
31064,2
31065,2
31066,2
31067,2
31068,2
31073,2
31074,2
31075,2
31076,2
31077,2
31078,2
31079,2
31080,2
31081,2
31082,2
31083,2
31084,2
31085,2
31086,2
31087,2
31100,2
31101,2
31102,2
31155,5
31156,5
31157,5
31158,5
31159,5
31164,5
31165,5
31166,5
31167,5
31168,5
31174,4
31175,4
31176,4
31177,4
31178,4
31179,4
31185,5
31186,5
31187,5
31188,5
31189,5
31190,5
31303,1
31304,1
31305,1
31306,1
31307,1
31308,1
31314,6
31315,6
31316,6
31317,6
31318,6
31320,1
31321,1
31323,5
31325,1
31326,6
31327,6
31396,2
31397,2
31398,2
31399,2
31400,2
31404,2
31405,2
31435,1
31436,1
31437,1
31438,1
31439,1
31442,1
31443,1
31444,1
31450,4
31451,4
31452,4
31453,4
31454,4
31455,4
31461,1
31462,1
31463,1
31464,1
31465,1
31466,1
31525,1
31526,1
31527,1
31528,1
31529,1
31530,1
31531,1
31532,1
31533,1
31570,1
31571,1
31572,1
31573,1
31574,1
31575,1
31576,1
31577,1
31578,1
31579,1
31585,1
31586,1
31587,1
31588,1
31589,1
31590,1
31591,1
31592,1
31593,1
31594,1
31615,1
31616,1
31617,1
31618,1
31619,1
31620,1
31621,1
31622,1
31623,1
31624,1
31630,1
31631,1
31632,1
31633,1
31634,1
31635,1
31636,1
31637,1
31638,1
31639,1
31645,1
31646,1
31647,1
31648,1
31649,1
31650,1
31651,1
31652,1
31653,1
31654,1
31660,1
31661,1
31662,1
31663,1
31664,1
31665,1
31666,1
31667,1
31668,1
31669,1
31691,1
31692,1
31693,1
31694,1
31695,1
31696,1
31697,1
31698,1
31699,1
31700,1
38130,1
38131,1
38132,1
38133,1
38134,1
38135,1
38136,1
38137,1
38138,1
38139,1
38140,1
38142,1
38143,1
38144,1
38145,1
38146,1
38173,1
38174,1
38175,1
38176,1
38182,9
38183,9
38184,9
38185,9
38186,9
38191,9
38192,9
38193,9
38194,9
38195,9
38196,9
38197,9
38206,9
38207,9
38208,9
38209,9
38210,9
38211,9
38212,9
38214,2
38215,2
38216,2
38217,2
38218,2
38219,2
38220,2
38221,7
38222,7
38223,7
38224,7
38253,2
38254,2
38255,2
38256,2
38257,2
38258,2
38259,2
38260,2
38261,2
38267,2
38268,2
38269,2
38270,2
38271,2
38272,2
38273,2
38274,2
38280,2
38283,2
38284,2
38290,2
38291,2
38292,2
38293,2
38294,2
38299,2
38300,2
38301,2
38302,2
38303,2
38305,2
38306,2
38307,2
38308,2
38309,2
38310,2
38311,2
38312,2
38313,2
38314,2
38315,2
38316,2
38317,2
38345,2
38346,2
38414,2
38415,2
38416,2
38417,2
38451,1
38452,1
38453,1
38454,1
38455,1
38456,1
38457,1
38458,1
38459,1
38460,1
38461,1
38462,1
38468,1
38469,1
38470,1
38471,1
38472,1
38473,1
38474,1
38475,1
38476,1
38477,1
38478,1
38479,1
38480,1
38481,1
38482,1
38483,1
38484,1
38485,1
38486,1
38487,1
38488,1
38489,1
38490,1
38491,1
38492,1
38493,1
38494,1
38495,1
38496,1
38497,1
38498,1
38499,1
38500,1
38501,1
38502,1
38503,1
38504,1
38505,1
38506,1
38507,1
38508,1
38509,1
38510,1
38511,1
38512,1
38513,1
38514,1
38515,1
38516,1
38517,1
38518,1
38519,1
38520,1
38521,1
38522,1
38523,1
38524,1
38525,1
38526,1
38527,1
38528,1
38529,1
38530,1
38531,1
38532,1
38533,1
38534,1
38535,1
38536,1
38537,1
38538,1
38550,1
38551,1
38552,1
38553,1
38559,1
38560,1
38561,1
38562,1
38563,1
38564,1
38565,1
38566,1
38665,1
38666,1
38667,1
38668,1
38669,1
38670,1
38671,1
38672,1
38692,1
38693,1
38694,1
38695,1
38696,1
38697,1
38698,1
38699,1
38700,1
38701,1
38702,1
38703,1
38704,1
38705,1
38706,1
38707,1
38708,1
38709,1
38710,1
38711,1
38712,1
38713,1
38714,1
38715,1
38716,1
38717,1
38718,1
38719,1
38720,1
38755,1
38756,1
38757,1
38758,1
38759,1
38760,1
38761,1
38762,1
38763,1
38764,1
