1524,5
1525,5
1526,5
1527,5
1528,5
1529,5
1546,1
1547,1
1548,1
1549,1
1550,1
1551,1
1552,1
1553,1
1554,1
1555,1
1556,1
1557,1
1561,1
1562,1
1563,1
1607,1
1608,1
1609,1
1610,1
1611,1
1612,1
1613,1
1614,1
1615,1
1616,1
1617,1
1618,1
1619,1
1620,4
1621,4
1622,4
1623,4
1625,3
1626,3
1627,3
1628,3
1629,3
1630,3
1631,3
1632,3
1633,3
1634,3
1635,3
1637,1
1638,1
1639,1
1640,1
1641,1
1642,1
1643,1
1644,1
1645,1
1646,1
1647,1
1648,1
1663,1
1664,1
1665,1
1666,1
1667,1
1668,1
1669,1
1670,1
1671,1
1672,1
1673,1
1674,1
1675,1
1676,1
1677,1
1678,1
1679,1
1680,1
1681,1
1682,1
1689,1
1690,1
1691,1
1692,1
1693,1
1694,1
1695,1
1696,1
1697,1
1698,1
1699,1
1700,1
1701,1
1702,1
1703,1
1704,1
1705,1
1706,1
1707,1
1708,1
1709,1
1710,2
1711,2
1712,2
1713,2
1714,2
1716,2
1717,2
1718,2
1719,2
1720,2
1721,2
1722,2
1723,2
1724,2
1725,2
1726,2
1727,2
1728,2
1734,2
1735,2
1736,2
1737,2
1738,2
1739,2
1740,2
1759,2
1760,2
1761,2
1762,2
1763,2
1764,2
1765,2
1767,2
1768,2
1769,2
1790,2
1791,2
1792,2
1793,2
1794,2
1795,2
1796,2
1797,1
1814,1
1815,1
1816,1
1849,1
1850,1
1868,1
1869,1
1870,1
1965,2
1966,2
1967,2
1968,2
1969,2
1970,2
1971,2
1972,2
1973,2
1974,2
1975,2
1976,2
1977,2
1978,2
1979,2
1981,1
1982,1
1983,1
1984,1
1985,1
1986,1
1987,1
1988,1
1989,1
1990,1
1991,1
1992,1
1993,1
1994,1
1995,1
1996,1
1997,1
1998,1
1999,1
2000,1
2001,1
2002,1
2003,1
2004,1
2005,1
2006,1
2007,1
2008,1
2009,1
2010,1
2011,1
2012,1
2013,1
2014,1
2015,1
2016,1
2017,1
2018,1
2019,1
2020,1
2021,1
2022,1
2023,1
2024,1
2025,1
2026,1
2036,1
2037,1
2038,1
2039,1
2040,1
2041,1
2042,1
2043,1
2044,1
2045,1
2046,1
2048,1
2049,1
2050,1
2227,1
2228,1
2229,1
2230,1
2231,1
2232,1
2233,1
2234,1
2235,1
2236,1
2237,1
2238,1
2239,1
2240,1
2241,1
2242,1
2243,1
2244,1
2245,1
2246,1
2247,1
2248,1
2254,1
2255,1
2256,1
2257,1
2258,1
2259,1
2260,1
2272,1
2273,1
2274,1
2275,1
2276,1
2277,1
2278,1
2279,1
2311,1
2312,1
2313,1
3857,1
3858,1
3859,1
3860,1
3861,1
3862,1
3863,1
3864,1
3865,1
3866,1
3867,1
3868,1
10540,1
10541,1
10542,1
10543,1
10544,1
10545,1
10546,1
10547,1
10548,1
10549,1
10550,1
10551,1
10552,1
10553,1
10554,1
10555,1
10556,1
10557,1
10558,1
10559,1
10560,1
10561,1
10562,1
10563,1
10564,1
10565,1
10566,1
10567,1
10578,1
10579,1
10580,1
10581,1
10582,1
10583,1
10584,1
10585,1
10586,1
10587,1
10588,1
10589,1
10590,1
10591,1
10592,1
10593,1
10594,1
10870,1
10871,1
10872,1
10873,1
10874,1
10875,1
10876,1
10877,1
10878,1
10879,1
10880,1
10881,1
10882,1
10883,1
10884,1
10885,1
10886,1
10887,1
10893,1
10894,1
10895,1
10896,1
10897,1
10898,1
11275,1
11276,1
11277,1
11278,1
11279,1
11280,1
11281,1
11282,1
11283,1
11284,1
11285,1
11286,1
11287,1
11288,1
11289,1
11290,1
11291,1
11292,1
11293,1
11294,1
11295,1
11296,1
11297,1
11298,1
11307,1
11308,1
11309,1
11310,1
11311,1
11312,1
11313,1
11314,1
11315,1
11316,4
11317,4
11318,4
11319,4
11321,3
11322,3
11323,3
11324,3
11325,3
11326,3
11327,3
11328,3
11329,3
11330,3
11331,3
11340,3
11341,3
11343,1
11344,1
11345,1
11346,1
11352,2
11353,2
11354,2
11355,2
11356,2
11357,2
11358,2
11359,2
11360,2
11361,2
11362,2
11363,2
11364,2
11365,2
11366,2
11367,2
11368,2
11370,2
11371,2
11372,2
11373,2
11374,2
11375,2
11376,2
11377,2
11378,2
11393,1
11394,1
11395,1
11396,1
11397,1
11398,1
11399,1
11400,1
11401,1
11402,1
11403,1
11404,1
11405,1
11411,1
11412,1
11413,1
11414,1
11415,1
11416,1
11417,1
11418,1
11419,1
11420,1
11421,1
11422,1
11423,1
11443,1
11444,1
11445,1
11446,1
11447,1
11448,1
11449,1
11450,1
11451,1
11480,5
11481,5
11482,5
11483,5
11484,5
11485,5
11486,5
11487,5
11488,5
11489,5
11490,5
11491,5
11492,5
11493,5
11494,5
11495,5
11496,5
11498,3
11499,3
11500,3
11501,3
11502,3
11503,3
11505,2
11507,3
11508,5
11509,5
11538,1
11539,1
11540,1
11541,1
11542,1
11543,1
11544,1
11545,1
11546,1
11547,1
11548,1
11549,1
11550,1
11614,1
11615,1
11616,1
11617,1
11618,1
11619,1
11620,1
11621,1
11622,1
11623,1
11624,1
11625,1
11626,1
11627,1
11628,1
11629,1
11630,1
11631,1
11632,1
11633,1
11634,1
11635,1
11636,1
11637,1
11638,1
11662,1
11663,1
11664,1
11665,1
11666,1
11667,1
11668,1
11669,1
11670,1
11671,1
11672,1
11673,1
11674,1
25232,1
25233,1
25234,1
25235,1
25236,1
25237,1
25238,2
25239,2
25240,2
25241,2
25242,2
25244,2
25245,2
25246,2
25247,2
25248,2
25249,2
25250,2
25251,2
25252,2
25253,2
25254,2
25255,2
25256,2
25257,2
25258,2
25259,2
25260,2
25261,2
25262,2
25264,1
25265,1
25266,1
25280,1
25281,1
25282,1
25283,1
25284,1
25285,1
25286,1
25287,1
25288,1
25289,1
25291,1
25292,1
25293,1
25294,1
25295,1
25296,1
25297,1
25298,1
25299,1
25300,1
25301,1
25302,1
25303,1
25304,1
25305,1
25306,1
25307,1
25308,1
25309,1
25310,1
25311,1
25312,1
25313,1
25314,1
25315,1
25316,1
25317,1
25318,1
25319,1
25320,1
25321,1
25322,1
25323,1
25324,1
25325,1
25326,1
25327,1
25349,1
25350,1
25351,1
25353,1
25354,1
25355,1
25361,1
25362,1
25363,1
25364,1
25365,1
25366,1
25367,1
25368,1
25369,1
25370,1
25371,1
25372,1
25373,1
25374,1
25375,1
25376,1
25377,1
25378,1
25379,1
25380,1
25381,1
25382,1
25383,4
25384,4
25385,4
25386,4
25387,4
25389,3
25390,3
25391,3
25392,3
25393,3
25394,3
25395,3
25396,3
25397,3
25398,3
25399,3
25400,3
25401,3
25403,3
25404,3
25405,3
25406,3
25407,3
25418,3
25419,3
25420,3
25421,3
25422,3
25423,3
25424,3
25543,3
25544,3
25545,3
25546,3
25547,3
25548,3
25549,3
25551,1
25552,1
25553,1
25554,1
25555,1
25557,1
25558,1
25559,1
25560,1
25561,1
25572,1
25573,1
25574,1
25575,1
25576,1
25577,1
25578,1
25579,1
25580,1
25644,1
25645,1
25646,1
25647,1
25648,1
25649,1
25650,1
25651,1
25653,2
25654,2
25655,2
25656,2
25657,2
25658,2
25659,2
25660,2
25661,3
25662,3
25663,3
25664,3
25665,3
25666,3
25667,3
25668,3
25670,1
25671,1
25672,1
25673,1
25674,1
25675,1
25676,1
25677,1
25678,1
25684,3
25685,3
25686,3
25687,3
25688,3
25689,3
25708,3
25709,3
25710,3
25716,1
25717,1
25718,1
25719,1
25720,1
25721,1
25722,1
25723,1
25724,1
25725,1
25726,1
25727,1
25728,1
25729,1
25735,2
25736,2
25737,2
25738,2
25739,2
25740,2
25762,2
25763,2
25764,2
25765,2
25766,2
25767,2
25768,2
25769,2
25770,2
25771,2
25772,2
30984,3
30985,3
30986,3
30987,3
30988,3
30989,3
30990,3
30991,3
30992,3
30993,3
30999,1
31000,1
31001,1
31002,1
31003,1
31004,1
31005,1
31006,1
31007,1
31008,1
31009,1
31010,1
31011,1
31012,1
31013,1
31014,1
31015,1
31016,1
31017,1
31018,1
31019,1
31020,1
31021,1
31155,1
31156,1
31157,1
31158,1
31159,1
31164,1
31165,1
31166,1
31167,1
31168,1
31314,2
31315,2
31316,2
31317,2
31318,2
31320,2
31321,2
31325,2
31326,2
31327,2
31450,1
31451,1
31452,1
31453,1
31454,1
31455,1
38182,8
38183,8
38184,8
38185,8
38186,8
38191,8
38192,8
38193,8
38194,8
38195,8
38196,8
38197,8
38206,8
38207,8
38208,8
38209,8
38210,8
38211,8
38212,8
38214,5
38215,5
38216,5
38217,5
38218,5
38219,5
38220,5
38221,3
38222,3
38223,3
38224,3
