10969,1
10970,1
10971,1
10972,1
10973,1
10974,1
10975,1
10976,1
10977,1
10978,1
10979,1
10980,1
10981,1
10982,1
10983,1
10984,1
10985,1
10986,1
10987,1
10988,1
10989,1
10990,1
10991,1
10992,1
10993,1
10994,1
10995,1
10996,1
10997,1
10998,1
10999,1
11000,1
11001,1
11002,1
11003,1
11004,1
11005,1
11006,1
11007,1
11013,3
11014,3
11015,3
11016,3
11017,3
11018,3
11019,3
11020,3
11021,3
11022,3
11023,3
11024,3
11025,3
11027,2
11028,2
11029,2
11030,2
11031,2
11032,2
11033,2
11034,2
11035,2
11036,2
11037,2
11038,2
11039,3
11040,3
11041,3
11042,3
11043,3
11075,3
11076,3
11077,3
11078,3
11079,3
11080,3
11081,3
11082,3
11083,3
11084,3
11085,3
11086,3
11087,3
11093,1
11094,1
11095,1
11096,1
11097,1
11098,1
11099,1
11100,1
11101,1
11102,1
11103,1
11104,1
11105,1
11106,1
11107,1
11108,1
11109,1
11110,1
11137,1
11138,1
11139,1
11140,1
11141,1
11142,1
11143,1
11144,1
11145,1
11146,1
11147,1
11148,1
11149,1
11150,1
11151,1
11152,1
11153,1
11154,1
11155,1
11156,1
11157,1
11158,1
11159,1
11160,1
11161,1
11538,1
11539,1
11540,1
11541,1
11542,1
11543,1
11544,1
11545,1
11546,1
11547,1
11548,1
11549,1
11550,1
13125,1
13126,1
13127,1
13128,1
13129,1
13130,1
13131,1
13132,1
13133,1
13134,1
13135,1
13136,1
13137,1
13138,1
13139,1
13140,1
13141,1
13142,1
13143,1
13144,1
13145,1
13146,1
13147,1
13148,1
13149,1
13150,1
13151,1
13152,1
13153,1
13154,1
13155,1
13156,1
13157,1
13158,1
13159,1
13160,1
13161,1
13162,1
13163,1
13164,1
13165,1
13166,1
13167,1
13168,1
13169,1
13170,1
13171,1
13172,1
13173,1
13174,1
13175,1
13176,1
13177,1
13178,1
13179,1
13180,1
13181,1
13182,1
13183,1
13184,1
13185,1
13186,1
13187,1
13188,1
13189,1
13190,1
13191,1
13192,1
13193,1
13194,1
13195,1
13196,1
13197,1
13198,1
13199,1
13200,1
13201,1
13202,1
13203,1
13204,1
13205,1
13206,1
13207,1
13208,1
13209,1
13210,1
13211,1
13212,1
13213,1
13214,1
13215,1
13216,1
13217,1
13218,1
13219,1
13220,1
13221,1
13222,1
13223,1
13224,1
13225,1
13226,1
13227,1
13228,1
13229,1
13230,1
13231,1
13232,1
13233,1
13234,1
13235,1
13236,1
13237,1
13238,1
13239,1
13240,1
13241,1
13242,1
13243,1
13244,1
13245,1
13246,1
13247,1
13248,1
13249,1
13250,1
13251,1
13252,1
13253,1
13254,1
13255,1
13256,1
13257,1
13258,1
13259,1
13260,1
13261,1
13262,1
13263,1
13264,1
13265,1
13266,1
13267,1
13268,1
13269,1
13270,1
13271,1
13272,1
13273,1
13274,1
13275,1
13276,1
13277,1
13278,1
13279,1
13280,1
13281,1
13282,1
13283,1
13284,1
13285,1
13286,1
13287,1
13288,1
13289,1
13290,1
13291,1
13292,1
13293,1
13294,1
13295,1
13296,1
13297,1
13298,1
13299,1
13300,1
13301,1
13302,1
13303,1
13304,1
13305,1
13306,1
13307,1
13308,1
13309,1
13310,1
13311,1
13312,1
13313,1
13314,1
13315,1
13316,1
13317,1
13318,1
13319,1
13320,1
13321,1
13322,1
20997,1
20998,1
20999,1
21000,1
21001,1
21002,1
21003,1
21004,1
21005,1
21006,1
21007,1
21008,1
21009,1
21010,1
21011,1
21012,1
21013,1
21014,1
21015,1
21016,1
21017,1
21018,1
21019,1
21020,1
21021,1
21022,1
21023,1
21024,1
21025,1
21026,1
21027,1
21028,1
21029,1
21030,1
21031,1
21032,1
21033,1
21034,1
21035,1
21036,1
21037,1
21038,1
21039,1
21040,1
21041,1
21042,1
21043,1
21044,1
21045,1
21046,1
21047,1
21048,1
21049,1
21050,1
21051,1
21052,1
21053,1
21054,1
21055,1
21056,1
21057,1
21058,1
21059,1
21288,4
21289,4
21290,4
21291,4
21292,4
21293,4
21294,4
21295,4
21296,4
21297,4
21298,4
21299,4
21300,4
21301,4
21302,4
21303,4
21304,4
21305,4
21306,4
21307,4
21308,4
21309,4
21310,4
21311,4
21317,6
21318,6
21319,6
21320,6
21321,6
21322,6
21323,6
21324,6
21325,6
21326,6
21327,6
21328,6
21329,6
21330,6
21331,6
21332,6
21341,6
21342,6
21343,6
21344,6
21345,6
21346,6
21347,6
21348,6
21349,6
21350,6
21351,6
21352,6
21361,6
21362,6
21363,6
21364,6
21365,6
21366,6
21367,6
21369,6
21370,6
21371,6
21435,2
21436,2
21437,2
21438,2
21439,2
21440,2
21468,2
21469,2
21470,2
21471,2
21472,2
21473,2
21479,2
21480,2
21481,2
21482,2
21483,2
21484,2
21490,2
21491,2
21492,2
21493,2
21494,2
21495,2
21501,2
21502,2
21503,2
21504,2
21505,2
21506,2
21512,2
21513,2
21514,2
21515,2
21516,2
21517,2
21523,2
21524,2
21525,2
21526,2
21527,2
21528,2
21627,1
21628,1
21629,1
21630,1
21631,1
21632,1
21633,1
21634,1
21635,1
21636,1
21637,1
21638,1
21639,1
21640,1
21641,1
21642,1
21643,1
21644,1
21645,1
21646,1
21647,1
21648,1
21649,1
21650,1
21651,1
21652,1
21653,1
21654,1
21655,1
21656,1
21657,1
21658,1
21659,1
21665,1
21666,1
21667,1
21668,1
21669,1
21670,1
21671,1
21672,1
21673,1
21674,1
21675,1
21676,1
21677,1
21679,1
21680,1
21681,1
21692,1
21693,1
21694,1
21709,1
21710,1
21711,1
21712,1
21713,1
21714,1
21715,1
21716,1
21717,1
21718,1
21719,1
21720,1
21721,1
21723,1
21724,1
21725,1
21727,1
21728,1
21729,1
21730,1
21731,1
21732,1
21733,1
21734,1
21735,1
21736,1
21737,1
21738,1
21739,1
21740,1
21741,1
21742,1
21743,1
21744,1
21745,1
21746,1
21747,1
21748,1
21749,1
21750,1
21751,1
21752,1
21753,1
21755,1
21756,1
21757,1
21759,1
21760,1
21761,1
21762,1
21763,1
21764,1
21765,1
21766,1
21767,1
21768,1
21769,1
21770,1
21771,1
21886,1
21887,1
21888,1
21889,1
21890,1
21891,1
21892,1
21893,1
21894,1
21895,1
21896,1
21897,1
21898,1
21899,1
21900,1
21901,1
21902,1
21903,1
21904,1
21905,1
21906,1
21907,1
21908,1
21909,1
21910,1
21911,1
21912,1
21913,1
21914,1
21915,1
21916,1
21917,1
21918,1
21919,1
21920,1
21921,1
21922,1
21923,1
21924,1
21930,1
21931,1
21932,1
21933,1
21934,1
21935,1
21936,1
21937,1
21938,1
21939,1
21940,1
21941,1
21942,1
21943,1
21944,1
21945,1
21946,1
21947,1
21948,1
21949,1
21950,1
21951,1
21952,1
21953,1
21954,1
21955,1
21956,1
21957,1
21958,1
21959,1
21960,1
21961,1
21962,1
21963,1
21964,1
21965,1
21966,1
21967,1
21968,1
21969,1
21970,1
21971,1
21972,1
21973,1
22142,3
22143,3
22144,3
22145,3
22146,3
22147,3
22148,3
22149,3
22150,3
22151,3
22152,3
22153,3
22154,3
22155,3
22156,3
22157,3
22158,3
22159,3
22160,3
22161,3
22162,3
22163,3
22164,3
22165,3
22166,3
22167,3
22168,3
22169,3
22170,3
22171,3
22172,3
22173,3
22174,3
22175,3
22176,3
22177,3
22178,3
22179,3
22180,3
22181,3
22187,2
22188,2
22189,2
22190,2
22191,2
22192,2
22193,2
22194,2
22195,2
22196,2
22197,2
22198,2
22199,2
22200,2
22201,2
22202,2
22203,2
22204,2
22210,1
22211,1
22212,1
22213,1
22214,1
22215,1
22216,1
22217,1
22218,1
22219,1
22220,1
22221,1
22222,1
22223,1
22224,1
22225,1
22226,1
22227,1
22228,1
22229,1
22230,1
22231,1
22232,1
22233,1
22234,1
22235,1
22236,1
22237,1
22238,1
22239,1
22240,1
22241,1
22242,1
22243,1
22244,1
22245,1
22246,1
22247,1
22248,1
22249,1
22251,1
22252,1
22253,1
22254,1
22255,1
22256,1
22257,1
22258,1
22259,1
22260,1
22261,1
22262,1
22263,1
22264,1
22265,1
22266,4
22267,4
22268,4
22269,4
22271,3
22272,3
22273,3
22274,3
22275,3
22276,3
22277,3
22278,3
22279,3
22280,3
22281,3
22282,3
22283,3
22284,3
22285,3
22286,3
22288,1
22289,1
22290,1
22291,1
22292,1
22293,1
22294,1
22295,1
22296,1
22297,1
22298,1
22299,1
22300,1
22301,1
22302,1
22303,1
22304,1
22305,1
22306,1
22307,1
22308,1
22309,1
22311,2
22312,2
22313,2
22314,2
22315,2
22316,2
22317,2
22318,2
22319,2
22320,2
22321,2
22322,2
22323,2
22324,2
22325,2
22326,2
22327,2
22328,2
22329,2
22330,2
22331,2
22332,2
22333,2
22335,1
22336,1
22337,1
22338,1
22339,1
22340,1
22341,1
22342,1
22343,1
22344,1
22345,1
22346,1
22347,1
22348,1
22349,1
22350,1
22351,1
22352,3
22353,3
22354,3
22355,3
22356,3
22358,3
22359,3
22360,3
22361,3
22362,3
22363,3
22364,3
22365,3
22366,3
22368,1
22369,1
22370,1
22379,3
22380,3
22381,3
22382,3
22383,3
22384,3
22386,2
22387,2
22389,1
22390,1
22391,3
22392,3
22393,3
22394,3
22395,3
22396,3
22397,3
22398,3
22399,3
22400,3
22401,3
22402,3
22404,1
22405,1
22406,1
22408,2
22409,2
22410,2
22411,3
22412,3
22413,3
22414,3
22415,3
22416,3
22417,3
22418,3
22419,3
22420,3
22421,3
22422,3
22423,3
22424,3
22425,3
22426,3
22427,3
22428,3
22429,3
22430,3
22431,3
22433,2
22434,2
22435,2
22437,1
22438,1
22439,3
22440,3
22441,3
22442,3
22444,1
22445,1
22446,1
22447,1
22448,1
22449,1
22450,1
22451,1
22452,1
22453,4
22454,4
22455,4
22456,4
22458,3
22459,3
22460,3
22461,3
22462,3
22463,3
22464,3
22465,3
22466,3
22467,3
22468,3
22469,3
22470,3
22471,3
22472,3
22473,3
22474,3
22475,3
22476,3
22477,3
22478,3
22479,3
22480,3
22481,3
22482,3
22483,3
22484,3
22485,3
22487,2
22488,2
22489,2
22490,2
22491,2
22492,2
22493,2
22494,2
22495,2
22496,2
22497,2
22498,2
22499,2
22500,3
22501,3
22502,3
22503,3
22504,3
22505,3
22506,3
22507,3
22508,3
22509,3
22510,3
22511,3
22512,3
22513,3
22514,3
22515,3
22516,3
22518,3
22519,3
22520,3
22521,3
22522,3
22523,3
22524,3
22525,3
22526,3
22527,3
22528,3
22529,3
22530,3
22531,3
22532,3
22533,3
22534,3
22535,3
22536,3
22537,3
22538,3
22539,3
22540,3
22541,3
22542,3
22543,3
22544,3
22545,3
22547,2
22548,2
22549,2
22550,2
22551,2
22552,2
22553,2
22554,2
22555,3
22556,3
22558,1
22559,1
22560,1
22561,1
22567,6
22568,6
22569,6
22570,6
22571,6
22572,6
22573,6
22574,6
22575,6
22576,6
22577,6
22578,6
22579,6
22580,6
22581,6
22582,6
22583,6
22584,6
22586,6
22587,6
22588,6
22589,6
22590,6
22591,6
22592,6
22593,6
22594,6
22595,6
22596,6
22597,6
22598,6
22599,6
22723,3
22724,3
22725,3
22726,3
22727,3
22728,3
22729,3
22730,3
22731,3
22732,3
22733,3
22734,3
22735,3
22736,3
22737,3
22738,3
22739,3
22740,3
22741,3
22742,3
22743,3
22744,3
22745,6
22746,6
22747,6
22748,6
22749,6
22750,6
22751,6
22753,3
22754,3
22755,3
22766,3
22767,3
22768,3
22769,3
22770,3
22771,3
22772,3
22773,3
22774,3
22775,3
22776,3
22777,3
22778,3
22779,3
22780,3
22782,3
22783,3
22789,3
22790,3
22791,3
22792,3
22798,6
22799,6
22800,6
22801,6
22802,6
22804,6
22805,6
22806,6
22812,6
22813,6
22814,6
22815,6
22816,6
22817,6
22818,6
22819,6
22820,6
22822,6
22823,6
22824,6
22825,6
22826,6
22827,6
22828,6
22829,6
22835,6
22836,6
22837,6
22838,6
22839,6
22840,6
22841,6
22842,6
22843,6
22909,1
22910,1
22911,1
22912,1
22913,1
22914,1
22915,1
22916,1
22917,1
22918,1
30634,1
30635,1
30636,1
30637,1
30638,1
30639,1
30640,1
30645,2
30646,2
30647,2
30648,2
30649,2
30650,2
30651,2
30652,2
30653,2
30654,2
30655,2
30656,2
30662,2
30663,2
30664,2
30665,2
30666,2
30667,2
30668,2
30669,2
30670,2
30671,2
30672,2
30673,2
30674,2
30675,2
30676,2
30677,2
30678,2
30679,2
30680,2
30681,2
30682,2
30683,2
30684,2
30685,2
30686,2
30687,2
30688,2
30689,2
30690,2
30691,2
30692,2
30693,2
30694,2
30695,2
30696,2
30697,2
30698,2
30699,2
30700,2
30701,2
30702,2
30703,2
30704,2
30705,2
30706,2
30707,2
30708,2
30709,2
30710,2
30711,2
30712,2
30713,2
30714,2
30715,2
30716,2
30717,2
30718,2
30719,2
30720,2
30721,2
30722,2
30723,2
30724,2
30725,2
30726,2
30727,2
30728,2
30729,2
30730,2
30731,2
30732,2
30733,2
30734,2
30735,2
30736,2
30737,2
30738,2
30739,2
30740,2
30741,2
30742,2
30743,2
30744,2
30745,2
30746,2
30747,2
30748,2
30749,2
30750,2
30751,2
30752,2
30753,2
30754,2
30755,2
30756,2
30757,2
30758,2
30759,2
30760,2
30812,1
30813,1
30814,1
30815,1
30816,1
30817,1
30818,1
30819,1
30820,1
30821,1
30822,1
30823,1
30824,1
30825,1
30826,1
30827,1
30828,1
30829,1
30830,1
30831,1
30832,1
30833,1
30834,1
30835,1
30836,1
30837,1
30838,1
30839,1
30840,1
30841,1
30842,1
30843,1
30844,1
30845,1
30846,1
30847,1
30848,1
30849,1
30850,1
30851,1
30852,1
30853,1
30854,1
30856,1
30857,1
30858,1
30859,1
30860,1
30861,1
30862,1
30863,1
30864,1
30865,1
30866,1
30867,1
31108,4
31109,4
31110,4
31111,4
31112,4
31113,4
31130,6
31131,6
31132,6
31133,6
31134,6
31135,6
31155,11
31156,11
31157,11
31158,11
31159,11
31161,4
31162,4
31164,7
31165,7
31166,7
31167,11
31168,11
31174,4
31175,4
31176,4
31177,4
31178,4
31179,4
31185,5
31186,5
31187,5
31188,5
31189,5
31190,5
31314,3
31315,3
31316,3
31317,3
31318,3
31323,3
31326,3
31327,3
31396,8
31397,8
31398,8
31399,8
31400,8
31403,3
31404,8
31405,8
31450,3
31451,3
31452,3
31453,3
31454,3
31455,3
31822,2
31823,2
31824,2
31825,2
31826,2
31827,2
31828,2
31829,2
31830,2
31831,2
31832,2
38253,2
38254,2
38255,2
38256,2
38257,2
38258,2
38259,2
38260,2
38261,2
38267,2
38268,2
38269,2
38270,2
38271,2
38272,2
38273,2
38274,2
38280,2
38283,2
38284,2
38290,3
38291,3
38292,3
38293,3
38294,3
38296,1
38297,1
38298,1
38299,2
38300,2
38301,2
38302,2
38303,2
38305,2
38306,2
38307,2
38308,2
38309,2
38310,2
38311,2
38312,2
38313,2
38314,2
38315,2
38316,2
38317,2
38345,2
38346,2
38414,2
38415,2
38416,2
38417,2
39629,2
39630,2
39631,2
39632,2
39633,2
39634,2
39635,2
39636,2
39637,2
39638,2
39639,2
39640,2
39641,2
39642,2
39643,2
39644,2
39645,2
39646,2
39647,2
39648,2
39649,2
39650,2
39651,2
39652,2
39653,2
39659,1
39660,1
39661,1
39662,1
39663,1
39664,1
39665,1
39666,1
39667,1
39668,1
39674,2
39675,2
39676,2
39677,2
39678,2
39680,1
39681,1
39692,2
39693,2
39694,2
39695,2
39696,2
39697,2
39698,2
39699,2
39700,2
39706,2
39707,2
39708,2
39709,2
39710,2
39711,2
39712,2
39713,2
39714,2
39715,2
39721,2
39722,2
39723,2
39724,2
39725,2
39726,2
39727,2
39733,2
39734,2
39735,2
39736,2
39737,2
39741,2
39742,2
39743,2
39744,2
39745,2
39746,2
39765,2
39766,2
39767,2
39768,2
39769,2
39770,2
39771,2
39772,2
39773,2
39774,2
39795,2
39796,2
39797,2
39798,2
39799,2
39800,2
39801,2
39802,2
39803,2
39804,2
39805,2
39806,2
39807,2
39897,2
39898,2
39899,2
39900,2
39901,2
39902,2
39903,2
39904,2
39905,2
39906,2
39907,2
39913,2
39914,2
39915,2
39916,2
39917,2
39918,2
39919,2
39920,2
39926,2
39927,2
39928,2
39929,2
39930,2
39931,2
39932,2
39933,2
39939,2
39940,2
39941,2
39942,2
39943,2
39944,2
39945,2
39946,2
39952,2
39953,2
39954,2
39955,2
39956,2
39957,2
39958,2
39959,2
39965,2
39966,2
39967,2
39968,2
39969,2
39970,2
39971,2
39972,2
39978,2
39979,2
39980,2
39981,2
39982,2
39983,2
39984,2
39985,2
39991,2
39992,2
39993,2
39994,2
39995,2
39996,2
39997,2
39998,2
40004,2
40005,2
40006,2
40007,2
40008,2
40009,2
40010,2
40011,2
40017,2
40018,2
40019,2
40020,2
40021,2
40022,2
40023,2
40024,2
40464,1
40465,1
40466,1
40467,1
40468,1
40469,1
40470,1
40476,4
40477,4
40478,4
40479,4
40480,4
40481,4
40482,4
40483,4
40484,4
40485,4
40486,4
40487,4
40488,4
40489,4
40490,4
40496,4
40497,4
40498,4
40499,4
40500,4
40501,4
40502,4
40503,4
40504,4
40505,4
40506,4
40507,4
40513,1
40514,1
40515,1
40516,1
40517,1
40518,1
40519,1
40520,1
