1054,1
1055,1
1056,1
1057,1
1058,1
1059,1
1060,1
1061,1
1062,1
1063,1
1064,1
1065,1
1066,1
1067,1
1068,1
1069,1
1070,1
1071,1
1072,1
1073,1
1074,1
1075,1
1076,1
1077,1
1078,1
1079,1
1080,1
1081,1
1082,1
1083,1
1084,1
1085,1
1086,1
1087,1
1088,1
1089,1
1090,1
1091,1
1092,1
1093,1
1094,1
1095,1
1096,1
1097,1
1098,1
1099,1
1100,1
1101,1
1102,1
1103,1
1104,1
1105,1
1106,1
1107,1
1108,1
1109,1
1110,1
1111,1
1112,1
1113,1
1114,1
1115,1
1116,1
1117,1
1118,1
1119,1
1120,1
1121,1
1122,1
1123,1
1124,1
1125,1
1126,1
1127,1
1128,1
1129,1
1130,1
1131,1
1132,1
1133,1
1134,1
1135,1
1136,1
1137,1
1138,1
1139,1
1140,1
1141,1
1142,1
1143,1
1144,1
1145,1
1146,1
1147,1
1148,1
1149,1
1150,1
1151,1
10969,1
10970,1
10971,1
10972,1
10973,1
10974,1
10975,1
10976,1
10977,1
10978,1
10979,1
10980,1
10981,1
10982,1
10983,1
10984,1
10985,1
10986,1
10987,1
10988,1
10989,1
10990,1
10991,1
10992,1
10993,1
10994,1
10995,1
10996,1
10997,1
10998,1
10999,1
11000,1
11001,1
11002,1
11003,1
11004,1
11005,1
11006,1
11007,1
11013,2
11014,2
11015,2
11016,2
11017,2
11018,2
11019,2
11020,2
11021,2
11022,2
11023,2
11024,2
11025,2
11039,2
11040,2
11041,2
11042,2
11043,2
11075,2
11076,2
11077,2
11078,2
11079,2
11080,2
11081,2
11082,2
11083,2
11084,2
11085,2
11086,2
11087,2
11352,2
11353,2
11354,2
11355,2
11356,2
11357,2
11358,2
11359,2
11360,2
11361,2
11362,2
11363,2
11364,2
11365,2
11366,2
11367,2
11368,2
11370,2
11371,2
11372,2
11373,2
11374,2
11375,2
11376,2
11377,2
11378,2
11393,2
11394,2
11395,2
11396,2
11397,2
11398,2
11399,2
11400,2
11401,2
11402,2
11403,2
11404,2
11405,2
11411,1
11412,1
11413,1
11414,1
11415,1
11416,1
11417,1
11418,1
11419,1
11420,1
11421,1
11422,1
11423,1
11443,1
11444,1
11445,1
11446,1
11447,1
11448,1
11449,1
11450,1
11451,1
11515,2
11516,2
11517,2
11518,2
11519,2
11520,2
11521,2
11522,2
11523,2
11524,2
11525,2
11526,2
11527,2
11528,2
11529,2
11530,2
11531,2
11532,2
11614,1
11615,1
11616,1
11617,1
11618,1
11619,1
11620,1
11621,1
11622,1
11623,1
11624,1
11625,1
11626,1
11627,1
11628,1
11629,1
11630,1
11631,1
11632,1
11633,1
11634,1
11635,1
11636,1
11637,1
11638,1
11662,2
11663,2
11664,2
11665,2
11666,2
11667,2
11668,2
11669,2
11670,2
11671,2
11672,2
11673,2
11674,2
12043,2
12044,2
12045,2
12046,2
12047,2
12052,2
12053,2
12054,2
12055,2
12056,2
12057,2
12058,2
12059,2
12060,2
12061,2
12064,2
12065,2
12066,2
12067,2
12068,2
12069,2
12070,2
12155,2
12156,2
12157,2
12158,2
12159,2
12160,2
12161,2
12162,2
12163,2
12164,2
12165,2
12166,2
12167,2
12168,2
12169,2
12170,2
12171,6
12172,6
12173,6
12174,6
12176,4
12177,4
12178,4
12179,4
12180,4
12181,4
12182,4
12183,4
12184,4
12185,4
12186,4
12188,2
12189,2
12190,2
12191,2
12192,2
12193,2
12194,2
12195,2
12196,2
12197,4
12198,4
12200,2
12201,2
12202,2
12203,2
12204,2
12207,2
12208,2
12209,2
12210,2
12211,2
12212,2
12213,2
12214,2
12254,2
12255,2
12256,2
12257,2
12258,2
12263,2
12264,2
12265,2
12266,2
12267,2
12268,2
12269,2
12270,2
12271,2
12272,2
12277,2
12278,2
12279,2
12280,2
12281,2
12282,2
12283,2
12284,2
12285,2
12286,2
12287,2
12293,2
12294,2
12295,2
12296,2
12297,2
12298,2
12299,2
12300,2
12301,2
12302,2
12303,2
12304,2
12373,2
12374,2
12375,2
12376,2
12377,2
12378,2
12379,2
12380,2
12381,2
12382,2
12383,2
12384,2
12385,2
12386,2
12387,2
12388,2
12389,3
12390,3
12391,3
12392,3
12394,3
12395,3
12396,3
12397,3
12398,3
12399,3
12400,3
12401,3
12402,3
12403,3
12404,3
12405,3
12406,3
12408,1
12409,1
12410,1
12411,1
12412,1
12413,1
12414,1
12416,2
12417,2
12418,2
12419,2
12420,1
12421,1
17491,1
17492,1
17493,1
17494,1
17495,1
17496,1
17497,1
17498,1
17499,1
17500,1
17501,1
17502,1
17503,1
17504,1
17505,1
17506,1
17507,1
17563,3
17564,3
17565,3
17566,3
17567,3
17584,3
17585,3
17586,3
17592,1
17593,1
17594,1
17595,1
17596,1
17597,1
17598,1
17610,1
17611,1
17612,1
18096,2
18097,2
18098,2
18099,2
18100,2
18101,2
18102,2
18103,2
18104,2
18105,2
18106,2
18107,2
18108,2
18109,2
18110,2
18111,2
18112,2
18113,2
18114,2
18115,2
18116,2
18117,2
18118,2
18119,2
18120,2
18121,2
18122,2
18123,2
18124,2
18125,2
18126,2
18128,2
18129,2
18130,2
18131,2
18132,2
18138,2
18139,2
18140,2
18146,1
18147,1
18148,1
18149,1
18150,1
18152,1
18153,1
18154,1
18311,2
18312,2
18313,2
18314,2
18315,2
18316,2
18317,2
18318,2
18319,2
18320,2
18321,2
18322,2
18323,2
18324,2
18325,2
18326,2
18327,2
18328,2
18329,2
18330,2
18331,2
18333,2
18334,2
18335,2
18336,2
18337,2
18338,2
18339,2
18340,2
18342,2
18343,2
18344,2
18345,2
18346,2
18347,2
18348,2
18349,2
18350,2
18351,2
18352,2
18624,2
18625,2
18626,2
18632,4
18633,4
18634,4
18635,4
18636,4
18637,4
18638,4
18639,4
18640,4
18641,4
18642,4
18653,4
18654,4
18655,4
18656,4
18657,4
18658,4
18659,4
18666,4
18667,4
18668,4
18669,4
18671,2
18672,2
18673,2
18674,2
18676,2
18677,2
18678,2
18679,2
18681,2
18682,2
18683,2
18684,2
18685,2
18686,2
18687,2
18688,2
18689,2
18690,2
18691,2
18693,2
18694,2
18695,2
18696,2
18697,2
18698,2
18699,2
18708,2
18709,2
18710,2
18711,2
18712,2
18713,2
18714,2
18716,2
18717,2
18718,2
18719,2
18720,2
18722,2
18723,2
18724,2
18725,2
18726,2
18727,2
18735,4
18736,4
18737,4
18738,4
18740,4
18741,4
18742,4
18743,4
18745,2
18746,2
18747,2
18748,2
18749,4
18750,4
18751,4
18823,2
18824,2
18825,2
18826,2
18827,2
18828,2
18829,2
18830,2
18837,2
18840,2
18841,2
18888,2
18889,2
18890,2
18891,2
18892,2
18894,2
18895,2
18896,2
18897,2
18898,2
18904,2
18905,2
18906,2
18990,2
18991,2
18992,2
18993,2
18994,2
18995,2
18996,2
18997,2
18999,2
19000,2
19001,2
19002,2
19006,2
19007,2
19008,2
19014,2
19015,2
19016,2
19017,2
19018,2
19020,2
19021,2
19022,2
19023,2
19024,2
19030,2
19031,2
19032,2
19099,1
19100,1
19101,1
19102,1
19103,1
19104,1
19105,1
19106,1
19107,1
19108,1
19109,1
19110,1
19111,1
19138,1
19139,1
19140,1
19141,1
19142,1
19143,1
19144,1
19145,1
19146,1
19147,1
19148,1
19149,1
19150,1
19151,1
19152,1
19153,1
19159,1
19160,1
19161,1
19162,1
19163,1
19164,1
19165,1
19166,1
19167,1
19168,1
19169,1
19170,1
19171,1
19172,1
19173,1
19174,1
19175,1
19176,1
19177,1
19178,1
19179,1
19180,1
19181,1
19182,1
19183,1
19184,1
19185,1
19186,1
19187,1
19188,1
19189,1
19190,1
19191,1
19192,1
19193,1
19194,1
19195,1
19196,1
19197,1
19198,1
19199,1
19200,1
19201,1
19202,1
19203,1
19204,1
19205,1
19220,1
19221,1
19222,1
19223,1
19224,1
19225,1
19226,1
19227,1
19228,1
19229,1
19230,1
19232,1
19233,1
19234,1
19235,1
19236,1
19237,1
19238,1
19239,1
19240,1
19241,5
19242,5
19243,5
19245,4
19246,4
19247,4
19248,4
19249,4
19250,4
19251,4
19252,4
19253,4
19254,4
19255,4
19256,4
19257,4
19258,4
19259,4
19261,1
19262,1
19263,1
19264,1
19265,1
19266,1
19267,1
19268,1
19269,1
19270,1
19271,1
19272,1
19273,1
19274,1
19275,1
19276,1
19277,1
19278,1
19279,1
19313,2
19314,2
19315,2
19316,2
19317,2
19318,2
19325,2
19326,2
19327,2
19328,2
19329,2
19330,2
19331,2
19341,2
19342,2
19343,2
19344,2
19345,2
19346,2
19347,2
19359,2
19360,2
19361,2
19362,2
19363,2
19364,2
19365,2
19366,2
19398,2
19399,2
19400,2
30790,2
30791,2
30792,2
30793,2
30794,2
30795,2
30796,2
30797,2
30798,2
30799,2
30800,2
30801,2
30802,2
30803,2
30804,2
30805,2
30806,2
30812,2
30813,2
30814,2
30815,2
30816,2
30817,2
30818,2
30819,2
30820,2
30821,2
30822,2
30823,2
30824,2
30825,2
30826,2
30827,2
30828,2
30829,2
30830,2
30831,2
30832,2
30833,2
30834,2
30835,2
30836,2
30837,2
30838,2
30839,2
30840,2
30841,2
30842,2
30843,2
30844,2
30845,2
30846,2
30847,2
30848,2
30849,2
30850,2
30851,2
30852,2
30853,2
30854,2
30860,2
30861,2
30862,2
30863,2
30864,2
30865,2
30866,2
30867,2
30873,8
30874,8
30875,8
30876,8
30877,8
30885,8
30886,8
30887,8
30889,8
30890,8
30891,8
30892,8
30893,8
30894,8
30896,6
30898,2
30899,8
30900,8
30906,2
30907,2
30908,2
30909,2
30910,2
30911,2
30922,2
30923,2
30924,2
30925,2
30926,2
30927,2
30928,2
30929,2
30930,2
30931,2
30932,2
30954,2
30955,2
30956,2
30957,2
30958,2
30959,2
30970,2
30971,2
30972,2
30973,2
30974,2
30975,2
30976,2
30977,2
30978,2
30999,2
31000,2
31001,2
31002,2
31003,2
31004,2
31005,2
31006,2
31007,2
31008,2
31009,2
31010,2
31011,2
31012,2
31013,2
31014,2
31015,2
31016,2
31017,2
31018,2
31019,2
31020,2
31021,2
31055,4
31056,4
31057,4
31058,4
31059,4
31061,2
31062,2
31063,2
31064,2
31065,2
31066,2
31067,2
31068,2
31073,2
31074,2
31075,2
31076,2
31077,2
31078,2
31079,2
31080,2
31081,2
31082,2
31083,2
31084,2
31085,2
31086,2
31087,2
31089,2
31090,2
31091,2
31092,2
31093,2
31094,2
31095,2
31096,2
31097,2
31100,2
31101,2
31102,2
31155,4
31156,4
31157,4
31158,4
31159,4
31164,4
31165,4
31166,4
31167,4
31168,4
31174,1
31175,1
31176,1
31177,1
31178,1
31179,1
31185,3
31186,3
31187,3
31188,3
31189,3
31190,3
31196,2
31197,2
31198,2
31199,2
31200,2
31201,2
31303,2
31304,2
31305,2
31306,2
31307,2
31308,2
31314,10
31315,10
31316,10
31317,10
31318,10
31323,10
31326,10
31327,10
31396,2
31397,2
31398,2
31399,2
31400,2
31403,2
31404,2
31405,2
31435,2
31436,2
31437,2
31438,2
31439,2
31442,2
31443,2
31444,2
31450,4
31451,4
31452,4
31453,4
31454,4
31455,4
31461,2
31462,2
31463,2
31464,2
31465,2
31466,2
31525,2
31526,2
31527,2
31528,2
31529,2
31530,2
31531,2
31532,2
31533,2
31570,2
31571,2
31572,2
31573,2
31574,2
31575,2
31576,2
31577,2
31578,2
31579,2
31585,2
31586,2
31587,2
31588,2
31589,2
31590,2
31591,2
31592,2
31593,2
31594,2
31615,2
31616,2
31617,2
31618,2
31619,2
31620,2
31621,2
31622,2
31623,2
31624,2
31630,2
31631,2
31632,2
31633,2
31634,2
31635,2
31636,2
31637,2
31638,2
31639,2
31645,2
31646,2
31647,2
31648,2
31649,2
31650,2
31651,2
31652,2
31653,2
31654,2
31660,2
31661,2
31662,2
31663,2
31664,2
31665,2
31666,2
31667,2
31668,2
31669,2
31691,2
31692,2
31693,2
31694,2
31695,2
31696,2
31697,2
31698,2
31699,2
31700,2
38130,2
38131,2
38132,2
38133,2
38134,2
38135,2
38136,2
38137,2
38138,2
38139,2
38140,2
38142,2
38143,2
38144,2
38145,2
38146,2
38173,2
38174,2
38175,2
38176,2
38182,8
38183,8
38184,8
38185,8
38186,8
38191,8
38192,8
38193,8
38194,8
38195,8
38196,8
38197,8
38206,8
38207,8
38208,8
38209,8
38210,8
38211,8
38212,8
38214,2
38215,2
38216,2
38217,2
38218,2
38219,2
38220,2
38221,6
38222,6
38223,6
38224,6
38253,2
38254,2
38255,2
38256,2
38257,2
38258,2
38259,2
38260,2
38261,2
38267,2
38268,2
38269,2
38270,2
38271,2
38272,2
38273,2
38274,2
38280,2
38283,2
38284,2
38290,2
38291,2
38292,2
38293,2
38294,2
38299,2
38300,2
38301,2
38302,2
38303,2
38305,2
38306,2
38307,2
38308,2
38309,2
38310,2
38311,2
38312,2
38313,2
38314,2
38315,2
38316,2
38317,2
38345,2
38346,2
38414,2
38415,2
38416,2
38417,2
38468,2
38469,2
38470,2
38471,2
38472,2
38473,2
38474,2
38475,2
38476,2
38477,2
38478,2
38479,2
38480,2
38481,2
38482,2
38483,2
38484,2
38485,2
38486,2
38487,2
38488,2
38489,2
38490,2
38491,2
38492,2
38493,2
38494,2
38495,2
38496,2
38497,2
38498,2
38499,2
38500,2
38501,2
38502,2
38503,2
38504,2
38505,2
38506,2
38507,2
38508,2
38509,2
38510,2
38511,2
38512,2
38513,2
38514,2
38515,2
38516,2
38517,2
38518,2
38519,2
38520,2
38521,2
38522,2
38523,2
38524,2
38525,2
38526,2
38527,2
38528,2
38529,2
38530,2
38531,2
38532,2
38533,2
38534,2
38535,2
38536,2
38537,2
38538,2
38550,2
38551,2
38552,2
38553,2
38559,2
38560,2
38561,2
38562,2
38563,2
38564,2
38565,2
38566,2
38692,3
38693,3
38694,3
38695,3
38696,3
38697,3
38698,3
38699,3
38700,3
38701,3
38702,3
38703,3
38704,3
38705,3
38706,3
38707,3
38708,3
38709,3
38710,3
38711,3
38712,3
38713,3
38714,3
38715,3
38716,3
38717,3
38718,3
38719,3
38720,3
38770,1
38771,1
38772,1
38773,1
38774,1
38775,1
38776,1
38777,1
38778,1
38779,1
38826,1
38827,1
38828,1
38829,1
38830,1
38831,1
38832,1
38833,1
38834,1
38840,1
38841,1
38842,1
38843,1
38844,1
38845,1
38846,1
38847,1
38848,1
38849,1
38850,1
38851,1
38852,1
38853,1
38854,1
38855,1
38856,1
38857,1
38963,1
38964,1
38965,1
38966,1
38967,1
38968,1
38969,1
38970,1
38980,1
38981,1
38982,1
38983,1
38984,1
38985,1
38986,1
38987,1
39135,2
39136,2
39137,2
39138,2
39139,2
39140,2
39141,2
39143,1
39144,1
39145,1
39146,1
39147,1
39148,1
39149,1
39150,1
39159,1
39160,1
39161,1
39162,1
39164,1
39165,1
39166,1
39167,1
39168,1
39169,1
39170,1
39270,2
39271,2
39272,2
39273,2
39274,2
39275,2
39276,2
39277,2
39278,2
39279,2
39280,2
39281,2
39587,1
39588,1
39589,1
39590,1
39591,1
39592,1
39593,1
39594,1
39595,1
39596,1
39597,1
39598,1
39599,1
39600,1
39601,1
39602,1
39603,1
39604,1
39605,1
39606,1
39607,1
39608,1
39609,1
39610,1
39611,1
39612,1
39613,1
39614,1
39615,1
39616,1
39617,1
39618,1
39619,1
39620,1
39621,1
39622,1
39623,1
39624,1
