1485,1
1486,1
1487,1
1488,1
1489,1
1490,1
1491,1
1497,1
1498,1
1499,1
1500,1
1501,1
1502,1
1503,1
1515,1
1516,1
1517,1
1524,10
1525,10
1526,10
1527,10
1528,10
1529,10
1535,1
1536,1
1537,1
1538,1
1539,1
1540,1
1546,1
1547,1
1548,1
1549,1
1550,1
1551,1
1552,1
1553,1
1554,1
1555,1
1556,1
1557,1
1558,1
1559,1
1607,1
1608,1
1609,1
1610,1
1611,1
1612,1
1613,1
1614,1
1615,1
1616,1
1617,1
1618,1
1619,1
1620,4
1621,4
1622,4
1623,4
1625,3
1626,3
1627,3
1628,3
1629,3
1630,3
1631,3
1632,3
1633,3
1634,3
1635,3
1637,1
1638,1
1639,1
1640,1
1641,1
1642,1
1643,1
1644,1
1645,1
1646,1
1647,1
1648,1
1663,1
1664,1
1665,1
1666,1
1667,1
1668,1
1669,1
1670,1
1671,1
1672,1
1673,1
1674,1
1675,1
1676,1
1677,1
1678,1
1679,1
1680,1
1681,1
1682,1
1689,1
1690,1
1691,1
1692,1
1693,1
1694,1
1695,1
1696,1
1697,1
1698,1
1699,1
1700,1
1701,1
1702,1
1703,1
1704,1
1705,1
1706,1
1707,1
1708,1
1709,1
1710,4
1711,4
1712,4
1713,4
1714,4
1716,3
1717,3
1718,3
1719,3
1720,3
1721,3
1722,3
1723,3
1724,3
1725,3
1726,3
1727,3
1728,3
1734,3
1735,3
1736,3
1737,3
1738,3
1739,3
1740,3
1759,3
1760,3
1761,3
1762,3
1763,3
1764,3
1765,3
1767,3
1768,3
1769,3
1790,3
1791,3
1792,3
1793,3
1794,3
1795,3
1796,3
1797,3
1814,3
1815,3
1816,3
1849,3
1850,3
1852,1
1853,1
1854,1
1855,1
1856,1
1857,1
1858,1
1859,1
1860,1
1861,1
1862,1
1863,1
1864,1
1865,1
1866,1
1965,3
1966,3
1967,3
1968,3
1969,3
1970,3
1971,3
1972,3
1973,3
1974,3
1975,3
1976,3
1977,3
1978,3
1979,3
2005,3
2006,3
2007,3
2008,3
2009,3
2010,3
2011,3
2012,3
2013,3
2014,3
2015,3
2016,3
2017,3
2018,3
2019,3
2020,3
2021,3
2022,3
2023,3
2024,3
2025,3
2026,3
2036,3
2037,3
2038,3
2039,3
2040,3
2041,3
2042,3
2043,3
2044,3
2045,3
2046,3
2052,1
2053,1
2054,1
2055,1
2056,1
2058,1
2059,1
2060,1
2227,1
2228,1
2229,1
2230,1
2231,1
2232,1
2233,1
2234,1
2235,1
2236,1
2237,1
2238,1
2239,1
2240,1
2241,1
2242,1
2243,1
2244,1
2245,1
2246,1
2247,1
2248,1
2254,3
2255,3
2256,3
2257,3
2258,3
2259,3
2260,3
2272,3
2273,3
2274,3
2275,3
2276,3
2277,3
2278,3
2279,3
2311,3
2312,3
2313,3
3546,1
3547,1
3548,1
3549,1
3550,1
3551,1
3552,1
3553,1
3554,1
3555,1
3556,1
3557,1
3558,1
3559,1
3560,1
3561,1
3562,1
3563,1
3564,1
3565,1
3566,1
3567,1
3568,1
3569,1
3570,1
3571,1
3572,1
3573,1
3574,1
3575,1
3576,1
3577,1
3578,1
3579,1
3580,1
3581,1
3582,1
3583,1
3584,1
3585,1
3586,1
3587,1
3588,1
3589,1
3590,1
3591,1
3592,1
3593,1
3594,1
3595,1
3596,1
3597,1
3598,1
3599,1
3600,1
3601,1
3602,1
3603,1
3604,1
3605,1
3606,1
3607,1
3608,1
3609,1
3610,1
3611,1
3612,1
3613,1
3614,1
3615,1
3616,1
3617,1
3618,1
3619,1
3620,1
3621,1
3622,1
3623,1
3624,1
3625,1
3626,1
3627,1
3628,1
3629,1
3630,1
3631,1
3632,1
3633,1
3634,1
3635,1
3636,1
3637,1
3638,1
10969,1
10970,1
10971,1
10972,1
10973,1
10974,1
10975,1
10976,1
10977,1
10978,1
10979,1
10980,1
10981,1
10982,1
10983,1
10984,1
10985,1
10986,1
10987,1
10988,1
10989,1
10990,1
10991,1
10992,1
10993,1
10994,1
10995,1
10996,1
10997,1
10998,1
10999,1
11000,1
11001,1
11002,1
11003,1
11004,1
11005,1
11006,1
11007,1
11013,3
11014,3
11015,3
11016,3
11017,3
11018,3
11019,3
11020,3
11021,3
11022,3
11023,3
11024,3
11025,3
11039,3
11040,3
11041,3
11042,3
11043,3
11075,3
11076,3
11077,3
11078,3
11079,3
11080,3
11081,3
11082,3
11083,3
11084,3
11085,3
11086,3
11087,3
11275,1
11276,1
11277,1
11278,1
11279,1
11280,1
11281,1
11282,1
11283,1
11284,1
11285,1
11286,1
11287,1
11288,1
11289,1
11290,1
11291,1
11292,1
11293,1
11294,1
11295,1
11296,1
11297,1
11298,1
11307,1
11308,1
11309,1
11310,1
11311,1
11312,1
11313,1
11314,1
11315,1
11316,1
11317,1
11318,1
11319,1
11343,1
11344,1
11345,1
11346,1
11352,6
11353,6
11354,6
11355,6
11356,6
11357,6
11358,6
11359,6
11360,6
11361,6
11362,6
11363,6
11364,6
11365,6
11366,6
11367,6
11368,6
11370,6
11371,6
11372,6
11373,6
11374,6
11375,6
11376,6
11377,6
11378,6
11393,3
11394,3
11395,3
11396,3
11397,3
11398,3
11399,3
11400,3
11401,3
11402,3
11403,3
11404,3
11405,3
11411,1
11412,1
11413,1
11414,1
11415,1
11416,1
11417,1
11418,1
11419,1
11420,1
11421,1
11422,1
11423,1
11443,1
11444,1
11445,1
11446,1
11447,1
11448,1
11449,1
11450,1
11451,1
11480,7
11481,7
11482,7
11483,7
11484,7
11485,7
11486,7
11487,7
11488,7
11489,7
11490,7
11491,7
11492,7
11493,7
11494,7
11495,7
11496,7
11498,1
11499,1
11500,1
11501,1
11502,1
11503,1
11505,6
11507,1
11508,7
11509,7
11538,1
11539,1
11540,1
11541,1
11542,1
11543,1
11544,1
11545,1
11546,1
11547,1
11548,1
11549,1
11550,1
11614,1
11615,1
11616,1
11617,1
11618,1
11619,1
11620,1
11621,1
11622,1
11623,1
11624,1
11625,1
11626,1
11627,1
11628,1
11629,1
11630,1
11631,1
11632,1
11633,1
11634,1
11635,1
11636,1
11637,1
11638,1
11662,3
11663,3
11664,3
11665,3
11666,3
11667,3
11668,3
11669,3
11670,3
11671,3
11672,3
11673,3
11674,3
11718,3
11719,3
11720,3
11721,3
11722,3
11723,3
11724,3
11725,3
11726,3
11727,3
11728,3
11729,3
11735,3
11736,3
11737,3
11738,3
11739,3
11740,3
11741,3
11742,3
11743,3
11744,3
12043,3
12044,3
12045,3
12046,3
12047,3
12052,3
12053,3
12054,3
12055,3
12056,3
12057,3
12058,3
12059,3
12060,3
12061,3
12069,3
12070,3
12155,3
12156,3
12157,3
12158,3
12159,3
12160,3
12161,3
12162,3
12163,3
12164,3
12165,3
12166,3
12167,3
12168,3
12169,3
12170,3
12171,12
12172,12
12173,12
12174,12
12176,9
12177,9
12178,9
12179,9
12180,9
12181,9
12182,9
12183,9
12184,9
12185,9
12186,9
12188,3
12189,3
12190,3
12191,3
12192,3
12193,3
12194,3
12195,3
12196,3
12197,9
12198,9
12200,3
12201,3
12202,3
12203,3
12204,3
12213,3
12214,3
12254,3
12255,3
12256,3
12257,3
12258,3
12263,3
12264,3
12265,3
12266,3
12267,3
12268,3
12269,3
12270,3
12271,3
12272,3
12274,3
12275,3
12276,3
12293,3
12294,3
12295,3
12296,3
12297,3
12298,3
12299,3
12300,3
12301,3
12302,3
12303,3
12304,3
12310,3
12311,3
12312,3
12313,3
12314,3
12315,3
12316,3
12317,3
12318,3
12319,3
12320,3
12321,3
12327,3
12328,3
12329,3
12330,3
12331,3
12332,3
12333,3
12334,3
12335,3
12336,3
12337,3
12343,3
12344,3
12345,3
12346,3
12347,3
12348,3
12349,3
12350,3
12351,3
12352,3
12353,3
12354,3
12373,6
12374,6
12375,6
12376,6
12377,6
12378,6
12379,6
12380,6
12381,6
12382,6
12383,6
12384,6
12385,6
12386,6
12387,6
12388,6
12389,12
12390,12
12391,12
12392,12
12394,12
12395,12
12396,12
12397,12
12398,12
12399,12
12400,12
12401,12
12402,12
12403,12
12404,12
12405,12
12406,12
12408,6
12409,6
12410,6
12411,6
12412,6
12413,6
12414,6
12416,6
12417,6
12418,6
12419,6
12420,6
12421,6
25212,1
25213,1
25214,1
25215,1
25216,1
25217,1
25218,1
25219,1
25220,1
25221,1
25222,1
25223,1
25224,1
25225,1
25226,1
25232,1
25233,1
25234,1
25235,1
25236,1
25237,1
25238,4
25239,4
25240,4
25241,4
25242,4
25244,3
25245,3
25246,3
25247,3
25248,3
25249,3
25250,3
25251,3
25252,3
25253,3
25254,3
25255,3
25256,3
25257,3
25258,3
25259,3
25260,3
25261,3
25262,3
25291,3
25292,3
25293,3
25294,3
25295,3
25296,3
25297,3
25298,3
25299,3
25300,3
25301,3
25302,3
25303,3
25304,3
25305,3
25306,3
25307,3
25308,3
25309,3
25310,3
25311,3
25312,3
25313,3
25314,3
25315,3
25316,3
25317,3
25318,3
25319,3
25320,3
25321,3
25322,3
25323,3
25324,3
25325,3
25326,3
25327,3
25349,3
25350,3
25351,3
25353,1
25354,1
25355,1
25361,1
25362,1
25363,1
25364,1
25365,1
25366,1
25367,1
25368,1
25369,1
25370,1
25371,1
25372,1
25373,1
25374,1
25375,1
25376,1
25377,1
25378,1
25379,1
25380,1
25381,1
25382,1
25383,2
25384,2
25385,2
25386,2
25387,2
25389,1
25390,1
25391,1
25392,1
25393,1
25394,1
25395,1
25396,1
25397,1
25398,1
25399,1
25400,1
25401,1
25403,1
25404,1
25405,1
25406,1
25407,1
25418,1
25419,1
25420,1
25421,1
25422,1
25423,1
25424,1
25543,1
25544,1
25545,1
25546,1
25547,1
25548,1
25549,1
25551,1
25552,1
25553,1
25554,1
25555,1
25557,1
25558,1
25559,1
25560,1
25561,1
25572,1
25573,1
25574,1
25575,1
25576,1
25577,1
25578,1
25579,1
25580,1
25644,1
25645,1
25646,1
25647,1
25648,1
25649,1
25650,1
25651,1
25661,1
25662,1
25663,1
25664,1
25665,1
25666,1
25667,1
25668,1
25670,1
25671,1
25672,1
25673,1
25674,1
25675,1
25676,1
25677,1
25678,1
25684,1
25685,1
25686,1
25687,1
25688,1
25689,1
25708,1
25709,1
25710,1
25716,1
25717,1
25718,1
25719,1
25720,1
25721,1
25722,1
25723,1
25724,1
25725,1
25726,1
25727,1
25728,1
25729,1
30645,3
30646,3
30647,3
30648,3
30649,3
30650,3
30651,3
30652,3
30653,3
30654,3
30655,3
30656,3
30662,3
30663,3
30664,3
30665,3
30666,3
30667,3
30668,3
30669,3
30670,3
30671,3
30672,3
30673,3
30674,3
30675,3
30676,3
30677,3
30678,3
30679,3
30680,3
30681,3
30682,3
30683,3
30684,3
30685,3
30686,3
30687,3
30688,3
30689,3
30690,3
30691,3
30692,3
30693,3
30694,3
30695,3
30696,3
30697,3
30698,3
30699,3
30700,3
30701,3
30702,3
30703,3
30704,3
30705,3
30706,3
30707,3
30708,3
30709,3
30710,3
30711,3
30712,3
30713,3
30714,3
30715,3
30716,3
30717,3
30718,3
30719,3
30720,3
30721,3
30722,3
30723,3
30724,3
30725,3
30726,3
30727,3
30728,3
30729,3
30730,3
30731,3
30732,3
30733,3
30734,3
30735,3
30736,3
30737,3
30738,3
30739,3
30740,3
30741,3
30742,3
30743,3
30744,3
30745,3
30746,3
30747,3
30748,3
30749,3
30750,3
30751,3
30752,3
30753,3
30754,3
30755,3
30756,3
30757,3
30758,3
30759,3
30760,3
30984,3
30985,3
30986,3
30987,3
30988,3
30989,3
30990,3
30991,3
30992,3
30993,3
30999,3
31000,3
31001,3
31002,3
31003,3
31004,3
31005,3
31006,3
31007,3
31008,3
31009,3
31010,3
31011,3
31012,3
31013,3
31014,3
31015,3
31016,3
31017,3
31018,3
31019,3
31020,3
31021,3
31055,15
31056,15
31057,15
31058,15
31059,15
31061,6
31062,6
31063,6
31064,9
31065,9
31066,9
31067,9
31068,9
31073,9
31074,9
31075,9
31076,9
31077,9
31078,9
31079,9
31080,9
31081,9
31082,9
31083,9
31084,9
31085,9
31086,9
31087,9
31089,9
31090,9
31091,9
31092,9
31093,9
31094,9
31095,9
31096,9
31097,9
31100,9
31101,9
31102,9
31155,6
31156,6
31157,6
31158,6
31159,6
31164,6
31165,6
31166,6
31167,6
31168,6
31174,6
31175,6
31176,6
31177,6
31178,6
31179,6
31185,12
31186,12
31187,12
31188,12
31189,12
31190,12
31303,3
31304,3
31305,3
31306,3
31307,3
31308,3
31314,6
31315,6
31316,6
31317,6
31318,6
31320,6
31321,6
31325,6
31326,6
31327,6
31396,3
31397,3
31398,3
31399,3
31400,3
31403,3
31404,3
31405,3
31450,6
31451,6
31452,6
31453,6
31454,6
31455,6
31822,3
31823,3
31824,3
31825,3
31826,3
31827,3
31828,3
31829,3
31830,3
31831,3
31832,3
38182,20
38183,20
38184,20
38185,20
38186,20
38191,20
38192,20
38193,20
38194,20
38195,20
38196,20
38197,20
38206,20
38207,20
38208,20
38209,20
38210,20
38211,20
38212,20
38214,8
38215,8
38216,8
38217,8
38218,8
38219,8
38220,8
38221,12
38222,12
38223,12
38224,12
38253,3
38254,3
38255,3
38256,3
38257,3
38258,3
38259,3
38260,3
38261,3
38267,3
38268,3
38269,3
38270,3
38271,3
38272,3
38273,3
38274,3
38280,3
38283,3
38284,3
38290,3
38291,3
38292,3
38293,3
38294,3
38299,3
38300,3
38301,3
38302,3
38303,3
38305,3
38306,3
38307,3
38308,3
38309,3
38310,3
38311,3
38312,3
38313,3
38314,3
38315,3
38316,3
38317,3
38345,3
38346,3
38414,3
38415,3
38416,3
38417,3
39391,3
39392,3
39393,3
39394,3
39395,3
39397,3
39399,3
39401,3
39403,3
39405,3
39407,3
39409,3
39411,3
39413,3
39417,3
39418,3
39419,3
39425,1
39426,1
39427,1
39428,1
39429,1
39430,1
39431,1
39432,1
39433,1
39434,1
39435,1
39436,1
39437,1
39438,1
39439,1
39440,1
39441,1
39442,1
39443,1
39444,1
39445,1
39446,4
39447,4
39448,4
39449,4
39450,4
39452,3
39453,3
39454,3
39455,3
39456,3
39457,3
39458,3
39459,3
39460,3
39461,3
39462,3
39463,3
39464,3
39465,3
39467,3
39468,3
39469,3
39471,2
39472,2
39473,2
39474,2
39475,2
39476,2
39477,2
39478,2
39479,2
39480,2
39483,2
39484,2
39485,2
39486,2
39487,2
39488,2
39489,2
39490,2
39491,2
39492,2
39493,2
39494,2
39495,2
39496,2
39497,2
39498,2
39499,2
39500,2
39501,2
39502,2
39503,2
39504,2
39505,2
39506,2
39507,2
39508,2
39509,2
39510,2
39511,2
39512,2
39513,2
39514,2
39515,3
39516,3
39517,3
39518,3
39535,3
39536,3
39537,3
39539,1
39540,1
39541,1
39543,1
39544,1
39545,1
39546,1
39547,1
39548,1
39549,1
39550,1
39551,1
39552,1
39555,1
39556,1
39557,1
39558,1
39559,1
39560,1
39561,1
39562,1
39563,1
39564,1
39565,1
39566,1
39567,1
39568,1
39569,1
39570,1
39571,1
39572,1
39573,1
39574,1
39575,1
39576,1
39577,1
39578,1
39579,1
39580,1
39581,1
39629,3
39630,3
39631,3
39632,3
39633,3
39634,3
39635,3
39636,3
39637,3
39638,3
39639,3
39640,3
39641,3
39642,3
39643,3
39644,3
39645,3
39646,3
39647,3
39648,3
39649,3
39650,3
39651,3
39652,3
39653,3
39674,3
39675,3
39676,3
39677,3
39678,3
39692,3
39693,3
39694,3
39695,3
39696,3
39697,3
39698,3
39699,3
39700,3
39733,3
39734,3
39735,3
39736,3
39737,3
39740,3
39741,3
39742,3
39743,3
39744,3
39745,3
39746,3
39795,3
39796,3
39797,3
39798,3
39799,3
39800,3
39801,3
39802,3
39803,3
39804,3
39805,3
39806,3
39807,3
39840,3
39841,3
39842,3
39843,3
39844,3
39845,3
39846,3
39847,3
39848,3
39849,3
39855,3
39856,3
39857,3
39858,3
39859,3
39860,3
39861,3
39862,3
39863,3
39864,3
39897,3
39898,3
39899,3
39900,3
39901,3
39902,3
39903,3
39904,3
39905,3
39906,3
39907,3
39913,3
39914,3
39915,3
39916,3
39917,3
39918,3
39919,3
39920,3
39926,3
39927,3
39928,3
39929,3
39930,3
39931,3
39932,3
39933,3
39939,3
39940,3
39941,3
39942,3
39943,3
39944,3
39945,3
39946,3
39952,3
39953,3
39954,3
39955,3
39956,3
39957,3
39958,3
39959,3
39965,3
39966,3
39967,3
39968,3
39969,3
39970,3
39971,3
39972,3
39978,3
39979,3
39980,3
39981,3
39982,3
39983,3
39984,3
39985,3
39991,3
39992,3
39993,3
39994,3
39995,3
39996,3
39997,3
39998,3
40004,3
40005,3
40006,3
40007,3
40008,3
40009,3
40010,3
40011,3
40017,3
40018,3
40019,3
40020,3
40021,3
40022,3
40023,3
40024,3
