1497,1
1498,1
1499,1
1500,1
1501,1
1502,1
1503,1
1515,1
1516,1
1517,1
1524,4
1525,4
1526,4
1527,4
1528,4
1529,4
1535,1
1536,1
1537,1
1538,1
1539,1
1540,1
1546,1
1547,1
1548,1
1549,1
1550,1
1551,1
1552,1
1553,1
1554,1
1555,1
1556,1
1557,1
1558,1
1559,1
1607,1
1608,1
1609,1
1610,1
1611,1
1612,1
1613,1
1614,1
1615,1
1616,1
1617,1
1618,1
1619,1
1620,3
1621,3
1622,3
1623,3
1625,2
1626,2
1627,2
1628,2
1629,2
1630,2
1631,2
1632,2
1633,2
1634,2
1635,2
1637,1
1638,1
1639,1
1640,1
1641,1
1642,1
1643,1
1644,1
1645,1
1646,1
1647,1
1648,1
1663,1
1664,1
1665,1
1666,1
1667,1
1668,1
1669,1
1670,1
1671,1
1672,1
1673,1
1674,1
1675,1
1676,1
1677,1
1678,1
1679,1
1680,1
1681,1
1682,1
1689,1
1690,1
1691,1
1692,1
1693,1
1694,1
1695,1
1696,1
1697,1
1698,1
1699,1
1700,1
1701,1
1702,1
1703,1
1704,1
1705,1
1706,1
1707,1
1708,1
1709,1
1710,2
1711,2
1712,2
1713,2
1714,2
1716,1
1717,1
1718,1
1719,1
1720,1
1721,1
1722,1
1723,1
1724,1
1725,1
1726,1
1727,1
1728,1
1734,1
1735,1
1736,1
1737,1
1738,1
1739,1
1740,1
1759,1
1760,1
1761,1
1762,1
1763,1
1764,1
1765,1
1767,1
1768,1
1769,1
1790,1
1791,1
1792,1
1793,1
1794,1
1795,1
1796,1
1797,1
1814,1
1815,1
1816,1
1849,1
1850,1
1852,1
1853,1
1854,1
1855,1
1856,1
1857,1
1858,1
1859,1
1860,1
1861,1
1862,1
1863,1
1864,1
1865,1
1866,1
1965,1
1966,1
1967,1
1968,1
1969,1
1970,1
1971,1
1972,1
1973,1
1974,1
1975,1
1976,1
1977,1
1978,1
1979,1
2005,1
2006,1
2007,1
2008,1
2009,1
2010,1
2011,1
2012,1
2013,1
2014,1
2015,1
2016,1
2017,1
2018,1
2019,1
2020,1
2021,1
2022,1
2023,1
2024,1
2025,1
2026,1
2036,1
2037,1
2038,1
2039,1
2040,1
2041,1
2042,1
2043,1
2044,1
2045,1
2046,1
2052,1
2053,1
2054,1
2055,1
2056,1
2058,1
2059,1
2060,1
2227,1
2228,1
2229,1
2230,1
2231,1
2232,1
2233,1
2234,1
2235,1
2236,1
2237,1
2238,1
2239,1
2240,1
2241,1
2242,1
2243,1
2244,1
2245,1
2246,1
2247,1
2248,1
2254,1
2255,1
2256,1
2257,1
2258,1
2259,1
2260,1
2272,1
2273,1
2274,1
2275,1
2276,1
2277,1
2278,1
2279,1
2311,1
2312,1
2313,1
10094,1
10095,1
10096,1
10097,1
10098,1
10099,1
10100,1
10101,1
10102,1
10103,1
10104,1
10105,1
10106,1
10107,1
10108,1
10109,1
10110,1
10111,1
10112,1
10113,1
10114,1
10115,1
10116,1
10117,1
10118,1
10119,1
10120,1
10121,1
10122,1
10123,1
10124,1
10125,1
10126,1
10127,1
10128,1
10129,1
10130,1
10131,1
10132,1
10133,1
10134,1
10135,1
10136,1
10137,1
10138,1
10139,1
10140,1
10141,1
10142,1
10143,1
10144,1
10145,1
10146,1
10147,1
10148,1
10149,1
10150,1
10151,1
10152,1
10153,1
10154,1
10155,1
10156,1
10157,1
10158,1
10159,1
10160,1
10969,1
10970,1
10971,1
10972,1
10973,1
10974,1
10975,1
10976,1
10977,1
10978,1
10979,1
10980,1
10981,1
10982,1
10983,1
10984,1
10985,1
10986,1
10987,1
10988,1
10989,1
10990,1
10991,1
10992,1
10993,1
10994,1
10995,1
10996,1
10997,1
10998,1
10999,1
11000,1
11001,1
11002,1
11003,1
11004,1
11005,1
11006,1
11007,1
11013,2
11014,2
11015,2
11016,2
11017,2
11018,2
11019,2
11020,2
11021,2
11022,2
11023,2
11024,2
11025,2
11027,2
11028,2
11029,2
11030,2
11031,2
11032,2
11033,2
11034,2
11035,2
11036,2
11037,2
11038,2
11039,2
11040,2
11041,2
11042,2
11043,2
11075,2
11076,2
11077,2
11078,2
11079,2
11080,2
11081,2
11082,2
11083,2
11084,2
11085,2
11086,2
11087,2
11275,2
11276,2
11277,2
11278,2
11279,2
11280,2
11281,2
11282,2
11283,2
11284,2
11285,2
11286,2
11287,2
11288,2
11289,2
11290,2
11291,2
11292,2
11293,2
11294,2
11295,2
11296,2
11297,2
11298,2
11307,2
11308,2
11309,2
11310,2
11311,2
11312,2
11313,2
11314,2
11315,2
11316,6
11317,6
11318,6
11319,6
11321,4
11322,4
11323,4
11324,4
11325,4
11326,4
11327,4
11328,4
11329,4
11330,4
11331,4
11333,2
11334,2
11335,2
11336,2
11337,2
11338,2
11339,2
11340,4
11341,4
11343,2
11344,2
11345,2
11346,2
11352,3
11353,3
11354,3
11355,3
11356,3
11357,3
11358,3
11359,3
11360,3
11361,3
11362,3
11363,3
11364,3
11365,3
11366,3
11367,3
11368,3
11370,3
11371,3
11372,3
11373,3
11374,3
11375,3
11376,3
11377,3
11378,3
11393,1
11394,1
11395,1
11396,1
11397,1
11398,1
11399,1
11400,1
11401,1
11402,1
11403,1
11404,1
11405,1
11411,1
11412,1
11413,1
11414,1
11415,1
11416,1
11417,1
11418,1
11419,1
11420,1
11421,1
11422,1
11423,1
11443,1
11444,1
11445,1
11446,1
11447,1
11448,1
11449,1
11450,1
11451,1
11480,3
11481,3
11482,3
11483,3
11484,3
11485,3
11486,3
11487,3
11488,3
11489,3
11490,3
11491,3
11492,3
11493,3
11494,3
11495,3
11496,3
11498,1
11499,1
11500,1
11501,1
11502,1
11503,1
11505,2
11507,1
11508,3
11509,3
11538,1
11539,1
11540,1
11541,1
11542,1
11543,1
11544,1
11545,1
11546,1
11547,1
11548,1
11549,1
11550,1
11614,1
11615,1
11616,1
11617,1
11618,1
11619,1
11620,1
11621,1
11622,1
11623,1
11624,1
11625,1
11626,1
11627,1
11628,1
11629,1
11630,1
11631,1
11632,1
11633,1
11634,1
11635,1
11636,1
11637,1
11638,1
11662,1
11663,1
11664,1
11665,1
11666,1
11667,1
11668,1
11669,1
11670,1
11671,1
11672,1
11673,1
11674,1
12327,1
12328,1
12329,1
12330,1
12331,1
12332,1
12333,1
12334,1
12335,1
12336,1
12337,1
12343,1
12344,1
12345,1
12346,1
12347,1
12348,1
12349,1
12350,1
12351,1
12352,1
12353,1
12354,1
12373,1
12374,1
12375,1
12376,1
12377,1
12378,1
12379,1
12380,1
12381,1
12382,1
12383,1
12384,1
12385,1
12386,1
12387,1
12388,1
12389,1
12390,1
12391,1
12392,1
12394,1
12395,1
12396,1
12397,1
12398,1
12399,1
12400,1
12401,1
12402,1
12403,1
12404,1
12405,1
12406,1
12408,1
12409,1
12410,1
12411,1
12412,1
12413,1
12414,1
12416,1
12417,1
12418,1
12419,1
25361,1
25362,1
25363,1
25364,1
25365,1
25366,1
25367,1
25368,1
25369,1
25370,1
25371,1
25372,1
25373,1
25374,1
25375,1
25376,1
25377,1
25378,1
25379,1
25380,1
25381,1
25382,1
25383,2
25384,2
25385,2
25386,2
25387,2
25389,1
25390,1
25391,1
25392,1
25393,1
25394,1
25395,1
25396,1
25397,1
25398,1
25399,1
25400,1
25401,1
25403,1
25404,1
25405,1
25406,1
25407,1
25418,1
25419,1
25420,1
25421,1
25422,1
25423,1
25424,1
25543,1
25544,1
25545,1
25546,1
25547,1
25548,1
25549,1
25551,1
25552,1
25553,1
25554,1
25555,1
25557,1
25558,1
25559,1
25560,1
25561,1
25572,1
25573,1
25574,1
25575,1
25576,1
25577,1
25578,1
25579,1
25580,1
25582,1
25583,1
25584,1
25585,1
25586,1
25587,1
25588,1
25589,1
25590,1
25591,1
25592,1
25593,1
25594,1
25607,1
25608,1
25609,1
25610,1
25611,1
25612,1
25613,1
25614,1
25615,1
25616,1
25617,1
25618,1
25619,1
25620,1
25621,1
25622,1
25623,1
25624,1
25625,1
25626,1
25627,1
25628,1
25629,1
25630,1
25631,1
25632,1
25633,1
25634,1
25635,1
25636,1
25637,1
25638,1
25639,1
25640,1
25641,1
25642,1
25661,1
25662,1
25663,1
25664,1
25665,1
25666,1
25667,1
25668,1
25670,1
25671,1
25672,1
25673,1
25674,1
25675,1
25676,1
25677,1
25678,1
25684,1
25685,1
25686,1
25687,1
25688,1
25689,1
25708,1
25709,1
25710,1
25716,1
25717,1
25718,1
25719,1
25720,1
25721,1
25722,1
25723,1
25724,1
25725,1
25726,1
25727,1
25728,1
25729,1
25778,1
25779,1
25780,1
25781,1
25782,1
25783,1
25796,1
25797,1
25798,1
25799,1
25800,1
25801,1
25802,1
25803,1
25805,1
25806,1
25807,1
25808,1
25809,1
25810,1
25811,1
25812,1
25813,1
25814,1
25815,1
25816,1
25817,1
25818,1
25819,1
25820,1
25821,1
25822,1
25823,1
25824,1
25825,1
30790,2
30791,2
30792,2
30793,2
30794,2
30795,2
30796,2
30797,2
30798,2
30799,2
30800,2
30801,2
30802,2
30803,2
30804,2
30805,2
30806,2
30812,2
30813,2
30814,2
30815,2
30816,2
30817,2
30818,2
30819,2
30820,2
30821,2
30822,2
30823,2
30824,2
30825,2
30826,2
30827,2
30828,2
30829,2
30830,2
30831,2
30832,2
30833,2
30834,2
30835,2
30836,2
30837,2
30838,2
30839,2
30840,2
30841,2
30842,2
30843,2
30844,2
30845,2
30846,2
30847,2
30848,2
30849,2
30850,2
30851,2
30852,2
30853,2
30854,2
30860,2
30861,2
30862,2
30863,2
30864,2
30865,2
30866,2
30867,2
30984,2
30985,2
30986,2
30987,2
30988,2
30989,2
30990,2
30991,2
30992,2
30993,2
30999,1
31000,1
31001,1
31002,1
31003,1
31004,1
31005,1
31006,1
31007,1
31008,1
31009,1
31010,1
31011,1
31012,1
31013,1
31014,1
31015,1
31016,1
31017,1
31018,1
31019,1
31020,1
31021,1
31055,1
31056,1
31057,1
31058,1
31059,1
31061,1
31062,1
31063,1
31155,3
31156,3
31157,3
31158,3
31159,3
31161,3
31162,3
31167,3
31168,3
31174,4
31175,4
31176,4
31177,4
31178,4
31179,4
31185,1
31186,1
31187,1
31188,1
31189,1
31190,1
31314,1
31315,1
31316,1
31317,1
31318,1
31320,1
31321,1
31325,1
31326,1
31327,1
31396,2
31397,2
31398,2
31399,2
31400,2
31404,2
31405,2
31450,3
31451,3
31452,3
31453,3
31454,3
31455,3
31570,2
31571,2
31572,2
31573,2
31574,2
31575,2
31576,2
31577,2
31578,2
31579,2
31585,2
31586,2
31587,2
31588,2
31589,2
31590,2
31591,2
31592,2
31593,2
31594,2
31615,2
31616,2
31617,2
31618,2
31619,2
31620,2
31621,2
31622,2
31623,2
31624,2
31630,2
31631,2
31632,2
31633,2
31634,2
31635,2
31636,2
31637,2
31638,2
31639,2
31645,2
31646,2
31647,2
31648,2
31649,2
31650,2
31651,2
31652,2
31653,2
31654,2
31660,2
31661,2
31662,2
31663,2
31664,2
31665,2
31666,2
31667,2
31668,2
31669,2
31691,2
31692,2
31693,2
31694,2
31695,2
31696,2
31697,2
31698,2
31699,2
31700,2
38182,9
38183,9
38184,9
38185,9
38186,9
38191,9
38192,9
38193,9
38194,9
38195,9
38196,9
38197,9
38206,9
38207,9
38208,9
38209,9
38210,9
38211,9
38212,9
38214,7
38215,7
38216,7
38217,7
38218,7
38219,7
38220,7
38221,2
38222,2
38223,2
38224,2
38290,2
38291,2
38292,2
38293,2
38294,2
38296,2
38297,2
38298,2
38423,2
38424,2
38425,2
38426,2
38441,2
38442,2
38443,2
38444,2
38445,2
38446,2
38468,2
38469,2
38470,2
38471,2
38472,2
38473,2
38474,2
38475,2
38476,2
38477,2
38478,2
38479,2
38480,2
38481,2
38482,2
38483,2
38484,2
38485,2
38486,2
38487,2
38488,2
38489,2
38490,2
38491,2
38492,2
38493,2
38494,2
38495,2
38496,2
38497,2
38498,2
38499,2
38500,2
38501,2
38502,2
38503,2
38504,2
38505,2
38506,2
38507,2
38508,2
38509,2
38510,2
38511,2
38512,2
38513,2
38514,2
38515,2
38516,2
38517,2
38518,2
38519,2
38520,2
38521,2
38522,2
38523,2
38524,2
38525,2
38526,2
38527,2
38528,2
38529,2
38530,2
38531,2
38532,2
38533,2
38534,2
38535,2
38536,2
38537,2
38538,2
38550,2
38551,2
38552,2
38553,2
38692,2
38693,2
38694,2
38695,2
38696,2
38697,2
38698,2
38699,2
38700,2
38701,2
38702,2
38703,2
38704,2
38705,2
38706,2
38707,2
38708,2
38709,2
38710,2
38711,2
38712,2
38713,2
38714,2
38715,2
38716,2
38717,2
38718,2
38719,2
38720,2
38755,2
38756,2
38757,2
38758,2
38759,2
38760,2
38761,2
38762,2
38763,2
38764,2
