1481,1
1482,1
1483,1
1484,1
1485,1
1486,1
1487,1
1520,5
1521,5
1522,5
1523,5
1524,5
1525,5
1542,1
1543,1
1544,1
1545,1
1546,1
1547,1
1548,1
1549,1
1550,1
1551,1
1552,1
1553,1
1557,1
1558,1
1559,1
1603,1
1604,1
1605,1
1606,1
1607,1
1608,1
1609,1
1610,1
1611,1
1612,1
1613,1
1614,1
1615,1
1617,2
1618,2
1619,2
1620,2
1621,2
1622,2
1623,2
1624,2
1625,2
1626,2
1627,3
1628,3
1629,3
1630,3
1631,3
1633,1
1634,1
1635,1
1636,1
1637,1
1638,1
1639,1
1640,1
1653,1
1654,1
1655,1
1656,1
1657,1
1659,1
1660,1
1661,1
1662,1
1663,1
1664,1
1665,1
1666,1
1667,1
1668,1
1669,1
1670,1
1671,1
1672,1
1673,1
1674,1
1675,1
1676,1
1677,1
1678,1
1685,1
1686,1
1687,1
1688,1
1689,1
1690,1
1691,1
1692,1
1693,1
1694,1
1695,1
1696,1
1697,1
1698,1
1699,1
1700,1
1701,1
1702,1
1703,1
1704,1
1705,1
1706,1
1707,1
1709,1
1710,1
1711,1
1712,1
1713,1
1714,1
1715,1
1716,1
1717,1
1718,1
1719,1
1720,1
1721,1
1729,1
1730,1
1731,1
1732,1
1733,1
1734,1
1735,1
1758,1
1759,1
1760,1
1761,1
1762,1
1763,1
1764,1
1766,1
1767,1
1768,1
1791,1
1792,1
1793,1
1794,1
1795,1
1796,1
1797,1
1852,1
1853,1
1854,1
1855,1
1856,1
1874,1
1875,1
1876,1
1878,1
1879,1
1880,1
1881,1
1882,1
1884,1
1885,1
1886,1
1887,1
1888,1
1889,1
1890,1
1891,1
1892,1
1893,1
1894,1
1895,1
1896,1
1897,1
1899,1
1900,1
1901,1
1902,1
1903,1
1905,1
1906,1
1907,1
1908,1
1909,1
1910,1
1911,1
1937,1
1938,1
1939,1
1940,1
1941,1
1943,1
1944,1
1945,1
1946,1
1947,1
1949,1
1950,1
1951,1
1953,1
1954,1
1955,1
1956,1
1957,1
1958,1
1959,1
1960,1
1961,1
1966,1
1967,1
1968,1
1970,1
1971,1
1972,1
1973,1
1974,1
1975,1
1976,1
1977,1
1978,1
1979,1
1980,1
1981,1
1982,1
1983,1
1984,1
2008,1
2009,1
2010,1
2011,1
2012,1
2013,1
2014,1
2015,1
2016,1
2017,1
2018,1
2019,1
2020,1
2021,1
2022,1
2023,1
2024,1
2025,1
2026,1
2027,1
2028,1
2029,1
2031,1
2032,1
2033,1
2034,1
2035,1
2036,1
2037,1
2051,1
2052,1
2053,1
2228,1
2229,1
2230,1
2231,1
2232,1
2233,1
2234,1
2235,1
2236,1
2237,1
2238,1
2239,1
2240,1
2241,1
2242,1
2243,1
2244,1
2245,1
2246,1
2247,1
2248,1
2249,1
2255,1
2256,1
2257,1
2258,1
2259,1
2260,1
2261,1
2273,1
2274,1
2275,1
2276,1
2277,1
2278,1
2279,1
2280,1
2312,1
2313,1
2314,1
3868,1
3869,1
3870,1
3871,1
3872,1
3873,1
3874,1
3875,1
3876,1
3877,1
3878,1
3879,1
10865,1
10866,1
10867,1
10868,1
10869,1
10870,1
10871,1
10872,1
10873,1
10874,1
10875,1
10876,1
10877,1
10878,1
10879,1
10880,1
10881,1
10882,1
10883,1
10884,1
10885,1
10886,1
10887,1
10888,1
10889,1
10890,1
10891,1
10892,1
10893,1
10894,1
10900,1
10901,1
10902,1
10903,1
10904,1
10905,1
10906,1
10907,1
10908,1
10909,1
10910,1
10911,1
10928,1
10929,1
10930,1
10931,1
10932,1
10933,1
10934,1
10935,1
10936,1
10937,1
10938,1
10939,1
10940,1
10941,1
10942,1
10943,1
10944,1
10945,1
10946,1
10947,1
10948,1
10949,1
10950,1
10951,1
10952,1
10953,1
10954,1
10955,1
10956,1
10957,1
10958,1
10959,1
10960,1
10961,1
10962,1
10963,1
10964,1
10965,1
10966,1
10967,1
10968,1
10974,2
10975,2
10976,2
10977,2
10978,2
10979,2
10980,2
10981,2
10982,2
10983,2
10984,2
10985,2
10986,2
10988,2
10989,2
10990,2
10991,2
10992,2
10993,2
10994,2
10995,2
10996,2
10997,2
10998,2
10999,2
11000,2
11001,2
11002,2
11003,2
11004,2
11036,2
11037,2
11038,2
11039,2
11040,2
11041,2
11042,2
11043,2
11044,2
11045,2
11046,2
11047,2
11048,2
11313,3
11314,3
11315,3
11316,3
11317,3
11318,3
11319,3
11320,3
11321,3
11322,3
11323,3
11324,3
11325,3
11326,3
11327,3
11328,3
11329,3
11331,3
11332,3
11333,3
11334,3
11335,3
11336,3
11337,3
11338,3
11339,3
11354,1
11355,1
11356,1
11357,1
11358,1
11359,1
11360,1
11361,1
11362,1
11363,1
11364,1
11365,1
11366,1
11372,1
11373,1
11374,1
11375,1
11376,1
11377,1
11378,1
11379,1
11380,1
11381,1
11382,1
11383,1
11384,1
11404,1
11405,1
11406,1
11407,1
11408,1
11409,1
11410,1
11411,1
11412,1
11441,4
11442,4
11443,4
11444,4
11445,4
11446,4
11447,4
11448,4
11449,4
11450,4
11451,4
11452,4
11453,4
11454,4
11455,4
11456,4
11457,4
11467,4
11468,4
11497,1
11498,1
11499,1
11500,1
11501,1
11502,1
11503,1
11504,1
11505,1
11506,1
11507,1
11508,1
11509,1
11573,1
11574,1
11575,1
11576,1
11577,1
11578,1
11579,1
11580,1
11581,1
11582,1
11583,1
11584,1
11585,1
11586,1
11587,1
11588,1
11589,1
11590,1
11591,1
11592,1
11593,1
11594,1
11595,1
11596,1
11597,1
24701,1
24702,1
24703,1
24704,1
24705,1
24706,1
24707,1
24708,1
24709,1
24710,1
24711,1
24712,1
24713,1
24714,1
24715,1
24716,1
24717,1
24718,1
24719,1
24720,1
24721,1
24722,1
24723,1
24724,1
24725,1
24726,1
24727,1
24728,1
24729,1
24730,1
24731,1
24732,1
24733,1
24734,1
24735,1
24736,1
24737,1
24738,1
24739,1
24740,1
24741,1
24742,1
24743,1
24744,1
24745,1
24746,1
24747,1
24748,1
24749,1
24750,1
24751,1
24752,1
24753,1
24754,1
24755,1
24756,1
24757,1
24758,1
24759,1
24760,1
24761,1
24762,1
24763,1
24764,1
24765,1
24766,1
24767,1
24768,1
24769,1
24770,1
24771,1
24772,1
24773,1
24774,1
24775,1
24776,1
24777,1
24778,1
24779,1
24780,1
24781,1
24782,1
24783,1
24784,1
24785,1
24786,1
24787,1
24788,1
24789,1
24790,1
24791,1
24792,1
24793,1
24794,1
24795,1
24796,1
24797,1
24798,1
24799,1
24800,1
24801,1
24802,1
24813,1
24814,1
24815,1
24816,1
24817,1
24818,1
25582,1
25583,1
25584,1
25585,1
25586,1
25587,1
25588,1
25589,1
25590,1
25591,1
25592,1
25593,1
25594,1
25595,1
25596,1
25597,1
25598,1
25734,1
25735,1
25736,1
25737,1
25738,1
25739,1
25740,1
25741,1
25742,1
25743,1
25744,1
25745,1
25746,1
25747,1
25748,1
25749,1
25750,1
25751,1
25752,1
25753,1
25754,1
25755,1
25756,1
25757,1
25759,3
25760,3
25761,3
25762,3
25763,3
25764,3
25765,3
25766,3
25767,3
25768,3
25769,3
25770,3
25771,3
25773,3
25774,3
25775,3
25776,3
25777,3
25790,3
25791,3
25792,3
25793,3
25794,3
25795,3
25796,3
25914,3
25915,3
25916,3
25917,3
25918,3
25919,3
25920,3
25922,2
25923,2
25924,2
25925,2
25926,2
25934,2
25935,2
25936,2
25937,2
25938,2
25939,2
25940,2
25941,2
25942,2
25943,2
26025,1
26026,1
26027,1
26028,1
26029,1
26030,1
26031,1
26032,1
26033,3
26034,3
26035,3
26036,3
26037,3
26038,3
26039,4
26040,4
26041,4
26042,4
26043,4
26045,1
26046,1
26047,1
26048,1
26049,1
26050,1
26051,1
26052,1
26053,1
26059,3
26060,3
26061,3
26062,3
26063,3
26064,3
26085,3
26086,3
26087,3
26093,1
26094,1
26095,1
26096,1
26097,1
26098,1
26099,1
26100,1
26101,1
26102,1
26103,1
26104,1
26105,1
26106,1
26112,1
26113,1
26114,1
26115,1
26116,1
26117,1
26139,1
26140,1
26141,1
26142,1
26143,1
26144,1
26145,1
26146,1
26147,1
26148,1
26149,1
26155,2
26156,2
26157,2
26158,2
26159,2
26160,2
26173,2
26174,2
26175,2
26176,2
26177,2
26178,2
26179,2
26180,2
26182,2
26183,2
26184,2
26185,2
26186,2
26187,2
26188,2
26189,2
26190,2
26191,2
26192,2
26193,2
26194,2
26195,2
26196,2
26197,2
26198,2
26199,2
26200,2
26201,2
26202,2
31301,2
31302,2
31303,2
31304,2
31305,2
31306,2
31307,2
31308,2
31309,2
31310,2
31311,2
31312,2
31313,2
31314,2
31315,2
31316,2
31317,2
31323,2
31324,2
31325,2
31326,2
31327,2
31328,2
31329,2
31330,2
31331,2
31332,2
31333,2
31334,2
31335,2
31336,2
31337,2
31338,2
31339,2
31340,2
31341,2
31342,2
31343,2
31344,2
31345,2
31346,2
31347,2
31348,2
31349,2
31350,2
31351,2
31352,2
31353,2
31354,2
31355,2
31356,2
31357,2
31358,2
31359,2
31360,2
31361,2
31362,2
31363,2
31364,2
31365,2
31371,2
31372,2
31373,2
31374,2
31375,2
31376,2
31377,2
31378,2
31498,2
31499,2
31500,2
31501,2
31502,2
31503,2
31504,2
31505,2
31506,2
31507,2
31513,1
31514,1
31515,1
31516,1
31517,1
31518,1
31519,1
31520,1
31521,1
31522,1
31523,1
31524,1
31525,1
31526,1
31527,1
31528,1
31529,1
31530,1
31531,1
31532,1
31533,1
31534,1
31535,1
31666,4
31667,4
31668,4
31669,4
31670,4
31675,4
31676,4
31677,4
31678,4
31679,4
31685,2
31686,2
31687,2
31688,2
31689,2
31690,2
31782,1
31783,1
31784,1
31785,1
31786,1
31796,1
31797,1
31825,1
31826,1
31827,1
31828,1
31829,1
31835,1
31836,1
31902,2
31903,2
31904,2
31905,2
31906,2
31908,2
31916,1
31917,1
31918,1
31919,1
31920,1
31921,1
31922,1
31923,1
31929,1
31930,1
31931,1
31932,1
31933,1
31934,1
31954,3
31955,3
31956,3
31957,3
31958,3
31959,3
32076,2
32077,2
32078,2
32079,2
32080,2
32081,2
32082,2
32083,2
32084,2
32085,2
32091,2
32092,2
32093,2
32094,2
32095,2
32096,2
32097,2
32098,2
32099,2
32100,2
32121,2
32122,2
32123,2
32124,2
32125,2
32126,2
32127,2
32128,2
32129,2
32130,2
32136,2
32137,2
32138,2
32139,2
32140,2
32141,2
32142,2
32143,2
32144,2
32145,2
32151,2
32152,2
32153,2
32154,2
32155,2
32156,2
32157,2
32158,2
32159,2
32160,2
32166,2
32167,2
32168,2
32169,2
32170,2
32171,2
32172,2
32173,2
32174,2
32175,2
32197,2
32198,2
32199,2
32200,2
32201,2
32202,2
32203,2
32204,2
32205,2
32206,2
38747,7
38748,7
38749,7
38750,7
38751,7
38756,7
38757,7
38758,7
38759,7
38760,7
38761,7
38762,7
38771,7
38772,7
38773,7
38774,7
38775,7
38776,7
38777,7
38779,7
38780,7
38781,7
38782,7
38783,7
38784,7
38785,7
38807,2
38808,2
38809,2
38810,2
38811,2
38812,2
38813,2
38814,2
38815,2
38821,2
38822,2
38823,2
38824,2
38825,2
38826,2
38827,2
38828,2
38835,2
38836,2
38842,2
38843,2
38844,2
38845,2
38846,2
38851,2
38852,2
38853,2
38854,2
38855,2
38857,2
38858,2
38859,2
38860,2
38861,2
38862,2
38863,2
38864,2
38865,2
38866,2
38867,2
38868,2
38869,2
38963,2
38964,2
38965,2
38966,2
39022,2
39023,2
39024,2
39025,2
39026,2
39027,2
39028,2
39029,2
39030,2
39031,2
39032,2
39033,2
39039,2
39040,2
39041,2
39042,2
39043,2
39044,2
39045,2
39046,2
39047,2
39048,2
39049,2
39050,2
39051,2
39052,2
39053,2
39054,2
39055,2
39056,2
39057,2
39058,2
39059,2
39060,2
39061,2
39062,2
39063,2
39064,2
39065,2
39066,2
39067,2
39068,2
39069,2
39070,2
39071,2
39072,2
39073,2
39074,2
39075,2
39076,2
39077,2
39078,2
39079,2
39080,2
39081,2
39082,2
39083,2
39084,2
39085,2
39086,2
39087,2
39088,2
39089,2
39090,2
39091,2
39092,2
39093,2
39094,2
39095,2
39096,2
39097,2
39098,2
39099,2
39100,2
39101,2
39102,2
39103,2
39104,2
39105,2
39118,2
39119,2
39120,2
39121,2
39122,2
39123,2
39124,2
39125,2
39131,2
39132,2
39133,2
39134,2
39135,2
39136,2
39137,2
39138,2
39264,2
39265,2
39266,2
39267,2
39268,2
39269,2
39270,2
39271,2
39272,2
39273,2
39274,2
39275,2
39276,2
39277,2
39278,2
39279,2
39280,2
39281,2
39282,2
39283,2
39284,2
39285,2
39286,2
39287,2
39288,2
39289,2
39290,2
39291,2
39292,2
39312,2
39313,2
39314,2
39315,2
39316,2
39317,2
39318,2
39319,2
39320,2
39321,2
39327,2
39328,2
39329,2
39330,2
39331,2
39332,2
39333,2
39334,2
39335,2
39336,2
