9644,1
9645,1
9646,1
9647,1
9648,1
9649,1
9650,1
9651,1
9652,1
9653,1
9654,1
9655,1
9656,1
9657,1
9658,1
9659,1
9660,1
9661,1
9662,1
9663,1
9664,1
9665,1
9666,1
9667,1
9668,1
9669,1
9670,1
9671,1
9672,1
9673,1
9674,1
9675,1
9676,1
9677,1
9678,1
9679,1
9680,1
9681,1
9682,1
9683,1
9684,1
9685,1
9686,1
9687,1
9688,1
9689,1
9690,1
9691,1
9692,1
9693,1
9694,1
9695,1
9696,1
9697,1
9698,1
9699,1
9700,1
9701,1
9702,1
9703,1
9704,1
9705,1
9706,1
9707,1
9708,1
9709,1
9710,1
9711,1
9712,1
9713,1
9714,1
9715,1
9716,1
9717,1
9718,1
9719,1
9720,1
9721,1
9722,1
9723,1
11352,1
11353,1
11354,1
11355,1
11356,1
11357,1
11358,1
11359,1
11360,1
11361,1
11362,1
11363,1
11364,1
11365,1
11366,1
11367,1
11368,1
11370,1
11371,1
11372,1
11373,1
11374,1
11375,1
11376,1
11377,1
11378,1
11393,1
11394,1
11395,1
11396,1
11397,1
11398,1
11399,1
11400,1
11401,1
11402,1
11403,1
11404,1
11405,1
11411,1
11412,1
11413,1
11414,1
11415,1
11416,1
11417,1
11418,1
11419,1
11420,1
11421,1
11422,1
11423,1
11443,1
11444,1
11445,1
11446,1
11447,1
11448,1
11449,1
11450,1
11451,1
11515,1
11516,1
11517,1
11518,1
11519,1
11520,1
11521,1
11522,1
11523,1
11524,1
11525,1
11526,1
11527,1
11528,1
11529,1
11530,1
11531,1
11532,1
11614,1
11615,1
11616,1
11617,1
11618,1
11619,1
11620,1
11621,1
11622,1
11623,1
11624,1
11625,1
11626,1
11627,1
11628,1
11629,1
11630,1
11631,1
11632,1
11633,1
11634,1
11635,1
11636,1
11637,1
11638,1
11644,3
11645,3
11646,3
11647,3
11648,3
11649,3
11650,3
11651,3
11652,3
11653,3
11654,3
11655,3
11656,3
11662,1
11663,1
11664,1
11665,1
11666,1
11667,1
11668,1
11669,1
11670,1
11671,1
11672,1
11673,1
11674,1
11680,2
11681,2
11682,2
11683,2
11684,2
11685,2
12327,1
12328,1
12329,1
12330,1
12331,1
12332,1
12333,1
12334,1
12335,1
12336,1
12337,1
12343,1
12344,1
12345,1
12346,1
12347,1
12348,1
12349,1
12350,1
12351,1
12352,1
12353,1
12354,1
12373,1
12374,1
12375,1
12376,1
12377,1
12378,1
12379,1
12380,1
12381,1
12382,1
12383,1
12384,1
12385,1
12386,1
12387,1
12388,1
12389,1
12390,1
12391,1
12392,1
12394,1
12395,1
12396,1
12397,1
12398,1
12399,1
12400,1
12401,1
12402,1
12403,1
12404,1
12405,1
12406,1
12416,1
12417,1
12418,1
12419,1
17563,2
17564,2
17565,2
17566,2
17567,2
17584,2
17585,2
17586,2
17592,1
17593,1
17594,1
17595,1
17596,1
17597,1
17598,1
17610,1
17611,1
17612,1
18096,1
18097,1
18098,1
18099,1
18100,1
18101,1
18102,1
18103,1
18104,1
18105,1
18106,1
18107,1
18108,1
18109,1
18110,1
18111,1
18112,1
18113,1
18114,1
18115,1
18116,1
18117,1
18118,1
18119,1
18120,1
18121,1
18122,1
18123,1
18124,1
18125,1
18126,1
18134,1
18135,1
18136,1
18137,1
18138,1
18139,1
18140,1
18146,1
18147,1
18148,1
18149,1
18150,1
18152,1
18153,1
18154,1
18311,1
18312,1
18313,1
18314,1
18315,1
18316,1
18317,1
18318,1
18319,1
18320,1
18321,1
18322,1
18323,1
18324,1
18325,1
18326,1
18327,1
18328,1
18329,1
18330,1
18331,1
18333,1
18334,1
18335,1
18336,1
18337,1
18338,1
18339,1
18340,1
18342,1
18343,1
18344,1
18345,1
18346,1
18347,1
18348,1
18349,1
18350,1
18351,1
18352,1
18624,1
18625,1
18626,1
18632,4
18633,4
18634,4
18635,4
18636,4
18637,4
18638,4
18639,4
18640,4
18641,4
18642,4
18644,2
18645,2
18646,2
18647,2
18648,2
18649,2
18650,2
18651,2
18653,2
18654,2
18655,2
18656,2
18657,2
18658,2
18659,2
18666,2
18667,2
18668,2
18669,2
18693,2
18694,2
18695,2
18696,2
18697,2
18698,2
18699,2
18708,2
18709,2
18710,2
18711,2
18712,2
18713,2
18714,2
18716,1
18717,1
18718,1
18719,1
18720,1
18722,1
18723,1
18724,1
18725,1
18726,1
18727,1
18729,1
18730,1
18731,1
18732,1
18733,1
18734,1
18735,4
18736,4
18737,4
18738,4
18749,4
18750,4
18751,4
18757,1
18758,1
18759,1
18760,1
18761,1
18762,1
18763,1
18764,1
18765,1
18798,1
18799,1
18800,1
18801,1
18802,1
18803,1
18804,1
18805,1
18806,1
18807,1
18808,1
18809,1
18811,1
18812,1
18813,1
18814,1
18815,1
18816,1
18817,1
19117,1
19118,1
19119,1
19120,1
19121,1
19122,1
19123,1
19124,1
19125,1
19126,1
19127,1
19128,1
19129,1
19130,1
19131,1
19132,1
19159,1
19160,1
19161,1
19162,1
19163,1
19164,1
19165,1
19166,1
19167,1
19168,1
19169,1
19170,1
19171,1
19172,1
19173,1
19174,1
19175,1
19176,1
19177,1
19178,1
19179,1
19180,1
19181,1
19182,1
19183,1
19184,1
19185,1
19186,1
19187,1
19188,1
19189,1
19190,1
19191,1
19192,1
19193,1
19194,1
19195,1
19196,1
19197,1
19198,1
19199,1
19200,1
19201,1
19202,1
19203,1
19204,1
19205,1
19220,1
19221,1
19222,1
19223,1
19224,1
19225,1
19226,1
19227,1
19228,1
19229,1
19230,1
19232,1
19233,1
19234,1
19235,1
19236,1
19237,1
19238,1
19239,1
19240,1
19241,5
19242,5
19243,5
19245,4
19246,4
19247,4
19248,4
19249,4
19250,4
19251,4
19252,4
19253,4
19254,4
19255,4
19256,4
19257,4
19258,4
19259,4
19261,1
19262,1
19263,1
19264,1
19265,1
19266,1
19267,1
19268,1
19269,1
19270,1
19271,1
19272,1
19273,1
19274,1
19275,1
19276,1
19277,1
19278,1
19279,1
19341,1
19342,1
19343,1
19344,1
19345,1
19346,1
19347,1
19359,1
19360,1
19361,1
19362,1
19363,1
19364,1
19365,1
19366,1
19398,1
19399,1
19400,1
30999,1
31000,1
31001,1
31002,1
31003,1
31004,1
31005,1
31006,1
31007,1
31008,1
31009,1
31010,1
31011,1
31012,1
31013,1
31014,1
31015,1
31016,1
31017,1
31018,1
31019,1
31020,1
31021,1
31055,1
31056,1
31057,1
31058,1
31059,1
31061,1
31062,1
31063,1
31155,1
31156,1
31157,1
31158,1
31159,1
31164,1
31165,1
31166,1
31167,1
31168,1
31185,1
31186,1
31187,1
31188,1
31189,1
31190,1
31314,1
31315,1
31316,1
31317,1
31318,1
31320,1
31321,1
31325,1
31326,1
31327,1
31450,1
31451,1
31452,1
31453,1
31454,1
31455,1
38182,4
38183,4
38184,4
38185,4
38186,4
38191,4
38192,4
38193,4
38194,4
38195,4
38196,4
38197,4
38206,4
38207,4
38208,4
38209,4
38210,4
38211,4
38212,4
38214,1
38215,1
38216,1
38217,1
38218,1
38219,1
38220,1
38221,3
38222,3
38223,3
38224,3
