1524,10
1525,10
1526,10
1527,10
1528,10
1529,10
1546,1
1547,1
1548,1
1549,1
1550,1
1551,1
1552,1
1553,1
1554,1
1555,1
1556,1
1557,1
1561,1
1562,1
1563,1
1607,1
1608,1
1609,1
1610,1
1611,1
1612,1
1613,1
1614,1
1615,1
1616,1
1617,1
1618,1
1619,1
1620,4
1621,4
1622,4
1623,4
1625,3
1626,3
1627,3
1628,3
1629,3
1630,3
1631,3
1632,3
1633,3
1634,3
1635,3
1637,1
1638,1
1639,1
1640,1
1641,1
1642,1
1643,1
1644,1
1645,1
1646,1
1647,1
1648,1
1663,1
1664,1
1665,1
1666,1
1667,1
1668,1
1669,1
1670,1
1671,1
1672,1
1673,1
1674,1
1675,1
1676,1
1677,1
1678,1
1679,1
1680,1
1681,1
1682,1
1689,1
1690,1
1691,1
1692,1
1693,1
1694,1
1695,1
1696,1
1697,1
1698,1
1699,1
1700,1
1701,1
1702,1
1703,1
1704,1
1705,1
1706,1
1707,1
1708,1
1709,1
1710,3
1711,3
1712,3
1713,3
1714,3
1716,3
1717,3
1718,3
1719,3
1720,3
1721,3
1722,3
1723,3
1724,3
1725,3
1726,3
1727,3
1728,3
1734,3
1735,3
1736,3
1737,3
1738,3
1739,3
1740,3
1759,3
1760,3
1761,3
1762,3
1763,3
1764,3
1765,3
1767,3
1768,3
1769,3
1790,3
1791,3
1792,3
1793,3
1794,3
1795,3
1796,3
1797,2
1814,2
1815,2
1816,2
1849,2
1850,2
1868,1
1869,1
1870,1
1872,1
1873,1
1874,1
1875,1
1876,1
1877,1
1878,1
1879,1
1938,1
1939,1
1940,1
1941,1
1942,1
1944,1
1945,1
1946,1
1948,1
1949,1
1950,1
1951,1
1952,1
1953,1
1954,1
1955,1
1956,1
1961,1
1962,1
1963,1
1965,3
1966,3
1967,3
1968,3
1969,3
1970,3
1971,3
1972,3
1973,3
1974,3
1975,3
1976,3
1977,3
1978,3
1979,3
2005,3
2006,3
2007,3
2008,3
2009,3
2010,3
2011,3
2012,3
2013,3
2014,3
2015,3
2016,3
2017,3
2018,3
2019,3
2020,3
2021,3
2022,3
2023,3
2024,3
2025,3
2026,3
2028,1
2029,1
2030,1
2031,1
2032,1
2033,1
2034,1
2036,2
2037,2
2038,2
2039,2
2040,2
2041,2
2042,2
2043,2
2044,2
2045,2
2046,2
2048,1
2049,1
2050,1
2227,1
2228,1
2229,1
2230,1
2231,1
2232,1
2233,1
2234,1
2235,1
2236,1
2237,1
2238,1
2239,1
2240,1
2241,1
2242,1
2243,1
2244,1
2245,1
2246,1
2247,1
2248,1
2254,3
2255,3
2256,3
2257,3
2258,3
2259,3
2260,3
2272,3
2273,3
2274,3
2275,3
2276,3
2277,3
2278,3
2279,3
2311,3
2312,3
2313,3
3857,1
3858,1
3859,1
3860,1
3861,1
3862,1
3863,1
3864,1
3865,1
3866,1
3867,1
3868,1
5977,1
5978,1
5979,1
5980,1
5981,1
5982,1
5983,1
5984,1
5985,1
5986,1
5987,1
5988,1
5989,1
5990,1
5991,1
5992,1
5993,1
5994,1
5995,1
5996,1
5997,1
5998,1
5999,1
6004,1
6005,1
6006,1
6007,1
6008,1
6009,1
6010,1
6011,1
6012,1
6013,1
6014,1
6015,1
6016,1
6017,1
6018,1
6019,1
6020,1
6021,1
6022,1
6023,1
6024,1
6025,1
6026,1
6027,1
6028,1
6029,1
6030,1
6031,1
6032,1
6033,1
6034,1
6035,1
10904,1
10905,1
10906,1
10907,1
10908,1
10909,1
10910,1
10911,1
10912,1
10913,1
10914,1
10915,1
10916,1
10917,1
10918,1
10919,1
10920,1
10921,1
10922,1
10923,1
10924,1
10925,1
10926,1
10927,1
10928,1
10929,1
10930,1
10931,1
10932,1
10933,1
10934,1
10935,1
10941,1
10942,1
10943,1
10944,1
10945,1
10946,1
10947,1
10948,1
10949,1
10950,1
10951,1
10952,1
10958,1
10959,1
10960,1
10961,1
10962,1
10963,1
11275,1
11276,1
11277,1
11278,1
11279,1
11280,1
11281,1
11282,1
11283,1
11284,1
11285,1
11286,1
11287,1
11288,1
11289,1
11290,1
11291,1
11292,1
11293,1
11294,1
11295,1
11296,1
11297,1
11298,1
11307,1
11308,1
11309,1
11310,1
11311,1
11312,1
11313,1
11314,1
11315,1
11316,4
11317,4
11318,4
11319,4
11321,3
11322,3
11323,3
11324,3
11325,3
11326,3
11327,3
11328,3
11329,3
11330,3
11331,3
11340,3
11341,3
11343,1
11344,1
11345,1
11346,1
11352,6
11353,6
11354,6
11355,6
11356,6
11357,6
11358,6
11359,6
11360,6
11361,6
11362,6
11363,6
11364,6
11365,6
11366,6
11367,6
11368,6
11370,6
11371,6
11372,6
11373,6
11374,6
11375,6
11376,6
11377,6
11378,6
11393,3
11394,3
11395,3
11396,3
11397,3
11398,3
11399,3
11400,3
11401,3
11402,3
11403,3
11404,3
11405,3
11411,1
11412,1
11413,1
11414,1
11415,1
11416,1
11417,1
11418,1
11419,1
11420,1
11421,1
11422,1
11423,1
11443,1
11444,1
11445,1
11446,1
11447,1
11448,1
11449,1
11450,1
11451,1
11480,7
11481,7
11482,7
11483,7
11484,7
11485,7
11486,7
11487,7
11488,7
11489,7
11490,7
11491,7
11492,7
11493,7
11494,7
11495,7
11496,7
11498,1
11499,1
11500,1
11501,1
11502,1
11503,1
11505,6
11507,1
11508,7
11509,7
11538,1
11539,1
11540,1
11541,1
11542,1
11543,1
11544,1
11545,1
11546,1
11547,1
11548,1
11549,1
11550,1
11614,1
11615,1
11616,1
11617,1
11618,1
11619,1
11620,1
11621,1
11622,1
11623,1
11624,1
11625,1
11626,1
11627,1
11628,1
11629,1
11630,1
11631,1
11632,1
11633,1
11634,1
11635,1
11636,1
11637,1
11638,1
11662,2
11663,2
11664,2
11665,2
11666,2
11667,2
11668,2
11669,2
11670,2
11671,2
11672,2
11673,2
11674,2
25232,1
25233,1
25234,1
25235,1
25236,1
25237,1
25238,4
25239,4
25240,4
25241,4
25242,4
25244,3
25245,3
25246,3
25247,3
25248,3
25249,3
25250,3
25251,3
25252,3
25253,3
25254,3
25255,3
25256,3
25257,3
25258,3
25259,3
25260,3
25261,3
25262,3
25291,3
25292,3
25293,3
25294,3
25295,3
25296,3
25297,3
25298,3
25299,3
25300,3
25301,3
25302,3
25303,3
25304,3
25305,3
25306,3
25307,3
25308,3
25309,3
25310,3
25311,3
25312,3
25313,3
25314,3
25315,3
25316,3
25317,3
25318,3
25319,3
25320,3
25321,3
25322,3
25323,3
25324,3
25325,3
25326,3
25327,3
25329,1
25330,1
25331,1
25332,1
25349,3
25350,3
25351,3
25353,1
25354,1
25355,1
25361,1
25362,1
25363,1
25364,1
25365,1
25366,1
25367,1
25368,1
25369,1
25370,1
25371,1
25372,1
25373,1
25374,1
25375,1
25376,1
25377,1
25378,1
25379,1
25380,1
25381,1
25382,1
25383,2
25384,2
25385,2
25386,2
25387,2
25389,1
25390,1
25391,1
25392,1
25393,1
25394,1
25395,1
25396,1
25397,1
25398,1
25399,1
25400,1
25401,1
25403,1
25404,1
25405,1
25406,1
25407,1
25418,1
25419,1
25420,1
25421,1
25422,1
25423,1
25424,1
25543,1
25544,1
25545,1
25546,1
25547,1
25548,1
25549,1
25551,1
25552,1
25553,1
25554,1
25555,1
25557,1
25558,1
25559,1
25560,1
25561,1
25572,1
25573,1
25574,1
25575,1
25576,1
25577,1
25578,1
25579,1
25580,1
25644,1
25645,1
25646,1
25647,1
25648,1
25649,1
25650,1
25651,1
25661,1
25662,1
25663,1
25664,1
25665,1
25666,1
25667,1
25668,1
25670,1
25671,1
25672,1
25673,1
25674,1
25675,1
25676,1
25677,1
25678,1
25684,1
25685,1
25686,1
25687,1
25688,1
25689,1
25708,1
25709,1
25710,1
25716,1
25717,1
25718,1
25719,1
25720,1
25721,1
25722,1
25723,1
25724,1
25725,1
25726,1
25727,1
25728,1
25729,1
30984,3
30985,3
30986,3
30987,3
30988,3
30989,3
30990,3
30991,3
30992,3
30993,3
30999,3
31000,3
31001,3
31002,3
31003,3
31004,3
31005,3
31006,3
31007,3
31008,3
31009,3
31010,3
31011,3
31012,3
31013,3
31014,3
31015,3
31016,3
31017,3
31018,3
31019,3
31020,3
31021,3
31155,4
31156,4
31157,4
31158,4
31159,4
31164,4
31165,4
31166,4
31167,4
31168,4
31185,1
31186,1
31187,1
31188,1
31189,1
31190,1
31271,1
31272,1
31273,1
31274,1
31275,1
31285,1
31286,1
31314,6
31315,6
31316,6
31317,6
31318,6
31320,4
31321,4
31323,2
31325,4
31326,6
31327,6
31411,1
31412,1
31413,1
31414,1
31415,1
31416,1
31417,1
31418,1
31424,1
31425,1
31426,1
31427,1
31428,1
31429,1
31450,3
31451,3
31452,3
31453,3
31454,3
31455,3
38182,14
38183,14
38184,14
38185,14
38186,14
38191,14
38192,14
38193,14
38194,14
38195,14
38196,14
38197,14
38206,14
38207,14
38208,14
38209,14
38210,14
38211,14
38212,14
38214,8
38215,8
38216,8
38217,8
38218,8
38219,8
38220,8
38221,6
38222,6
38223,6
38224,6
