10969,2
10970,2
10971,2
10972,2
10973,2
10974,2
10975,2
10976,2
10977,2
10978,2
10979,2
10980,2
10981,2
10982,2
10983,2
10984,2
10985,2
10986,2
10987,2
10988,2
10989,2
10990,2
10991,2
10992,2
10993,2
10994,2
10995,2
10996,2
10997,2
10998,2
10999,2
11000,2
11001,2
11002,2
11003,2
11004,2
11005,2
11006,2
11007,2
11013,3
11014,3
11015,3
11016,3
11017,3
11018,3
11019,3
11020,3
11021,3
11022,3
11023,3
11024,3
11025,3
11039,3
11040,3
11041,3
11042,3
11043,3
11075,3
11076,3
11077,3
11078,3
11079,3
11080,3
11081,3
11082,3
11083,3
11084,3
11085,3
11086,3
11087,3
11093,3
11094,3
11095,3
11096,3
11097,3
11098,3
11099,3
11100,3
11101,3
11102,3
11103,3
11104,3
11105,3
11106,3
11107,3
11108,3
11109,3
11110,3
11137,3
11138,3
11139,3
11140,3
11141,3
11142,3
11143,3
11144,3
11145,3
11146,3
11147,3
11148,3
11149,3
11150,3
11151,3
11152,3
11153,3
11154,3
11155,3
11156,3
11157,3
11158,3
11159,3
11160,3
11161,3
11393,3
11394,3
11395,3
11396,3
11397,3
11398,3
11399,3
11400,3
11401,3
11402,3
11403,3
11404,3
11405,3
11429,2
11430,2
11431,2
11432,2
11433,2
11434,2
11435,2
11436,2
11437,2
11538,2
11539,2
11540,2
11541,2
11542,2
11543,2
11544,2
11545,2
11546,2
11547,2
11548,2
11549,2
11550,2
12605,1
12606,1
12607,1
12608,1
12609,1
12610,1
12611,1
12612,1
12613,1
12614,1
12615,1
12616,1
12617,1
12618,1
12619,1
12620,1
12621,1
12622,1
12623,1
12624,1
12625,1
12626,1
12627,1
12628,1
12629,1
12630,1
12631,1
12632,1
12633,1
12634,1
12635,1
12636,1
12637,1
12638,1
12639,1
12640,1
12641,1
12642,1
12643,1
12644,1
12645,1
12646,1
12647,1
12648,1
12649,1
12650,1
12651,1
12652,1
12653,1
12654,1
12655,1
12656,1
12657,1
12658,1
12659,1
12660,1
12661,1
12662,1
12663,1
12664,1
12665,1
12666,1
12667,1
12668,1
12669,1
12670,1
12671,1
12672,1
12673,1
12674,1
12675,1
12676,1
12677,1
12678,1
12679,1
12680,1
12681,1
12682,1
12683,1
12684,1
12685,1
12686,1
12687,1
12688,1
12689,1
12690,1
12691,1
12692,1
12693,1
12694,1
12695,1
12696,1
12697,1
12698,1
12699,1
12700,1
12701,1
12702,1
12703,1
12704,1
12705,1
12706,1
12707,1
12708,1
12709,1
12710,1
12711,1
12712,1
12713,1
12714,1
12715,1
12716,1
12717,1
12718,1
12719,1
12720,1
12721,1
12722,1
12723,1
12724,1
12725,1
12726,1
12727,1
12728,1
12729,1
12730,1
12731,1
12732,1
12733,1
12734,1
12735,1
12736,1
12737,1
12738,1
12739,1
12740,1
12741,1
12742,1
12743,1
12744,1
12745,1
12746,1
20997,1
20998,1
20999,1
21000,1
21001,1
21002,1
21003,1
21004,1
21005,1
21006,1
21007,1
21008,1
21009,1
21010,1
21011,1
21012,1
21013,1
21014,1
21015,1
21016,1
21017,1
21018,1
21019,1
21020,1
21021,1
21022,1
21023,1
21024,1
21025,1
21026,1
21027,1
21028,1
21029,1
21030,1
21031,1
21032,1
21033,1
21034,1
21035,1
21036,1
21037,1
21038,1
21039,1
21040,1
21041,1
21042,1
21043,1
21044,1
21045,1
21046,1
21047,1
21048,1
21049,1
21050,1
21051,1
21052,1
21053,1
21054,1
21055,1
21056,1
21057,1
21058,1
21059,1
21065,3
21066,3
21067,3
21068,3
21069,3
21070,3
21071,3
21073,3
21074,3
21075,3
21076,3
21077,3
21078,3
21079,3
21080,3
21081,3
21082,3
21083,3
21084,3
21086,3
21087,3
21088,3
21089,3
21090,3
21091,3
21092,3
21093,3
21094,3
21095,3
21096,3
21097,3
21098,3
21113,3
21114,3
21115,3
21116,3
21117,3
21171,3
21172,3
21173,3
21175,3
21176,3
21177,3
21178,3
21179,3
21180,3
21181,3
21182,3
21183,3
21184,3
21317,2
21318,2
21319,2
21320,2
21321,2
21322,2
21323,2
21324,2
21325,2
21326,2
21327,2
21328,2
21329,2
21330,2
21331,2
21332,2
21341,2
21342,2
21343,2
21344,2
21345,2
21346,2
21347,2
21348,2
21349,2
21350,2
21351,2
21352,2
21361,2
21362,2
21363,2
21364,2
21365,2
21366,2
21367,2
21369,2
21370,2
21371,2
21501,4
21502,4
21503,4
21504,4
21505,4
21506,4
21523,2
21524,2
21525,2
21526,2
21527,2
21528,2
21979,2
21980,2
21981,2
21982,2
21983,2
21984,2
21985,2
21986,2
21987,2
21988,2
21989,2
21990,2
21991,2
21992,2
21993,2
21994,2
21995,2
21996,2
21997,2
21998,2
21999,2
22000,2
22001,2
22002,2
22003,2
22004,2
22005,2
22006,2
22007,2
22008,2
22009,2
22010,2
22011,2
22012,2
22013,2
22014,2
22015,2
22016,2
22017,2
22018,2
22019,2
22020,2
22021,2
22022,2
22023,2
22025,2
22026,2
22027,2
22028,2
22029,2
22030,2
22031,2
22032,2
22033,2
22034,2
22035,2
22036,2
22037,2
22038,2
22039,2
22040,5
22041,5
22042,5
22043,5
22045,3
22046,3
22047,3
22048,3
22049,3
22050,3
22051,3
22052,3
22053,3
22054,3
22055,3
22056,3
22057,3
22058,3
22059,3
22060,3
22061,3
22087,3
22088,3
22089,3
22090,3
22091,3
22092,3
22093,3
22094,3
22095,3
22096,3
22097,3
22098,3
22099,3
22100,3
22101,3
22102,3
22103,3
22105,1
22106,1
22107,1
22108,1
22109,1
22110,1
22111,1
22112,3
22113,3
22115,2
22116,2
22117,2
22118,2
22119,2
22120,2
22121,2
22122,2
22123,2
22124,2
22125,2
22126,2
22127,2
22128,2
22129,2
22130,2
22131,2
22132,2
22133,2
22134,2
22135,2
22136,2
22142,2
22143,2
22144,2
22145,2
22146,2
22147,2
22148,2
22149,2
22150,2
22151,2
22152,2
22153,2
22154,2
22155,2
22156,2
22157,2
22158,2
22159,2
22160,2
22161,2
22162,2
22163,2
22164,2
22165,2
22166,2
22167,2
22168,2
22169,2
22170,2
22171,2
22172,2
22173,2
22174,2
22175,2
22176,2
22177,2
22178,2
22179,2
22180,2
22181,2
22567,2
22568,2
22569,2
22570,2
22571,2
22572,2
22573,2
22574,2
22575,2
22576,2
22577,2
22578,2
22579,2
22580,2
22581,2
22582,2
22583,2
22584,2
22586,2
22587,2
22588,2
22589,2
22590,2
22591,2
22592,2
22593,2
22594,2
22595,2
22596,2
22597,2
22598,2
22599,2
22723,2
22724,2
22725,2
22726,2
22727,2
22728,2
22729,2
22730,2
22731,2
22732,2
22733,2
22734,2
22735,2
22736,2
22737,2
22738,2
22739,2
22740,2
22741,2
22742,2
22743,2
22744,2
22745,4
22746,4
22747,4
22748,4
22749,4
22750,4
22751,4
22753,2
22754,2
22755,2
22766,2
22767,2
22768,2
22769,2
22770,2
22771,2
22772,2
22773,2
22774,2
22775,2
22776,2
22777,2
22778,2
22779,2
22780,2
22782,2
22783,2
22789,2
22790,2
22791,2
22792,2
22798,2
22799,2
22800,2
22801,2
22802,2
22804,2
22805,2
22806,2
22812,2
22813,2
22814,2
22815,2
22816,2
22817,2
22818,2
22819,2
22820,2
22822,2
22823,2
22824,2
22825,2
22826,2
22827,2
22828,2
22829,2
22835,2
22836,2
22837,2
22838,2
22839,2
22840,2
22841,2
22842,2
22843,2
30812,3
30813,3
30814,3
30815,3
30816,3
30817,3
30818,3
30819,3
30820,3
30821,3
30822,3
30823,3
30824,3
30825,3
30826,3
30827,3
30828,3
30829,3
30830,3
30831,3
30832,3
30833,3
30834,3
30835,3
30836,3
30837,3
30838,3
30839,3
30840,3
30841,3
30842,3
30843,3
30844,3
30845,3
30846,3
30847,3
30848,3
30849,3
30850,3
30851,3
30852,3
30853,3
30854,3
30860,3
30861,3
30862,3
30863,3
30864,3
30865,3
30866,3
30867,3
31155,8
31156,8
31157,8
31158,8
31159,8
31164,8
31165,8
31166,8
31167,8
31168,8
31185,6
31186,6
31187,6
31188,6
31189,6
31190,6
31314,3
31315,3
31316,3
31317,3
31318,3
31320,3
31321,3
31325,3
31326,3
31327,3
31396,3
31397,3
31398,3
31399,3
31400,3
31403,3
31404,3
31405,3
31450,6
31451,6
31452,6
31453,6
31454,6
31455,6
38253,3
38254,3
38255,3
38256,3
38257,3
38258,3
38259,3
38260,3
38261,3
38267,3
38268,3
38269,3
38270,3
38271,3
38272,3
38273,3
38274,3
38280,3
38283,3
38284,3
38290,3
38291,3
38292,3
38293,3
38294,3
38299,3
38300,3
38301,3
38302,3
38303,3
38305,3
38306,3
38307,3
38308,3
38309,3
38310,3
38311,3
38312,3
38313,3
38314,3
38315,3
38316,3
38317,3
38345,3
38346,3
38414,3
38415,3
38416,3
38417,3
40464,1
40465,1
40466,1
40467,1
40468,1
40469,1
40470,1
40476,1
40477,1
40478,1
40479,1
40480,1
40481,1
40482,1
40483,1
40484,1
40485,1
40486,1
40487,1
40488,1
40489,1
40490,1
40496,1
40497,1
40498,1
40499,1
40500,1
40501,1
40502,1
40503,1
40504,1
40505,1
40506,1
40507,1
40513,1
40514,1
40515,1
40516,1
40517,1
40518,1
40519,1
40520,1
