310,1
311,1
312,1
313,1
314,1
315,1
316,1
317,1
318,1
319,1
320,1
321,1
322,1
323,1
324,1
325,1
326,1
327,1
328,1
329,1
330,1
331,1
332,1
333,1
334,1
335,1
336,1
337,1
338,1
339,1
340,1
341,1
342,1
343,1
344,1
345,1
346,1
347,1
348,1
349,1
350,1
351,1
352,1
353,1
354,1
355,1
356,1
357,1
358,1
359,1
360,1
361,1
362,1
363,1
364,1
365,1
366,1
367,1
368,1
369,1
370,1
371,1
372,1
373,1
374,1
375,1
376,1
377,1
378,1
379,1
380,1
381,1
382,1
383,1
384,1
385,1
386,1
387,1
388,1
389,1
390,1
391,1
392,1
393,1
394,1
395,1
396,1
397,1
398,1
399,1
400,1
401,1
402,1
403,1
404,1
405,1
406,1
407,1
408,1
409,1
410,1
411,1
412,1
413,1
414,1
415,1
416,1
417,1
418,1
419,1
420,1
421,1
422,1
423,1
424,1
425,1
426,1
427,1
428,1
429,1
430,1
431,1
432,1
433,1
10969,1
10970,1
10971,1
10972,1
10973,1
10974,1
10975,1
10976,1
10977,1
10978,1
10979,1
10980,1
10981,1
10982,1
10983,1
10984,1
10985,1
10986,1
10987,1
10988,1
10989,1
10990,1
10991,1
10992,1
10993,1
10994,1
10995,1
10996,1
10997,1
10998,1
10999,1
11000,1
11001,1
11002,1
11003,1
11004,1
11005,1
11006,1
11007,1
11013,3
11014,3
11015,3
11016,3
11017,3
11018,3
11019,3
11020,3
11021,3
11022,3
11023,3
11024,3
11025,3
11027,3
11028,3
11029,3
11030,3
11031,3
11032,3
11033,3
11034,3
11035,3
11036,3
11037,3
11038,3
11039,3
11040,3
11041,3
11042,3
11043,3
11075,3
11076,3
11077,3
11078,3
11079,3
11080,3
11081,3
11082,3
11083,3
11084,3
11085,3
11086,3
11087,3
11275,3
11276,3
11277,3
11278,3
11279,3
11280,3
11281,3
11282,3
11283,3
11284,3
11285,3
11286,3
11287,3
11288,3
11289,3
11290,3
11291,3
11292,3
11293,3
11294,3
11295,3
11296,3
11297,3
11298,3
11300,1
11301,1
11302,1
11303,1
11304,1
11305,1
11306,1
11307,2
11308,2
11309,2
11310,2
11311,2
11312,2
11313,2
11314,2
11315,2
11316,8
11317,8
11318,8
11319,8
11321,6
11322,6
11323,6
11324,6
11325,6
11326,6
11327,6
11328,6
11329,6
11330,6
11331,6
11333,2
11334,2
11335,2
11336,2
11337,2
11338,2
11339,2
11340,6
11341,6
11343,2
11344,2
11345,2
11346,2
11352,2
11353,2
11354,2
11355,2
11356,2
11357,2
11358,2
11359,2
11360,2
11361,2
11362,2
11363,2
11364,2
11365,2
11366,2
11367,2
11368,2
11379,2
11380,2
11381,2
11382,2
11383,2
11384,2
11385,2
11386,2
11387,2
11393,2
11394,2
11395,2
11396,2
11397,2
11398,2
11399,2
11400,2
11401,2
11402,2
11403,2
11404,2
11405,2
11411,1
11412,1
11413,1
11414,1
11415,1
11416,1
11417,1
11418,1
11419,1
11420,1
11421,1
11422,1
11423,1
11443,1
11444,1
11445,1
11446,1
11447,1
11448,1
11449,1
11450,1
11451,1
11457,2
11458,2
11459,2
11460,2
11461,2
11462,2
11463,2
11464,2
11465,2
11466,2
11467,2
11468,2
11469,2
11470,2
11471,2
11472,2
11473,2
11474,2
11515,1
11516,1
11517,1
11518,1
11519,1
11520,1
11521,1
11522,1
11523,1
11524,1
11525,1
11526,1
11527,1
11528,1
11529,1
11530,1
11531,1
11532,1
11614,1
11615,1
11616,1
11617,1
11618,1
11619,1
11620,1
11621,1
11622,1
11623,1
11624,1
11625,1
11626,1
11627,1
11628,1
11629,1
11630,1
11631,1
11632,1
11633,1
11634,1
11635,1
11636,1
11637,1
11638,1
11662,2
11663,2
11664,2
11665,2
11666,2
11667,2
11668,2
11669,2
11670,2
11671,2
11672,2
11673,2
11674,2
12327,3
12328,3
12329,3
12330,3
12331,3
12332,3
12333,3
12334,3
12335,3
12336,3
12337,3
12343,3
12344,3
12345,3
12346,3
12347,3
12348,3
12349,3
12350,3
12351,3
12352,3
12353,3
12354,3
12373,3
12374,3
12375,3
12376,3
12377,3
12378,3
12379,3
12380,3
12381,3
12382,3
12383,3
12384,3
12385,3
12386,3
12387,3
12388,3
12389,6
12390,6
12391,6
12392,6
12394,5
12395,5
12396,5
12397,5
12398,5
12399,5
12400,5
12401,5
12402,5
12403,5
12404,5
12405,5
12406,5
12408,5
12409,5
12410,5
12411,5
12412,5
12413,5
12414,5
12416,2
12417,2
12418,2
12419,2
12420,3
12421,3
12423,1
12424,1
12425,1
17491,1
17492,1
17493,1
17494,1
17495,1
17496,1
17497,1
17498,1
17499,1
17500,1
17501,1
17502,1
17503,1
17504,1
17505,1
17506,1
17507,1
17563,3
17564,3
17565,3
17566,3
17567,3
17584,3
17585,3
17586,3
17592,1
17593,1
17594,1
17595,1
17596,1
17597,1
17598,1
17610,1
17611,1
17612,1
17677,3
17678,3
17679,3
17680,3
17681,3
17682,3
17684,3
17685,3
17686,3
17687,3
17688,3
17689,3
17690,3
17691,3
17692,3
17841,1
17842,1
17843,1
17844,1
17845,1
17846,1
17847,1
17848,1
17857,1
17858,1
17859,1
17860,1
17861,1
17862,1
17863,1
17864,1
17865,1
17871,1
17872,1
17873,1
17874,1
17875,1
17876,1
17877,1
17878,1
17879,1
17880,1
17881,1
17882,1
17883,1
17884,1
17885,1
17886,1
17887,1
17888,1
17889,1
17890,1
17891,1
17892,1
17893,1
17894,1
17895,1
17896,1
17897,1
17898,1
17899,1
17900,1
17901,1
17902,1
17903,1
17904,1
17905,1
17906,1
17907,1
17908,1
17918,1
17919,1
17920,1
17921,1
17922,1
17942,1
17943,1
17944,1
17945,1
17946,1
17947,1
17948,1
17949,1
17951,1
17958,1
17959,1
17960,1
17961,1
17962,1
17963,1
17964,1
17965,1
17966,1
17967,1
17968,1
17969,1
17970,1
17971,1
17972,1
17973,1
17975,1
17976,1
17977,1
17978,1
17979,1
17980,1
17981,1
17982,1
17983,1
17984,1
17985,1
17986,1
17987,1
17988,1
17989,1
17990,1
17991,1
17992,1
17993,1
17994,1
17995,1
18004,1
18005,1
18006,1
18012,1
18013,1
18014,1
18015,1
18016,1
18017,1
18018,1
18019,1
18020,1
18021,1
18022,1
18023,1
18024,1
18025,1
18035,1
18036,1
18037,1
18038,1
18039,1
18059,1
18060,1
18061,1
18062,1
18063,1
18064,1
18065,1
18066,1
18070,1
18071,1
18072,1
18073,1
18074,1
18075,1
18076,1
18077,1
18078,1
18079,1
18080,1
18081,1
18082,1
18083,1
18084,1
18085,1
18086,1
18087,1
18088,1
18089,1
18090,1
18096,2
18097,2
18098,2
18099,2
18100,2
18101,2
18102,2
18103,2
18104,2
18105,2
18106,2
18107,2
18108,2
18109,2
18110,2
18111,2
18112,2
18113,2
18114,2
18115,2
18116,2
18117,2
18118,2
18119,2
18120,2
18121,2
18122,2
18123,2
18124,2
18125,2
18126,2
18128,1
18129,1
18130,1
18131,1
18132,1
18134,1
18135,1
18136,1
18137,1
18138,2
18139,2
18140,2
18146,1
18147,1
18148,1
18149,1
18150,1
18152,1
18153,1
18154,1
18311,1
18312,1
18313,1
18314,1
18315,1
18316,1
18317,1
18318,1
18319,1
18320,1
18321,1
18322,1
18323,1
18324,1
18325,1
18326,1
18327,1
18328,1
18329,1
18330,1
18331,1
18361,1
18362,1
18363,1
18365,1
18366,1
18367,1
18368,1
18369,1
18370,1
18371,1
18372,1
18386,1
18387,1
18388,1
18389,1
18390,1
18391,1
18392,1
18393,1
18395,1
18396,1
18397,1
18398,1
18399,1
18400,1
18624,1
18625,1
18626,1
18632,2
18633,2
18634,2
18635,2
18636,2
18637,2
18638,2
18639,2
18640,2
18641,2
18642,2
18653,2
18654,2
18655,2
18656,2
18657,2
18658,2
18659,2
18666,2
18667,2
18668,2
18669,2
18693,2
18694,2
18695,2
18696,2
18697,2
18698,2
18699,2
18701,1
18702,1
18703,1
18704,1
18705,1
18706,1
18708,1
18709,1
18710,1
18711,1
18712,1
18713,1
18714,1
18716,1
18717,1
18718,1
18719,1
18720,1
18722,1
18723,1
18724,1
18725,1
18726,1
18727,1
18735,2
18736,2
18737,2
18738,2
18749,2
18750,2
18751,2
19099,1
19100,1
19101,1
19102,1
19103,1
19104,1
19105,1
19106,1
19107,1
19108,1
19109,1
19110,1
19111,1
19138,1
19139,1
19140,1
19141,1
19142,1
19143,1
19144,1
19145,1
19146,1
19147,1
19148,1
19149,1
19150,1
19151,1
19152,1
19153,1
19159,1
19160,1
19161,1
19162,1
19163,1
19164,1
19165,1
19166,1
19167,1
19168,1
19169,1
19170,1
19171,1
19172,1
19173,1
19174,1
19175,1
19176,1
19177,1
19178,1
19179,1
19180,1
19181,1
19182,1
19183,1
19184,1
19185,1
19186,1
19187,1
19188,1
19189,1
19190,1
19191,1
19192,1
19193,1
19194,1
19195,1
19196,1
19197,1
19198,1
19199,1
19200,1
19201,1
19202,1
19203,1
19204,1
19205,1
19220,1
19221,1
19222,1
19223,1
19224,1
19225,1
19226,1
19227,1
19228,1
19229,1
19230,1
19232,1
19233,1
19234,1
19235,1
19236,1
19237,1
19238,1
19239,1
19240,1
19241,3
19242,3
19243,3
19245,2
19246,2
19247,2
19248,2
19249,2
19250,2
19251,2
19252,2
19253,2
19254,2
19255,2
19256,2
19257,2
19258,2
19259,2
19261,1
19262,1
19263,1
19264,1
19265,1
19266,1
19267,1
19268,1
19269,1
19270,1
19271,1
19272,1
19273,1
19274,1
19275,1
19276,1
19277,1
19278,1
19279,1
19285,1
19286,1
19287,1
19288,1
19289,1
19290,1
19304,1
19305,1
19306,1
19307,1
19341,2
19342,2
19343,2
19344,2
19345,2
19346,2
19347,2
19359,2
19360,2
19361,2
19362,2
19363,2
19364,2
19365,2
19366,2
19398,2
19399,2
19400,2
30812,3
30813,3
30814,3
30815,3
30816,3
30817,3
30818,3
30819,3
30820,3
30821,3
30822,3
30823,3
30824,3
30825,3
30826,3
30827,3
30828,3
30829,3
30830,3
30831,3
30832,3
30833,3
30834,3
30835,3
30836,3
30837,3
30838,3
30839,3
30840,3
30841,3
30842,3
30843,3
30844,3
30845,3
30846,3
30847,3
30848,3
30849,3
30850,3
30851,3
30852,3
30853,3
30854,3
30856,1
30857,1
30858,1
30859,1
30860,3
30861,3
30862,3
30863,3
30864,3
30865,3
30866,3
30867,3
30873,2
30874,2
30875,2
30876,2
30877,2
30885,2
30886,2
30887,2
30889,2
30890,2
30891,2
30892,2
30893,2
30894,2
30896,2
30899,2
30900,2
30906,1
30907,1
30908,1
30909,1
30910,1
30911,1
30922,1
30923,1
30924,1
30925,1
30926,1
30927,1
30928,1
30929,1
30930,1
30931,1
30932,1
30954,1
30955,1
30956,1
30957,1
30958,1
30959,1
30970,1
30971,1
30972,1
30973,1
30974,1
30975,1
30976,1
30977,1
30978,1
30999,2
31000,2
31001,2
31002,2
31003,2
31004,2
31005,2
31006,2
31007,2
31008,2
31009,2
31010,2
31011,2
31012,2
31013,2
31014,2
31015,2
31016,2
31017,2
31018,2
31019,2
31020,2
31021,2
31055,3
31056,3
31057,3
31058,3
31059,3
31061,2
31062,2
31063,2
31064,1
31065,1
31066,1
31067,1
31068,1
31073,1
31074,1
31075,1
31076,1
31077,1
31078,1
31079,1
31080,1
31081,1
31082,1
31083,1
31084,1
31085,1
31086,1
31087,1
31100,1
31101,1
31102,1
31155,5
31156,5
31157,5
31158,5
31159,5
31164,5
31165,5
31166,5
31167,5
31168,5
31174,8
31175,8
31176,8
31177,8
31178,8
31179,8
31185,5
31186,5
31187,5
31188,5
31189,5
31190,5
31314,4
31315,4
31316,4
31317,4
31318,4
31320,1
31321,1
31323,3
31325,1
31326,4
31327,4
31396,3
31397,3
31398,3
31399,3
31400,3
31404,3
31405,3
31435,1
31436,1
31437,1
31438,1
31439,1
31442,1
31443,1
31444,1
31450,5
31451,5
31452,5
31453,5
31454,5
31455,5
31461,1
31462,1
31463,1
31464,1
31465,1
31466,1
31525,1
31526,1
31527,1
31528,1
31529,1
31530,1
31531,1
31532,1
31533,1
38182,12
38183,12
38184,12
38185,12
38186,12
38191,12
38192,12
38193,12
38194,12
38195,12
38196,12
38197,12
38199,3
38200,3
38201,3
38202,3
38203,3
38204,3
38205,3
38206,9
38207,9
38208,9
38209,9
38210,9
38211,9
38212,9
38214,3
38215,3
38216,3
38217,3
38218,3
38219,3
38220,3
38221,6
38222,6
38223,6
38224,6
38253,3
38254,3
38255,3
38256,3
38257,3
38258,3
38259,3
38260,3
38261,3
38267,3
38268,3
38269,3
38270,3
38271,3
38272,3
38273,3
38274,3
38280,3
38283,3
38284,3
38290,3
38291,3
38292,3
38293,3
38294,3
38299,3
38300,3
38301,3
38302,3
38303,3
38305,3
38306,3
38307,3
38308,3
38309,3
38310,3
38311,3
38312,3
38313,3
38314,3
38315,3
38316,3
38317,3
38345,3
38346,3
38414,3
38415,3
38416,3
38417,3
