1524,9
1525,9
1526,9
1527,9
1528,9
1529,9
1546,1
1547,1
1548,1
1549,1
1550,1
1551,1
1552,1
1553,1
1554,1
1555,1
1556,1
1557,1
1561,1
1562,1
1563,1
1607,1
1608,1
1609,1
1610,1
1611,1
1612,1
1613,1
1614,1
1615,1
1616,1
1617,1
1618,1
1619,1
1620,8
1621,8
1622,8
1623,8
1625,7
1626,7
1627,7
1628,7
1629,7
1630,7
1631,7
1632,7
1633,7
1634,7
1635,7
1637,1
1638,1
1639,1
1640,1
1641,1
1642,1
1643,1
1644,1
1645,4
1646,4
1647,4
1648,4
1650,3
1651,3
1652,3
1653,3
1654,3
1655,3
1656,3
1657,3
1658,3
1659,3
1660,3
1661,3
1663,1
1664,1
1665,1
1666,1
1667,1
1668,1
1669,1
1670,1
1671,1
1672,1
1673,1
1674,1
1675,1
1676,1
1677,1
1678,1
1679,1
1680,1
1681,1
1682,1
1689,1
1690,1
1691,1
1692,1
1693,1
1694,1
1695,1
1696,1
1697,1
1698,1
1699,1
1700,1
1701,1
1702,1
1703,1
1704,1
1705,1
1706,1
1707,1
1708,1
1709,1
1710,2
1711,2
1712,2
1713,2
1714,2
1716,2
1717,2
1718,2
1719,2
1720,2
1721,2
1722,2
1723,2
1724,2
1725,2
1726,2
1727,2
1728,2
1734,2
1735,2
1736,2
1737,2
1738,2
1739,2
1740,2
1759,2
1760,2
1761,2
1762,2
1763,2
1764,2
1765,2
1767,2
1768,2
1769,2
1790,2
1791,2
1792,2
1793,2
1794,2
1795,2
1796,2
1797,1
1814,1
1815,1
1816,1
1849,1
1850,1
1868,1
1869,1
1870,1
1965,2
1966,2
1967,2
1968,2
1969,2
1970,2
1971,2
1972,2
1973,2
1974,2
1975,2
1976,2
1977,2
1978,2
1979,2
2005,2
2006,2
2007,2
2008,2
2009,2
2010,2
2011,2
2012,2
2013,2
2014,2
2015,2
2016,2
2017,2
2018,2
2019,2
2020,2
2021,1
2022,1
2023,1
2024,1
2025,1
2026,1
2036,1
2037,1
2038,1
2039,1
2040,1
2041,1
2042,1
2043,1
2044,1
2045,1
2046,1
2048,1
2049,1
2050,1
2227,1
2228,1
2229,1
2230,1
2231,1
2232,1
2233,1
2234,1
2235,1
2236,1
2237,1
2238,1
2239,1
2240,1
2241,1
2242,1
2243,1
2244,1
2245,1
2246,1
2247,1
2248,1
2254,2
2255,2
2256,2
2257,2
2258,2
2259,2
2260,2
2272,2
2273,2
2274,2
2275,2
2276,2
2277,2
2278,2
2279,2
2281,2
2282,2
2283,2
2284,2
2285,2
2286,2
2287,2
2288,2
2289,2
2290,2
2291,2
2292,2
2293,2
2294,2
2304,2
2305,2
2306,2
2307,2
2308,2
2309,2
2310,1
2311,1
2312,1
2313,1
2315,1
2316,1
2317,1
3857,1
3858,1
3859,1
3860,1
3861,1
3862,1
3863,1
3864,1
3865,1
3866,1
3867,1
3868,1
11275,2
11276,2
11277,2
11278,2
11279,2
11280,2
11281,2
11282,2
11283,2
11284,2
11285,2
11286,2
11287,2
11288,2
11289,2
11290,2
11291,2
11292,2
11293,2
11294,2
11295,2
11296,2
11297,2
11298,2
11300,2
11301,2
11302,2
11303,2
11304,2
11305,2
11306,2
11352,4
11353,4
11354,4
11355,4
11356,4
11357,4
11358,4
11359,4
11360,4
11361,4
11362,4
11363,4
11364,4
11365,4
11366,4
11367,4
11368,4
11379,4
11380,4
11381,4
11382,4
11383,4
11384,4
11385,4
11386,4
11387,4
11393,4
11394,4
11395,4
11396,4
11397,4
11398,4
11399,4
11400,4
11401,4
11402,4
11403,4
11404,4
11405,4
11411,1
11412,1
11413,1
11414,1
11415,1
11416,1
11417,1
11418,1
11419,1
11420,1
11421,1
11422,1
11423,1
11443,1
11444,1
11445,1
11446,1
11447,1
11448,1
11449,1
11450,1
11451,1
11480,2
11481,2
11482,2
11483,2
11484,2
11485,2
11486,2
11487,2
11488,2
11489,2
11490,2
11491,2
11492,2
11493,2
11494,2
11495,2
11496,2
11498,2
11499,2
11500,2
11501,2
11502,2
11503,2
11505,2
11508,2
11509,2
11538,1
11539,1
11540,1
11541,1
11542,1
11543,1
11544,1
11545,1
11546,1
11547,1
11548,1
11549,1
11550,1
11614,1
11615,1
11616,1
11617,1
11618,1
11619,1
11620,1
11621,1
11622,1
11623,1
11624,1
11625,1
11626,1
11627,1
11628,1
11629,1
11630,1
11631,1
11632,1
11633,1
11634,1
11635,1
11636,1
11637,1
11638,1
11662,1
11663,1
11664,1
11665,1
11666,1
11667,1
11668,1
11669,1
11670,1
11671,1
11672,1
11673,1
11674,1
25361,1
25362,1
25363,1
25364,1
25365,1
25366,1
25367,1
25368,1
25369,1
25370,1
25371,1
25372,1
25373,1
25374,1
25375,1
25376,1
25377,1
25378,1
25379,1
25380,1
25381,1
25382,1
25383,3
25384,3
25385,3
25386,3
25387,3
25389,2
25390,2
25391,2
25392,2
25393,2
25394,2
25395,2
25396,2
25397,2
25398,2
25399,2
25400,2
25401,2
25403,2
25404,2
25405,2
25406,2
25407,2
25418,2
25419,2
25420,2
25421,2
25422,2
25423,2
25424,2
25426,2
25427,2
25428,2
25429,2
25430,2
25431,2
25432,2
25433,2
25434,2
25435,2
25437,2
25446,2
25447,2
25448,2
25449,2
25450,2
25451,2
25452,2
25453,2
25454,2
25455,2
25456,2
25457,2
25458,2
25459,2
25460,2
25471,2
25472,2
25473,2
25474,2
25475,2
25488,2
25489,2
25490,2
25491,2
25492,2
25493,2
25494,2
25495,2
25496,2
25497,2
25498,2
25499,2
25500,2
25501,2
25502,2
25503,2
25504,2
25505,2
25506,2
25507,2
25508,2
25509,2
25510,2
25511,2
25512,2
25513,2
25514,2
25515,2
25516,2
25517,2
25518,2
25519,2
25520,2
25521,2
25522,2
25523,2
25524,2
25525,2
25526,2
25540,2
25541,2
25661,2
25662,2
25663,2
25664,2
25665,2
25666,2
25667,2
25668,2
25670,1
25671,1
25672,1
25673,1
25674,1
25675,1
25676,1
25677,1
25678,1
25684,2
25685,2
25686,2
25687,2
25688,2
25689,2
25708,2
25709,2
25710,2
25716,1
25717,1
25718,1
25719,1
25720,1
25721,1
25722,1
25723,1
25724,1
25725,1
25726,1
25727,1
25728,1
25729,1
28648,1
28649,1
28650,1
28651,1
28652,1
28653,1
28654,1
28655,1
28656,1
28657,1
28658,1
28659,1
28660,1
28661,1
28662,1
28663,1
28664,1
28665,1
28666,1
28667,1
28668,1
28669,1
28670,1
28671,1
28682,1
28683,1
28684,1
28685,1
28686,1
28687,1
28688,1
28689,1
28690,1
28691,1
28692,1
28693,1
28694,1
28695,1
28696,1
28697,1
28698,1
28699,1
28700,1
28701,1
28702,1
28703,1
28704,1
28705,1
28706,1
28707,1
28708,1
28709,1
28710,1
28711,1
28712,1
28713,1
28714,1
28715,1
28716,1
28717,1
28718,1
28719,1
28720,1
28721,1
28722,1
28723,1
28724,1
28725,1
28726,1
29269,1
29270,1
29271,1
29272,1
29273,1
29274,1
29275,1
29276,1
29277,1
29278,1
29279,1
29280,1
29281,1
29282,1
29283,1
29284,1
29285,1
29286,1
29287,1
29288,1
29289,1
29290,1
29291,1
29292,1
29293,1
29294,1
29295,1
29296,1
29297,1
29298,1
29299,1
29300,1
29301,1
29302,1
29303,1
29304,1
29305,1
29306,1
29307,1
29308,1
29309,1
29310,1
29311,1
29312,1
29313,1
29314,1
29339,1
29340,1
29341,1
29342,1
29343,1
29344,1
29345,1
29346,1
29347,1
29348,1
29349,1
29350,1
29351,1
29352,1
29353,1
29354,1
29355,1
29356,1
29357,1
29358,1
29359,1
29360,1
29361,1
29362,1
29368,1
29369,1
29370,1
29371,1
29372,1
29373,1
29379,2
29380,2
29381,2
29382,2
29383,2
29384,2
30984,7
30985,7
30986,7
30987,7
30988,7
30989,7
30990,7
30991,7
30992,7
30993,7
30999,2
31000,2
31001,2
31002,2
31003,2
31004,2
31005,2
31006,2
31007,2
31008,2
31009,2
31010,2
31011,2
31012,2
31013,2
31014,2
31015,2
31016,2
31017,2
31018,2
31019,2
31020,2
31021,2
31155,7
31156,7
31157,7
31158,7
31159,7
31164,7
31165,7
31166,7
31167,7
31168,7
31174,2
31175,2
31176,2
31177,2
31178,2
31179,2
31185,1
31186,1
31187,1
31188,1
31189,1
31190,1
31314,1
31315,1
31316,1
31317,1
31318,1
31320,1
31321,1
31325,1
31326,1
31327,1
31450,2
31451,2
31452,2
31453,2
31454,2
31455,2
38182,8
38183,8
38184,8
38185,8
38186,8
38191,8
38192,8
38193,8
38194,8
38195,8
38196,8
38197,8
38199,6
38200,6
38201,6
38202,6
38203,6
38204,6
38205,6
38206,2
38207,2
38208,2
38209,2
38210,2
38211,2
38212,2
38221,2
38222,2
38223,2
38224,2
40246,2
40247,2
40248,2
40249,2
40250,2
40251,2
40257,2
40258,2
40259,2
40260,2
40261,2
40262,2
40283,5
40284,5
40285,5
40286,5
40287,5
40289,3
40290,3
40291,3
40292,3
40293,3
40294,3
40295,3
40296,2
40297,2
40298,2
40299,2
40301,1
40302,1
40303,1
40304,1
40305,1
40306,1
40307,1
40308,1
40310,1
40311,1
40312,1
40313,1
40314,1
40315,1
40316,1
40317,1
40318,1
40319,1
40320,1
40321,1
40322,1
40323,1
40324,1
40325,1
40326,1
40327,1
40328,1
40329,1
40331,1
40332,1
40333,1
