31301,2
31302,2
31303,2
31304,2
31305,2
31306,2
31307,2
31308,2
31309,2
31310,2
31311,2
31312,2
31313,2
31314,2
31315,2
31316,2
31317,2
31323,2
31324,2
31325,2
31326,2
31327,2
31328,2
31329,2
31330,2
31331,2
31332,2
31333,2
31334,2
31335,2
31336,2
31337,2
31338,2
31339,2
31340,2
31341,2
31342,2
31343,2
31344,2
31345,2
31346,2
31347,2
31348,2
31349,2
31350,2
31351,2
31352,2
31353,2
31354,2
31355,2
31356,2
31357,2
31358,2
31359,2
31360,2
31361,2
31362,2
31363,2
31364,2
31365,2
31371,2
31372,2
31373,2
31374,2
31375,2
31376,2
31377,2
31378,2
31641,2
31642,2
31643,2
31644,2
31645,2
31646,2
31685,2
31686,2
31687,2
31688,2
31689,2
31690,2
31696,2
31697,2
31698,2
31699,2
31700,2
31701,2
31707,2
31708,2
31709,2
31710,2
31711,2
31712,2
31825,2
31826,2
31827,2
31828,2
31829,2
31831,1
31832,1
31835,2
31836,2
31861,2
31862,2
31863,2
31864,2
31865,2
31867,2
31868,2
31870,1
31871,1
31872,1
31954,2
31955,2
31956,2
31957,2
31958,2
31959,2
32076,2
32077,2
32078,2
32079,2
32080,2
32081,2
32082,2
32083,2
32084,2
32085,2
32091,2
32092,2
32093,2
32094,2
32095,2
32096,2
32097,2
32098,2
32099,2
32100,2
32121,2
32122,2
32123,2
32124,2
32125,2
32126,2
32127,2
32128,2
32129,2
32130,2
32136,2
32137,2
32138,2
32139,2
32140,2
32141,2
32142,2
32143,2
32144,2
32145,2
32151,2
32152,2
32153,2
32154,2
32155,2
32156,2
32157,2
32158,2
32159,2
32160,2
32166,2
32167,2
32168,2
32169,2
32170,2
32171,2
32172,2
32173,2
32174,2
32175,2
32197,2
32198,2
32199,2
32200,2
32201,2
32202,2
32203,2
32204,2
32205,2
32206,2
33512,1
33513,1
33514,1
33515,1
33516,1
33517,1
33518,1
33519,1
33520,1
33521,1
33522,1
33523,1
33524,1
33525,1
33526,1
33527,1
33528,1
33529,1
33530,1
33531,1
33532,1
33533,1
33534,1
33535,1
33536,1
33537,1
33538,1
33539,1
33540,1
33541,1
33542,1
33543,1
33544,1
33545,1
33546,1
33547,1
33548,1
33549,1
33550,1
33551,1
33552,1
33553,1
33554,1
33555,1
33556,1
33557,1
33558,1
33559,1
33560,1
33561,1
33562,1
33563,1
33564,1
33565,1
33566,1
33567,1
33568,1
33569,1
33570,1
33571,1
33572,1
33573,1
33574,1
33575,1
33576,1
33577,1
33578,1
33579,1
33580,1
33581,1
33582,1
33583,1
33584,1
33585,1
33586,1
33587,1
33588,1
33589,1
33590,1
33591,1
33592,1
33593,1
33594,1
33595,1
33596,1
33597,1
33598,1
33599,1
33600,1
33601,1
33602,1
33603,1
33604,1
33605,1
33606,1
33607,1
33608,1
33609,1
33610,1
33611,1
33612,1
33613,1
33614,1
33615,1
33616,1
33617,1
33618,1
33619,1
33620,1
33621,1
33622,1
33623,1
33624,1
33625,1
33626,1
33627,1
33628,1
33629,1
33630,1
33631,1
33632,1
33633,1
33634,1
33635,1
33636,1
33637,1
33638,1
33639,1
33640,1
33641,1
33642,1
33643,1
33644,1
33645,1
33646,1
33647,1
33648,1
33649,1
33650,1
33651,1
33652,1
33653,1
33654,1
33655,1
33656,1
33657,1
33658,1
33659,1
33660,1
33661,1
33662,1
33663,1
33664,1
33665,1
33666,1
33667,1
33668,1
33669,1
33670,1
33671,1
33672,1
33673,1
33674,1
33675,1
33676,1
33677,1
33678,1
33679,1
33680,1
33681,1
33682,1
33683,1
33684,1
33685,1
33686,1
33687,1
33688,1
33689,1
33690,1
33691,1
33692,1
33693,1
33694,1
33695,1
33696,1
33697,1
33698,1
33699,1
33700,1
33701,1
33702,1
33703,1
33704,1
33705,1
38807,2
38808,2
38809,2
38810,2
38811,2
38812,2
38813,2
38814,2
38815,2
38821,2
38822,2
38823,2
38824,2
38825,2
38826,2
38827,2
38828,2
38835,2
38836,2
38842,2
38843,2
38844,2
38845,2
38846,2
38851,2
38852,2
38853,2
38854,2
38855,2
38857,2
38858,2
38859,2
38860,2
38861,2
38862,2
38863,2
38864,2
38865,2
38866,2
38867,2
38868,2
38869,2
38963,2
38964,2
38965,2
38966,2
39022,2
39023,2
39024,2
39025,2
39026,2
39027,2
39028,2
39029,2
39030,2
39031,2
39032,2
39033,2
39039,2
39040,2
39041,2
39042,2
39043,2
39044,2
39045,2
39046,2
39047,2
39048,2
39049,2
39050,2
39051,2
39052,2
39053,2
39054,2
39055,2
39056,2
39057,2
39058,2
39059,2
39060,2
39061,2
39062,2
39063,2
39064,2
39065,2
39066,2
39067,2
39068,2
39069,2
39070,2
39071,2
39072,2
39073,2
39074,2
39075,2
39076,2
39077,2
39078,2
39079,2
39080,2
39081,2
39082,2
39083,2
39084,2
39085,2
39086,2
39087,2
39088,2
39089,2
39090,2
39091,2
39092,2
39093,2
39094,2
39095,2
39096,2
39097,2
39098,2
39099,2
39100,2
39101,2
39102,2
39103,2
39104,2
39105,2
39118,2
39119,2
39120,2
39121,2
39122,2
39123,2
39124,2
39125,2
39131,2
39132,2
39133,2
39134,2
39135,2
39136,2
39137,2
39138,2
39162,1
39163,1
39164,1
39165,1
39166,1
39167,1
39168,1
39169,1
39237,1
39238,1
39239,1
39240,1
39241,1
39242,1
39243,1
39244,1
39264,2
39265,2
39266,2
39267,2
39268,2
39269,2
39270,2
39271,2
39272,2
39273,2
39274,2
39275,2
39276,2
39277,2
39278,2
39279,2
39280,2
39281,2
39282,2
39283,2
39284,2
39285,2
39286,2
39287,2
39288,2
39289,2
39290,2
39291,2
39292,2
39312,2
39313,2
39314,2
39315,2
39316,2
39317,2
39318,2
39319,2
39320,2
39321,2
39327,2
39328,2
39329,2
39330,2
39331,2
39332,2
39333,2
39334,2
39335,2
39336,2
39342,1
39343,1
39344,1
39345,1
39346,1
39347,1
39348,1
39349,1
39350,1
39351,1
