539,1
540,1
541,1
542,1
543,1
544,1
545,1
546,1
547,1
548,1
549,1
550,1
551,1
552,1
553,1
554,1
555,1
556,1
557,1
558,1
559,1
560,1
561,1
562,1
563,1
564,1
565,1
566,1
567,1
568,1
569,1
570,1
571,1
572,1
573,1
574,1
575,1
576,1
577,1
578,1
579,1
580,1
581,1
582,1
583,1
584,1
585,1
586,1
587,1
588,1
589,1
590,1
591,1
592,1
593,1
594,1
595,1
596,1
597,1
598,1
599,1
600,1
601,1
602,1
603,1
604,1
605,1
606,1
607,1
608,1
609,1
610,1
611,1
612,1
613,1
614,1
615,1
616,1
617,1
618,1
619,1
620,1
621,1
622,1
623,1
624,1
625,1
626,1
627,1
628,1
629,1
630,1
631,1
632,1
633,1
634,1
635,1
636,1
637,1
638,1
639,1
640,1
641,1
642,1
643,1
644,1
645,1
646,1
647,1
648,1
649,1
650,1
651,1
652,1
653,1
654,1
655,1
656,1
657,1
658,1
659,1
660,1
661,1
662,1
663,1
664,1
665,1
666,1
667,1
668,1
669,1
670,1
671,1
672,1
673,1
674,1
675,1
676,1
677,1
678,1
679,1
680,1
681,1
682,1
683,1
684,1
685,1
686,1
687,1
688,1
689,1
690,1
691,1
692,1
693,1
694,1
695,1
696,1
697,1
698,1
699,1
700,1
701,1
702,1
703,1
704,1
705,1
706,1
707,1
708,1
709,1
710,1
711,1
712,1
713,1
714,1
715,1
716,1
717,1
718,1
719,1
720,1
721,1
722,1
723,1
724,1
725,1
726,1
727,1
728,1
729,1
730,1
731,1
732,1
733,1
734,1
735,1
736,1
737,1
738,1
739,1
740,1
741,1
742,1
1481,1
1482,1
1483,1
1484,1
1485,1
1486,1
1487,1
1493,1
1494,1
1495,1
1496,1
1497,1
1498,1
1499,1
1511,1
1512,1
1513,1
1520,29
1521,29
1522,29
1523,29
1524,29
1525,29
1531,1
1532,1
1533,1
1534,1
1535,1
1536,1
1542,1
1543,1
1544,1
1545,1
1546,1
1547,1
1548,1
1549,1
1550,1
1551,1
1552,1
1553,1
1554,1
1555,1
1603,1
1604,1
1605,1
1606,1
1607,1
1608,1
1609,1
1610,1
1611,1
1612,1
1613,1
1614,1
1615,1
1617,2
1618,2
1619,2
1620,2
1621,2
1622,2
1623,2
1624,2
1625,2
1626,2
1627,3
1628,3
1629,3
1630,3
1631,3
1633,1
1634,1
1635,1
1636,1
1637,1
1638,1
1639,1
1640,1
1653,1
1654,1
1655,1
1656,1
1657,1
1659,1
1660,1
1661,1
1662,1
1663,1
1664,1
1665,1
1666,1
1667,1
1668,1
1669,1
1670,1
1671,1
1672,1
1673,1
1674,1
1675,1
1676,1
1677,1
1678,1
1685,1
1686,1
1687,1
1688,1
1689,1
1690,1
1691,1
1692,1
1693,1
1694,1
1695,1
1696,1
1697,1
1698,1
1699,1
1700,1
1701,1
1702,1
1703,1
1704,1
1705,1
1706,1
1707,1
1709,6
1710,6
1711,6
1712,6
1713,6
1714,6
1715,6
1716,6
1717,6
1718,6
1719,6
1720,6
1721,6
1729,6
1730,6
1731,6
1732,6
1733,6
1734,6
1735,6
1758,6
1759,6
1760,6
1761,6
1762,6
1763,6
1764,6
1766,6
1767,6
1768,6
1791,6
1792,6
1793,6
1794,6
1795,6
1796,6
1797,6
1798,6
1799,6
1800,6
1817,6
1818,6
1819,6
1852,7
1853,7
1854,7
1855,7
1856,7
1858,1
1859,1
1860,1
1861,1
1862,1
1863,1
1864,1
1865,1
1866,1
1867,1
1868,1
1869,1
1870,1
1871,1
1872,1
1878,6
1879,6
1880,6
1881,6
1882,6
1884,10
1885,10
1886,10
1887,10
1888,10
1889,10
1890,10
1891,10
1892,10
1893,10
1894,10
1895,10
1896,10
1897,10
1899,5
1900,5
1901,5
1902,5
1903,5
1905,5
1906,5
1907,5
1908,5
1909,5
1910,5
1911,5
1913,5
1914,5
1915,5
1916,5
1917,5
1918,5
1919,5
1920,5
1921,5
1922,5
1923,5
1924,5
1937,11
1938,11
1939,11
1940,11
1941,11
1943,6
1944,6
1945,6
1946,6
1947,6
1949,1
1950,1
1951,1
1962,6
1963,6
1964,6
1970,6
1971,6
1972,6
1973,6
1974,6
1975,6
1976,6
1977,6
1978,6
1979,6
1980,6
1981,6
1982,6
1983,6
1984,6
2008,6
2009,6
2010,6
2011,6
2012,6
2013,6
2014,6
2015,6
2016,6
2017,6
2018,6
2019,6
2020,6
2021,6
2022,6
2023,6
2024,6
2025,6
2026,6
2027,6
2028,6
2029,6
2031,6
2032,6
2033,6
2034,6
2035,6
2036,6
2037,6
2038,6
2039,6
2040,6
2041,6
2042,6
2043,6
2044,6
2045,6
2046,6
2047,6
2048,6
2049,6
2055,1
2056,1
2057,1
2058,1
2059,1
2061,1
2062,1
2063,1
2228,1
2229,1
2230,1
2231,1
2232,1
2233,1
2234,1
2235,1
2236,1
2237,1
2238,1
2239,1
2240,1
2241,1
2242,1
2243,1
2244,1
2245,1
2246,1
2247,1
2248,1
2249,1
2255,6
2256,6
2257,6
2258,6
2259,6
2260,6
2261,6
2273,6
2274,6
2275,6
2276,6
2277,6
2278,6
2279,6
2280,6
2312,6
2313,6
2314,6
2320,1
2321,1
2322,1
2323,1
2324,1
2325,1
2326,1
2332,1
2333,1
2334,1
2335,1
2336,1
2337,1
2338,1
2339,1
2340,1
2341,1
2342,1
2343,1
2344,1
2345,1
2346,1
2347,1
2348,1
2349,1
2351,7
2352,7
2353,7
2354,7
2355,7
2356,7
2357,7
2358,7
2359,7
2360,7
2361,7
2362,7
2363,7
2364,7
2365,7
2380,7
2381,7
2382,7
2383,7
2384,7
2385,7
2397,7
2398,7
2399,7
2400,7
2401,7
2402,7
2404,6
2405,6
2406,6
2407,6
2408,6
2409,6
2410,6
2411,6
2412,6
2413,6
2414,6
2415,6
2416,6
2417,6
2419,2
2420,2
2421,2
2422,2
2423,2
2424,2
2425,2
2426,2
2427,2
2429,4
2430,4
2431,4
2432,4
2433,4
2435,3
2436,3
2437,3
2438,3
2439,3
2440,3
2441,3
2442,3
2443,3
2444,3
2445,3
2446,3
2447,3
2481,4
2482,4
2483,4
2484,4
2485,4
2486,4
2487,4
2488,4
2489,4
2490,4
2492,4
2493,4
2494,4
2495,4
2496,4
2497,4
2498,4
2499,4
2500,4
2501,4
2502,4
2503,4
2504,4
2505,4
2506,4
2507,4
2508,4
2509,4
2510,4
2511,4
2512,4
2513,4
2514,4
2530,1
2531,1
2532,1
2533,1
2534,1
2535,1
2536,1
2537,7
2538,7
2539,7
2565,7
2566,7
2567,7
2568,8
2569,8
2570,8
2571,8
2572,8
2574,1
2575,1
2576,1
2577,1
2578,1
2579,1
2580,1
2581,1
10928,1
10929,1
10930,1
10931,1
10932,1
10933,1
10934,1
10935,1
10936,1
10937,1
10938,1
10939,1
10940,1
10941,1
10942,1
10943,1
10944,1
10945,1
10946,1
10947,1
10948,1
10949,1
10950,1
10951,1
10952,1
10953,1
10954,1
10955,1
10956,1
10957,1
10958,1
10959,1
10960,1
10961,1
10962,1
10963,1
10964,1
10965,1
10966,1
10967,1
10968,1
10974,2
10975,2
10976,2
10977,2
10978,2
10979,2
10980,2
10981,2
10982,2
10983,2
10984,2
10985,2
10986,2
10988,1
10989,1
10990,1
10991,1
10992,1
10993,1
10994,1
10995,1
10996,1
10997,1
10998,1
10999,1
11000,2
11001,2
11002,2
11003,2
11004,2
11036,2
11037,2
11038,2
11039,2
11040,2
11041,2
11042,2
11043,2
11044,2
11045,2
11046,2
11047,2
11048,2
11313,6
11314,6
11315,6
11316,6
11317,6
11318,6
11319,6
11320,6
11321,6
11322,6
11323,6
11324,6
11325,6
11326,6
11327,6
11328,6
11329,6
11331,6
11332,6
11333,6
11334,6
11335,6
11336,6
11337,6
11338,6
11339,6
11354,6
11355,6
11356,6
11357,6
11358,6
11359,6
11360,6
11361,6
11362,6
11363,6
11364,6
11365,6
11366,6
11372,1
11373,1
11374,1
11375,1
11376,1
11377,1
11378,1
11379,1
11380,1
11381,1
11382,1
11383,1
11384,1
11404,1
11405,1
11406,1
11407,1
11408,1
11409,1
11410,1
11411,1
11412,1
11441,29
11442,29
11443,29
11444,29
11445,29
11446,29
11447,29
11448,29
11449,29
11450,29
11451,29
11452,29
11453,29
11454,29
11455,29
11456,29
11457,29
11459,12
11460,12
11461,12
11462,12
11463,12
11464,12
11466,12
11467,17
11468,17
11497,1
11498,1
11499,1
11500,1
11501,1
11502,1
11503,1
11504,1
11505,1
11506,1
11507,1
11508,1
11509,1
11573,1
11574,1
11575,1
11576,1
11577,1
11578,1
11579,1
11580,1
11581,1
11582,1
11583,1
11584,1
11585,1
11586,1
11587,1
11588,1
11589,1
11590,1
11591,1
11592,1
11593,1
11594,1
11595,1
11596,1
11597,1
11621,6
11622,6
11623,6
11624,6
11625,6
11626,6
11627,6
11628,6
11629,6
11630,6
11631,6
11632,6
11633,6
11836,2
11837,2
11838,2
11839,2
11840,2
11841,2
11842,2
11843,2
11844,2
11845,2
11846,2
11847,2
11848,2
11849,2
11850,2
11851,2
11853,12
11854,12
11855,12
11856,12
11857,12
11858,12
11859,12
11860,12
11861,12
11862,12
11863,12
11864,12
11865,12
11866,12
11868,7
11869,7
11870,7
11871,7
11872,7
11873,7
11874,7
11876,6
11877,6
11878,6
11879,6
11880,6
11881,6
11882,6
11883,6
11884,6
11885,6
11886,6
11888,4
11889,4
11890,4
11891,4
11892,4
11893,4
11894,4
11895,4
11896,4
11897,4
11898,4
11899,4
11900,4
11901,4
11902,4
11903,4
11904,4
11906,2
11907,2
11908,2
11909,2
11911,1
11912,1
11913,1
11914,1
11915,1
11916,1
11917,1
11918,1
11919,1
11920,1
11921,1
11922,1
11923,14
11924,14
11925,14
11926,14
11927,14
11929,2
11930,2
11931,2
11932,2
31301,2
31302,2
31303,2
31304,2
31305,2
31306,2
31307,2
31308,2
31309,2
31310,2
31311,2
31312,2
31313,2
31314,2
31315,2
31316,2
31317,2
31323,2
31324,2
31325,2
31326,2
31327,2
31328,2
31329,2
31330,2
31331,2
31332,2
31333,2
31334,2
31335,2
31336,2
31337,2
31338,2
31339,2
31340,2
31341,2
31342,2
31343,2
31344,2
31345,2
31346,2
31347,2
31348,2
31349,2
31350,2
31351,2
31352,2
31353,2
31354,2
31355,2
31356,2
31357,2
31358,2
31359,2
31360,2
31361,2
31362,2
31363,2
31364,2
31365,2
31371,2
31372,2
31373,2
31374,2
31375,2
31376,2
31377,2
31378,2
31384,9
31385,9
31386,9
31387,9
31388,9
31396,9
31397,9
31398,9
31400,9
31401,9
31402,9
31403,9
31404,9
31405,9
31407,9
31408,9
31416,9
31417,9
31418,9
31419,9
31420,9
31421,9
31432,9
31433,9
31434,9
31435,9
31436,9
31437,9
31438,9
31439,9
31440,9
31441,9
31442,9
31468,5
31469,5
31470,5
31471,5
31472,5
31473,5
31484,5
31485,5
31486,5
31487,5
31488,5
31489,5
31490,5
31491,5
31492,5
31498,2
31499,2
31500,2
31501,2
31502,2
31503,2
31504,2
31505,2
31506,2
31507,2
31513,6
31514,6
31515,6
31516,6
31517,6
31518,6
31519,6
31520,6
31521,6
31522,6
31523,6
31524,6
31525,6
31526,6
31527,6
31528,6
31529,6
31530,6
31531,6
31532,6
31533,6
31534,6
31535,6
31666,8
31667,8
31668,8
31669,8
31670,8
31672,2
31673,2
31675,6
31676,6
31677,6
31678,8
31679,8
31685,8
31686,8
31687,8
31688,8
31689,8
31690,8
31696,12
31697,12
31698,12
31699,12
31700,12
31701,12
31782,6
31783,6
31784,6
31785,6
31786,6
31789,5
31790,5
31791,5
31792,5
31793,5
31794,5
31795,5
31796,6
31797,6
31803,5
31804,5
31805,5
31806,5
31807,5
31808,5
31814,6
31815,6
31816,6
31817,6
31818,6
31819,6
31825,15
31826,15
31827,15
31828,15
31829,15
31835,15
31836,15
31902,2
31903,2
31904,2
31905,2
31906,2
31908,1
31909,1
31910,1
31916,6
31917,6
31918,6
31919,6
31920,6
31921,6
31922,6
31923,6
31929,1
31930,1
31931,1
31932,1
31933,1
31934,1
31940,5
31941,5
31942,5
31943,5
31944,5
31946,5
31954,8
31955,8
31956,8
31957,8
31958,8
31959,8
31965,5
31966,5
31967,5
31968,5
31969,5
31970,5
31972,5
31973,5
31974,5
31975,5
31976,5
31977,5
31978,5
31979,5
31980,5
31981,5
31982,5
31983,5
31984,5
31985,5
31986,5
31988,4
31989,4
31990,4
31991,4
31992,4
31993,4
31994,4
31995,4
32000,4
32001,4
32002,4
32003,4
32004,4
32005,4
32006,4
32007,4
32008,4
32009,4
32010,4
32011,4
32012,4
32013,4
32014,4
32015,4
32016,4
32017,4
32018,4
32019,4
32020,4
32021,4
32022,4
32023,4
32024,4
32025,4
32026,4
32027,9
32028,9
32029,9
32031,5
32032,5
32033,5
32034,5
32035,5
32036,5
32037,5
32038,5
32039,5
32076,2
32077,2
32078,2
32079,2
32080,2
32081,2
32082,2
32083,2
32084,2
32085,2
32091,2
32092,2
32093,2
32094,2
32095,2
32096,2
32097,2
32098,2
32099,2
32100,2
32121,2
32122,2
32123,2
32124,2
32125,2
32126,2
32127,2
32128,2
32129,2
32130,2
32136,2
32137,2
32138,2
32139,2
32140,2
32141,2
32142,2
32143,2
32144,2
32145,2
32151,2
32152,2
32153,2
32154,2
32155,2
32156,2
32157,2
32158,2
32159,2
32160,2
32166,2
32167,2
32168,2
32169,2
32170,2
32171,2
32172,2
32173,2
32174,2
32175,2
32197,2
32198,2
32199,2
32200,2
32201,2
32202,2
32203,2
32204,2
32205,2
32206,2
38695,5
38696,5
38697,5
38698,5
38699,5
38700,5
38701,5
38702,5
38703,5
38704,5
38705,5
38707,5
38708,5
38709,5
38710,5
38711,5
38738,5
38739,5
38740,5
38741,5
38747,41
38748,41
38749,41
38750,41
38751,41
38756,41
38757,41
38758,41
38759,41
38760,41
38761,41
38762,41
38764,4
38765,4
38766,4
38767,4
38768,4
38769,4
38770,4
38771,37
38772,37
38773,37
38774,37
38775,37
38776,37
38777,37
38779,23
38780,23
38781,23
38782,23
38783,23
38784,23
38785,23
38786,14
38787,14
38788,14
38789,14
38807,1
38808,1
38809,1
38810,1
38811,1
38812,1
38813,1
38814,1
38815,1
38821,1
38822,1
38823,1
38824,1
38825,1
38826,1
38827,1
38828,1
38835,1
38836,1
38842,2
38843,2
38844,2
38845,2
38846,2
38848,1
38849,1
38850,1
38851,1
38852,1
38853,1
38854,1
38855,1
38857,1
38858,1
38859,1
38860,1
38861,1
38862,1
38863,1
38864,1
38865,1
38866,1
38867,1
38868,1
38869,1
38963,1
38964,1
38965,1
38966,1
38994,1
38995,1
38996,1
38997,1
39012,1
39013,1
39014,1
39015,1
39016,1
39017,1
39022,1
39023,1
39024,1
39025,1
39026,1
39027,1
39028,1
39029,1
39030,1
39031,1
39032,1
39033,1
39039,2
39040,2
39041,2
39042,2
39043,2
39044,2
39045,2
39046,2
39047,2
39048,2
39049,2
39050,2
39051,2
39052,2
39053,2
39054,2
39055,2
39056,2
39057,2
39058,2
39059,2
39060,2
39061,2
39062,2
39063,2
39064,2
39065,2
39066,2
39067,2
39068,2
39069,2
39070,2
39071,2
39072,2
39073,2
39074,2
39075,2
39076,2
39077,2
39078,2
39079,2
39080,2
39081,2
39082,2
39083,2
39084,2
39085,2
39086,2
39087,2
39088,2
39089,2
39090,2
39091,2
39092,2
39093,2
39094,2
39095,2
39096,2
39097,2
39098,2
39099,2
39100,2
39101,2
39102,2
39103,2
39104,2
39105,2
39118,2
39119,2
39120,2
39121,2
39122,2
39123,2
39124,2
39125,2
39174,1
39175,1
39176,1
39177,1
39178,1
39179,1
39180,1
39181,1
39182,1
39183,1
39219,1
39220,1
39221,1
39222,1
39223,1
39224,1
39225,1
39226,1
39227,1
39228,1
39229,1
39230,1
39231,1
39264,2
39265,2
39266,2
39267,2
39268,2
39269,2
39270,2
39271,2
39272,2
39273,2
39274,2
39275,2
39276,2
39277,2
39278,2
39279,2
39280,2
39281,2
39282,2
39283,2
39284,2
39285,2
39286,2
39287,2
39288,2
39289,2
39290,2
39291,2
39292,2
39327,1
39328,1
39329,1
39330,1
39331,1
39332,1
39333,1
39334,1
39335,1
39336,1
39371,2
39372,2
39373,2
39374,2
39375,2
39376,2
39377,2
39378,2
