1524,5
1525,5
1526,5
1527,5
1528,5
1529,5
1546,1
1547,1
1548,1
1549,1
1550,1
1551,1
1552,1
1553,1
1554,1
1555,1
1556,1
1557,1
1561,1
1562,1
1563,1
1607,1
1608,1
1609,1
1610,1
1611,1
1612,1
1613,1
1614,1
1615,1
1616,1
1617,1
1618,1
1619,1
1620,4
1621,4
1622,4
1623,4
1625,3
1626,3
1627,3
1628,3
1629,3
1630,3
1631,3
1632,3
1633,3
1634,3
1635,3
1637,1
1638,1
1639,1
1640,1
1641,1
1642,1
1643,1
1644,1
1645,1
1646,1
1647,1
1648,1
1663,1
1664,1
1665,1
1666,1
1667,1
1668,1
1669,1
1670,1
1671,1
1672,1
1673,1
1674,1
1675,1
1676,1
1677,1
1678,1
1679,1
1680,1
1681,1
1682,1
1689,1
1690,1
1691,1
1692,1
1693,1
1694,1
1695,1
1696,1
1697,1
1698,1
1699,1
1700,1
1701,1
1702,1
1703,1
1704,1
1705,1
1706,1
1707,1
1708,1
1709,1
1710,2
1711,2
1712,2
1713,2
1714,2
1716,2
1717,2
1718,2
1719,2
1720,2
1721,2
1722,2
1723,2
1724,2
1725,2
1726,2
1727,2
1728,2
1734,2
1735,2
1736,2
1737,2
1738,2
1739,2
1740,2
1759,2
1760,2
1761,2
1762,2
1763,2
1764,2
1765,2
1767,2
1768,2
1769,2
1790,2
1791,2
1792,2
1793,2
1794,2
1795,2
1796,2
1797,1
1814,1
1815,1
1816,1
1849,1
1850,1
1868,1
1869,1
1870,1
1965,2
1966,2
1967,2
1968,2
1969,2
1970,2
1971,2
1972,2
1973,2
1974,2
1975,2
1976,2
1977,2
1978,2
1979,2
1981,1
1982,1
1983,1
1984,1
1985,1
1986,1
1987,1
1988,1
1989,1
1990,1
1991,1
1992,1
1993,1
1994,1
1995,1
1996,1
1997,1
1998,1
1999,1
2000,1
2001,1
2002,1
2003,1
2004,1
2005,1
2006,1
2007,1
2008,1
2009,1
2010,1
2011,1
2012,1
2013,1
2014,1
2015,1
2016,1
2017,1
2018,1
2019,1
2020,1
2021,1
2022,1
2023,1
2024,1
2025,1
2026,1
2036,1
2037,1
2038,1
2039,1
2040,1
2041,1
2042,1
2043,1
2044,1
2045,1
2046,1
2048,1
2049,1
2050,1
2227,1
2228,1
2229,1
2230,1
2231,1
2232,1
2233,1
2234,1
2235,1
2236,1
2237,1
2238,1
2239,1
2240,1
2241,1
2242,1
2243,1
2244,1
2245,1
2246,1
2247,1
2248,1
2254,1
2255,1
2256,1
2257,1
2258,1
2259,1
2260,1
2272,1
2273,1
2274,1
2275,1
2276,1
2277,1
2278,1
2279,1
2311,1
2312,1
2313,1
3857,1
3858,1
3859,1
3860,1
3861,1
3862,1
3863,1
3864,1
3865,1
3866,1
3867,1
3868,1
10468,1
10469,1
10470,1
10471,1
10472,1
10473,1
10474,1
10475,1
10476,1
10477,1
10478,1
10479,1
10480,1
10481,1
10482,1
10483,1
10484,1
10485,1
10486,1
10487,1
10488,1
10489,1
10490,1
10491,1
10492,1
10493,1
10494,1
10495,1
10496,1
10497,1
10498,1
10499,1
10500,1
10501,1
10502,1
10503,1
10504,1
10505,1
10506,1
10507,1
10518,1
10519,1
10520,1
10521,1
10522,1
10523,1
10524,1
10525,1
10526,1
10527,1
10528,1
10529,1
10530,1
10531,1
10532,1
10533,1
10534,1
10870,1
10871,1
10872,1
10873,1
10874,1
10875,1
10876,1
10877,1
10878,1
10879,1
10880,1
10881,1
10882,1
10883,1
10884,1
10885,1
10886,1
10887,1
10893,1
10894,1
10895,1
10896,1
10897,1
10898,1
11352,1
11353,1
11354,1
11355,1
11356,1
11357,1
11358,1
11359,1
11360,1
11361,1
11362,1
11363,1
11364,1
11365,1
11366,1
11367,1
11368,1
11370,1
11371,1
11372,1
11373,1
11374,1
11375,1
11376,1
11377,1
11378,1
11393,1
11394,1
11395,1
11396,1
11397,1
11398,1
11399,1
11400,1
11401,1
11402,1
11403,1
11404,1
11405,1
11411,1
11412,1
11413,1
11414,1
11415,1
11416,1
11417,1
11418,1
11419,1
11420,1
11421,1
11422,1
11423,1
11443,1
11444,1
11445,1
11446,1
11447,1
11448,1
11449,1
11450,1
11451,1
11480,2
11481,2
11482,2
11483,2
11484,2
11485,2
11486,2
11487,2
11488,2
11489,2
11490,2
11491,2
11492,2
11493,2
11494,2
11495,2
11496,2
11498,1
11499,1
11500,1
11501,1
11502,1
11503,1
11505,1
11507,1
11508,2
11509,2
11538,1
11539,1
11540,1
11541,1
11542,1
11543,1
11544,1
11545,1
11546,1
11547,1
11548,1
11549,1
11550,1
11614,1
11615,1
11616,1
11617,1
11618,1
11619,1
11620,1
11621,1
11622,1
11623,1
11624,1
11625,1
11626,1
11627,1
11628,1
11629,1
11630,1
11631,1
11632,1
11633,1
11634,1
11635,1
11636,1
11637,1
11638,1
11662,1
11663,1
11664,1
11665,1
11666,1
11667,1
11668,1
11669,1
11670,1
11671,1
11672,1
11673,1
11674,1
30984,3
30985,3
30986,3
30987,3
30988,3
30989,3
30990,3
30991,3
30992,3
30993,3
30999,1
31000,1
31001,1
31002,1
31003,1
31004,1
31005,1
31006,1
31007,1
31008,1
31009,1
31010,1
31011,1
31012,1
31013,1
31014,1
31015,1
31016,1
31017,1
31018,1
31019,1
31020,1
31021,1
31155,1
31156,1
31157,1
31158,1
31159,1
31164,1
31165,1
31166,1
31167,1
31168,1
31314,1
31315,1
31316,1
31317,1
31318,1
31320,1
31321,1
31325,1
31326,1
31327,1
31450,1
31451,1
31452,1
31453,1
31454,1
31455,1
38182,3
38183,3
38184,3
38185,3
38186,3
38191,3
38192,3
38193,3
38194,3
38195,3
38196,3
38197,3
38206,3
38207,3
38208,3
38209,3
38210,3
38211,3
38212,3
38214,3
38215,3
38216,3
38217,3
38218,3
38219,3
38220,3
40655,1
40656,1
40657,1
40658,1
40659,1
40660,1
40661,1
40662,1
