1497,1
1498,1
1499,1
1500,1
1501,1
1502,1
1503,1
1515,1
1516,1
1517,1
1524,12
1525,12
1526,12
1527,12
1528,12
1529,12
1535,1
1536,1
1537,1
1538,1
1539,1
1540,1
1546,1
1547,1
1548,1
1549,1
1550,1
1551,1
1552,1
1553,1
1554,1
1555,1
1556,1
1557,1
1558,1
1559,1
1607,1
1608,1
1609,1
1610,1
1611,1
1612,1
1613,1
1614,1
1615,1
1616,1
1617,1
1618,1
1619,1
1620,4
1621,4
1622,4
1623,4
1625,3
1626,3
1627,3
1628,3
1629,3
1630,3
1631,3
1632,3
1633,3
1634,3
1635,3
1637,1
1638,1
1639,1
1640,1
1641,1
1642,1
1643,1
1644,1
1645,1
1646,1
1647,1
1648,1
1663,1
1664,1
1665,1
1666,1
1667,1
1668,1
1669,1
1670,1
1671,1
1672,1
1673,1
1674,1
1675,1
1676,1
1677,1
1678,1
1679,1
1680,1
1681,1
1682,1
1689,1
1690,1
1691,1
1692,1
1693,1
1694,1
1695,1
1696,1
1697,1
1698,1
1699,1
1700,1
1701,1
1702,1
1703,1
1704,1
1705,1
1706,1
1707,1
1708,1
1709,1
1710,5
1711,5
1712,5
1713,5
1714,5
1716,4
1717,4
1718,4
1719,4
1720,4
1721,4
1722,4
1723,4
1724,4
1725,4
1726,4
1727,4
1728,4
1734,4
1735,4
1736,4
1737,4
1738,4
1739,4
1740,4
1742,1
1743,1
1744,1
1750,1
1751,1
1752,1
1753,1
1754,1
1755,1
1756,1
1757,1
1759,3
1760,3
1761,3
1762,3
1763,3
1764,3
1765,3
1767,3
1768,3
1769,3
1790,3
1791,3
1792,3
1793,3
1794,3
1795,3
1796,3
1797,3
1814,4
1815,4
1816,4
1849,4
1850,4
1852,1
1853,1
1854,1
1855,1
1856,1
1857,1
1858,1
1859,1
1860,1
1861,1
1862,1
1863,1
1864,1
1865,1
1866,1
1872,1
1873,1
1874,1
1875,2
1876,2
1877,2
1878,2
1879,2
1881,2
1882,2
1883,2
1884,2
1885,2
1886,2
1887,2
1888,2
1889,2
1890,2
1891,2
1892,2
1893,2
1894,2
1896,1
1897,1
1898,1
1899,1
1900,1
1902,1
1903,1
1904,1
1905,1
1906,1
1907,1
1908,1
1910,1
1911,1
1912,1
1913,1
1914,1
1915,1
1916,1
1917,1
1918,1
1919,1
1920,1
1921,1
1935,1
1936,1
1938,1
1939,1
1940,1
1941,1
1942,1
1957,1
1958,1
1959,1
1965,3
1966,3
1967,3
1968,3
1969,3
1970,3
1971,3
1972,3
1973,3
1974,3
1975,3
1976,3
1977,3
1978,3
1979,3
2005,3
2006,3
2007,3
2008,3
2009,3
2010,3
2011,3
2012,3
2013,3
2014,3
2015,3
2016,3
2017,3
2018,3
2019,3
2020,3
2021,3
2022,3
2023,3
2024,3
2025,3
2026,3
2028,1
2029,1
2030,1
2031,1
2032,1
2033,1
2034,1
2035,1
2036,3
2037,3
2038,3
2039,3
2040,3
2041,3
2042,3
2043,3
2044,3
2045,3
2046,3
2052,1
2053,1
2054,1
2055,1
2056,1
2058,1
2059,1
2060,1
2227,1
2228,1
2229,1
2230,1
2231,1
2232,1
2233,1
2234,1
2235,1
2236,1
2237,1
2238,1
2239,1
2240,1
2241,1
2242,1
2243,1
2244,1
2245,1
2246,1
2247,1
2248,1
2254,3
2255,3
2256,3
2257,3
2258,3
2259,3
2260,3
2272,3
2273,3
2274,3
2275,3
2276,3
2277,3
2278,3
2279,3
2311,3
2312,3
2313,3
2331,1
2332,1
2333,1
2334,1
2335,1
2336,1
2337,1
2338,1
2339,1
2340,1
2341,1
2342,1
2343,1
2344,1
2345,1
2346,1
2347,1
2348,6
2349,6
2350,6
2351,6
2352,6
2354,5
2355,5
2356,5
2357,5
2358,5
2359,5
2360,5
2361,5
2362,5
2363,5
2364,5
2365,5
2366,5
2367,5
2368,5
2381,5
2382,5
2383,5
2384,5
2385,5
2386,5
2387,5
2389,2
2390,2
2391,2
2392,2
2393,2
2394,2
2395,2
2397,3
2398,3
2399,3
2400,3
2401,3
2402,3
2403,3
2405,3
2406,3
2407,3
2408,3
2409,3
2410,3
2411,3
2412,3
2413,3
2414,3
2415,3
2416,3
2417,3
2418,3
2420,3
2421,3
2422,3
2423,3
2424,3
2425,3
2426,3
2524,3
2525,3
2534,5
2535,5
2536,5
2562,5
2563,5
2564,5
2566,1
2567,1
2568,1
2569,1
2570,1
2571,1
2572,1
2573,1
9235,1
9236,1
9237,1
9238,1
9239,1
9240,1
9241,1
9242,1
9243,1
9244,1
9245,1
9246,1
9247,1
9248,1
9249,1
9250,1
9251,1
9252,1
9253,1
9254,1
9255,1
9256,1
9257,1
9258,1
9259,1
9260,1
9261,1
9262,1
9263,1
9264,1
9265,1
9266,1
9267,1
9268,1
9269,1
9270,1
9271,1
9272,1
9273,1
9274,1
9275,1
9276,1
9277,1
9278,1
9279,1
9280,1
9281,1
9282,1
9283,1
9284,1
9285,1
9286,1
9287,1
9288,1
9289,1
9290,1
9291,1
9292,1
9293,1
9294,1
9295,1
9296,1
9297,1
9298,1
9299,1
9300,1
9301,1
9302,1
9303,1
9304,1
9305,1
9306,1
9307,1
9308,1
9309,1
9310,1
9311,1
9312,1
9313,1
9314,1
9315,1
9316,1
9317,1
9318,1
9319,1
9320,1
9321,1
9322,1
9323,1
9324,1
9325,1
9326,1
9327,1
9328,1
9329,1
9330,1
9331,1
9332,1
9333,1
9334,1
9335,1
9336,1
9337,1
9338,1
9339,1
9340,1
9341,1
9342,1
9343,1
9344,1
9345,1
9346,1
9347,1
9348,1
9349,1
9350,1
9351,1
9352,1
9353,1
9354,1
9355,1
9356,1
9357,1
9358,1
9359,1
9360,1
9361,1
9362,1
9363,1
9364,1
9365,1
9366,1
9367,1
9368,1
9369,1
9370,1
9371,1
9372,1
9373,1
9374,1
9375,1
9376,1
11352,3
11353,3
11354,3
11355,3
11356,3
11357,3
11358,3
11359,3
11360,3
11361,3
11362,3
11363,3
11364,3
11365,3
11366,3
11367,3
11368,3
11370,2
11371,2
11372,2
11373,2
11374,2
11375,2
11376,2
11377,2
11378,2
11379,1
11380,1
11381,1
11382,1
11383,1
11384,1
11385,1
11386,1
11387,1
11393,3
11394,3
11395,3
11396,3
11397,3
11398,3
11399,3
11400,3
11401,3
11402,3
11403,3
11404,3
11405,3
11411,1
11412,1
11413,1
11414,1
11415,1
11416,1
11417,1
11418,1
11419,1
11420,1
11421,1
11422,1
11423,1
11443,1
11444,1
11445,1
11446,1
11447,1
11448,1
11449,1
11450,1
11451,1
11480,8
11481,8
11482,8
11483,8
11484,8
11485,8
11486,8
11487,8
11488,8
11489,8
11490,8
11491,8
11492,8
11493,8
11494,8
11495,8
11496,8
11498,3
11499,3
11500,3
11501,3
11502,3
11503,3
11505,7
11507,1
11508,8
11509,8
11538,1
11539,1
11540,1
11541,1
11542,1
11543,1
11544,1
11545,1
11546,1
11547,1
11548,1
11549,1
11550,1
11614,1
11615,1
11616,1
11617,1
11618,1
11619,1
11620,1
11621,1
11622,1
11623,1
11624,1
11625,1
11626,1
11627,1
11628,1
11629,1
11630,1
11631,1
11632,1
11633,1
11634,1
11635,1
11636,1
11637,1
11638,1
11644,1
11645,1
11646,1
11647,1
11648,1
11649,1
11650,1
11651,1
11652,1
11653,1
11654,1
11655,1
11656,1
11662,3
11663,3
11664,3
11665,3
11666,3
11667,3
11668,3
11669,3
11670,3
11671,3
11672,3
11673,3
11674,3
11680,4
11681,4
11682,4
11683,4
11684,4
11685,4
12043,1
12044,1
12045,1
12046,1
12047,1
12052,1
12053,1
12054,1
12055,1
12056,1
12057,1
12058,1
12059,1
12060,1
12061,1
12064,1
12065,1
12066,1
12067,1
12068,1
12069,1
12070,1
12101,1
12102,1
12103,1
12104,1
12105,1
12106,1
12107,1
12108,1
12109,1
12110,1
12111,1
12112,1
12155,1
12156,1
12157,1
12158,1
12159,1
12160,1
12161,1
12162,1
12163,1
12164,1
12165,1
12166,1
12167,1
12168,1
12169,1
12170,1
12171,4
12172,4
12173,4
12174,4
12176,3
12177,3
12178,3
12179,3
12180,3
12181,3
12182,3
12183,3
12184,3
12185,3
12186,3
12188,1
12189,1
12190,1
12191,1
12192,1
12193,1
12194,1
12195,1
12196,1
12197,3
12198,3
12200,1
12201,1
12202,1
12203,1
12204,1
12207,1
12208,1
12209,1
12210,1
12211,1
12212,1
12213,1
12214,1
12327,2
12328,2
12329,2
12330,2
12331,2
12332,2
12333,2
12334,2
12335,2
12336,2
12337,2
12343,2
12344,2
12345,2
12346,2
12347,2
12348,2
12349,2
12350,2
12351,2
12352,2
12353,2
12354,2
12373,3
12374,3
12375,3
12376,3
12377,3
12378,3
12379,3
12380,3
12381,3
12382,3
12383,3
12384,3
12385,3
12386,3
12387,3
12388,3
12389,7
12390,7
12391,7
12392,7
12394,7
12395,7
12396,7
12397,7
12398,7
12399,7
12400,7
12401,7
12402,7
12403,7
12404,7
12405,7
12406,7
12408,4
12409,4
12410,4
12411,4
12412,4
12413,4
12414,4
12416,3
12417,3
12418,3
12419,3
12420,4
12421,4
30873,1
30874,1
30875,1
30876,1
30877,1
30885,1
30886,1
30887,1
30889,1
30890,1
30891,1
30892,1
30893,1
30894,1
30896,1
30899,1
30900,1
30906,1
30907,1
30908,1
30909,1
30910,1
30911,1
30922,1
30923,1
30924,1
30925,1
30926,1
30927,1
30928,1
30929,1
30930,1
30931,1
30932,1
30954,1
30955,1
30956,1
30957,1
30958,1
30959,1
30970,1
30971,1
30972,1
30973,1
30974,1
30975,1
30976,1
30977,1
30978,1
30984,3
30985,3
30986,3
30987,3
30988,3
30989,3
30990,3
30991,3
30992,3
30993,3
30999,3
31000,3
31001,3
31002,3
31003,3
31004,3
31005,3
31006,3
31007,3
31008,3
31009,3
31010,3
31011,3
31012,3
31013,3
31014,3
31015,3
31016,3
31017,3
31018,3
31019,3
31020,3
31021,3
31055,8
31056,8
31057,8
31058,8
31059,8
31061,3
31062,3
31063,3
31064,5
31065,5
31066,5
31067,5
31068,5
31073,5
31074,5
31075,5
31076,5
31077,5
31078,5
31079,5
31080,5
31081,5
31082,5
31083,5
31084,5
31085,5
31086,5
31087,5
31100,5
31101,5
31102,5
31155,3
31156,3
31157,3
31158,3
31159,3
31164,3
31165,3
31166,3
31167,3
31168,3
31174,4
31175,4
31176,4
31177,4
31178,4
31179,4
31185,7
31186,7
31187,7
31188,7
31189,7
31190,7
31271,1
31272,1
31273,1
31274,1
31275,1
31278,1
31279,1
31280,1
31281,1
31282,1
31283,1
31284,1
31285,1
31286,1
31303,1
31304,1
31305,1
31306,1
31307,1
31308,1
31314,4
31315,4
31316,4
31317,4
31318,4
31320,2
31321,2
31323,2
31325,2
31326,4
31327,4
31411,1
31412,1
31413,1
31414,1
31415,1
31416,1
31417,1
31418,1
31435,1
31436,1
31437,1
31438,1
31439,1
31442,1
31443,1
31444,1
31450,3
31451,3
31452,3
31453,3
31454,3
31455,3
31461,1
31462,1
31463,1
31464,1
31465,1
31466,1
31525,1
31526,1
31527,1
31528,1
31529,1
31530,1
31531,1
31532,1
31533,1
38130,1
38131,1
38132,1
38133,1
38134,1
38135,1
38136,1
38137,1
38138,1
38139,1
38140,1
38173,1
38174,1
38175,1
38176,1
38182,17
38183,17
38184,17
38185,17
38186,17
38191,17
38192,17
38193,17
38194,17
38195,17
38196,17
38197,17
38199,3
38200,3
38201,3
38202,3
38203,3
38204,3
38205,3
38206,14
38207,14
38208,14
38209,14
38210,14
38211,14
38212,14
38214,8
38215,8
38216,8
38217,8
38218,8
38219,8
38220,8
38221,6
38222,6
38223,6
38224,6
