3857,1
3858,1
3859,1
3860,1
3861,1
3862,1
3863,1
3864,1
3865,1
3866,1
3867,1
3868,1
5839,1
5840,1
5841,1
5842,1
5843,1
5844,1
5845,1
5846,1
5847,1
5848,1
5849,1
5850,1
5851,1
5852,1
5853,1
5854,1
5855,1
5856,1
5857,1
5858,1
5859,1
5860,1
5861,1
5862,1
5863,1
5864,1
5865,1
5866,1
5867,1
5868,1
5869,1
5870,1
5871,1
5872,1
5873,1
5874,1
5875,1
5876,1
5877,1
5882,1
5883,1
5884,1
5885,1
5886,1
5887,1
5888,1
5889,1
5890,1
5891,1
5892,1
5893,1
5894,1
5895,1
5896,1
5897,1
5898,1
10870,1
10871,1
10872,1
10873,1
10874,1
10875,1
10876,1
10877,1
10878,1
10879,1
10880,1
10881,1
10882,1
10883,1
10884,1
10885,1
10886,1
10887,1
10893,1
10894,1
10895,1
10896,1
10897,1
10898,1
10969,1
10970,1
10971,1
10972,1
10973,1
10974,1
10975,1
10976,1
10977,1
10978,1
10979,1
10980,1
10981,1
10982,1
10983,1
10984,1
10985,1
10986,1
10987,1
10988,1
10989,1
10990,1
10991,1
10992,1
10993,1
10994,1
10995,1
10996,1
10997,1
10998,1
10999,1
11000,1
11001,1
11002,1
11003,1
11004,1
11005,1
11006,1
11007,1
11013,1
11014,1
11015,1
11016,1
11017,1
11018,1
11019,1
11020,1
11021,1
11022,1
11023,1
11024,1
11025,1
11027,1
11028,1
11029,1
11030,1
11031,1
11032,1
11033,1
11034,1
11035,1
11036,1
11037,1
11038,1
11039,1
11040,1
11041,1
11042,1
11043,1
11075,1
11076,1
11077,1
11078,1
11079,1
11080,1
11081,1
11082,1
11083,1
11084,1
11085,1
11086,1
11087,1
11275,1
11276,1
11277,1
11278,1
11279,1
11280,1
11281,1
11282,1
11283,1
11284,1
11285,1
11286,1
11287,1
11288,1
11289,1
11290,1
11291,1
11292,1
11293,1
11294,1
11295,1
11296,1
11297,1
11298,1
11307,1
11308,1
11309,1
11310,1
11311,1
11312,1
11313,1
11314,1
11315,1
11316,2
11317,2
11318,2
11319,2
11321,1
11322,1
11323,1
11324,1
11325,1
11326,1
11327,1
11328,1
11329,1
11330,1
11331,1
11340,1
11341,1
11343,1
11344,1
11345,1
11346,1
11352,3
11353,3
11354,3
11355,3
11356,3
11357,3
11358,3
11359,3
11360,3
11361,3
11362,3
11363,3
11364,3
11365,3
11366,3
11367,3
11368,3
11370,2
11371,2
11372,2
11373,2
11374,2
11375,2
11376,2
11377,2
11378,2
11379,1
11380,1
11381,1
11382,1
11383,1
11384,1
11385,1
11386,1
11387,1
11393,1
11394,1
11395,1
11396,1
11397,1
11398,1
11399,1
11400,1
11401,1
11402,1
11403,1
11404,1
11405,1
11411,1
11412,1
11413,1
11414,1
11415,1
11416,1
11417,1
11418,1
11419,1
11420,1
11421,1
11422,1
11423,1
11443,1
11444,1
11445,1
11446,1
11447,1
11448,1
11449,1
11450,1
11451,1
11457,2
11458,2
11459,2
11460,2
11461,2
11462,2
11463,2
11464,2
11465,2
11466,2
11467,2
11468,2
11469,2
11470,2
11471,2
11472,2
11473,2
11474,2
11480,2
11481,2
11482,2
11483,2
11484,2
11485,2
11486,2
11487,2
11488,2
11489,2
11490,2
11491,2
11492,2
11493,2
11494,2
11495,2
11496,2
11498,1
11499,1
11500,1
11501,1
11502,1
11503,1
11505,1
11507,1
11508,2
11509,2
11515,1
11516,1
11517,1
11518,1
11519,1
11520,1
11521,1
11522,1
11523,1
11524,1
11525,1
11526,1
11527,1
11528,1
11529,1
11530,1
11531,1
11532,1
11614,1
11615,1
11616,1
11617,1
11618,1
11619,1
11620,1
11621,1
11622,1
11623,1
11624,1
11625,1
11626,1
11627,1
11628,1
11629,1
11630,1
11631,1
11632,1
11633,1
11634,1
11635,1
11636,1
11637,1
11638,1
11662,1
11663,1
11664,1
11665,1
11666,1
11667,1
11668,1
11669,1
11670,1
11671,1
11672,1
11673,1
11674,1
17563,1
17564,1
17565,1
17566,1
17567,1
17584,1
17585,1
17586,1
17618,1
17619,1
17620,1
17621,1
17622,1
17623,1
17624,1
17625,1
17626,1
17627,1
17628,1
17629,1
17630,1
17631,1
17632,1
17633,1
17634,1
17635,1
17636,2
17637,2
17639,2
17640,2
17641,2
17642,2
17643,2
17644,2
17645,2
17646,2
17647,2
17648,2
17649,2
17650,2
17651,2
17652,2
17653,2
17654,2
17655,2
17657,1
17658,1
17659,1
17660,1
17661,1
17662,1
17664,1
17665,1
17666,1
17668,1
17669,1
17670,1
17671,1
17677,1
17678,1
17679,1
17680,1
17681,1
17682,1
17684,1
17685,1
17686,1
17687,1
17688,1
17689,1
17690,1
17691,1
17692,1
17737,1
17738,1
17739,1
17740,1
17741,1
17742,2
17743,2
17744,2
17745,2
17746,2
17748,2
17749,2
17750,2
17751,2
17752,2
17753,2
17754,2
17755,2
17756,2
17757,2
17758,2
17759,2
17760,2
17761,2
17762,2
17763,2
17764,2
17765,2
17766,2
17768,1
17769,1
17770,1
17771,1
17781,1
17782,1
17783,1
17784,1
17785,1
17790,1
17791,1
17792,1
17793,1
17794,1
17795,1
17796,1
17797,1
17798,1
17799,1
17800,1
17801,1
17802,1
17803,1
17804,1
17829,1
17830,1
17831,1
17837,1
17838,1
17839,1
18096,1
18097,1
18098,1
18099,1
18100,1
18101,1
18102,1
18103,1
18104,1
18105,1
18106,1
18107,1
18108,1
18109,1
18110,1
18111,1
18112,1
18113,1
18114,1
18115,1
18116,1
18117,1
18118,1
18119,1
18120,1
18121,1
18122,1
18123,1
18124,1
18125,1
18126,1
18134,1
18135,1
18136,1
18137,1
18138,1
18139,1
18140,1
18311,1
18312,1
18313,1
18314,1
18315,1
18316,1
18317,1
18318,1
18319,1
18320,1
18321,1
18322,1
18323,1
18324,1
18325,1
18326,1
18327,1
18328,1
18329,1
18330,1
18331,1
18361,1
18362,1
18363,1
18365,1
18366,1
18367,1
18368,1
18369,1
18370,1
18371,1
18372,1
18386,1
18387,1
18388,1
18389,1
18390,1
18391,1
18392,1
18393,1
18402,1
18403,1
18404,1
18405,1
18406,1
18407,1
18408,1
18409,1
18410,1
18411,1
18413,1
18414,1
18415,1
18416,1
18417,1
18418,1
18419,1
18420,1
18455,1
18456,1
18457,1
18458,1
18459,1
18460,1
18496,1
18497,1
18498,1
18499,1
18500,1
18628,1
18629,1
18630,1
18632,1
18633,1
18634,1
18635,1
18636,1
18637,1
18638,1
18639,1
18640,1
18641,1
18642,1
18653,1
18654,1
18655,1
18656,1
18657,1
18658,1
18659,1
18666,1
18667,1
18668,1
18669,1
18693,1
18694,1
18695,1
18696,1
18697,1
18698,1
18699,1
18708,1
18709,1
18710,1
18711,1
18712,1
18713,1
18714,1
18716,1
18717,1
18718,1
18719,1
18720,1
18722,1
18723,1
18724,1
18725,1
18726,1
18753,1
18754,1
18755,1
18757,1
18758,1
18759,1
18760,1
18761,1
18762,1
18763,1
18764,1
18765,1
18767,1
18768,1
18769,1
18771,1
18772,1
18774,1
18775,1
18776,1
18777,1
18778,1
18779,1
18780,1
18781,1
18782,1
18783,1
18784,1
18785,1
18786,1
18787,1
18788,1
18789,1
18790,1
18791,1
18792,1
18793,1
18794,1
18795,1
18796,1
18797,1
18819,1
18820,1
18821,1
18847,1
18848,1
18849,1
18850,1
18851,1
18852,1
18853,1
18854,1
18855,1
18856,1
18857,1
18858,1
18859,1
18860,1
18861,1
18862,1
18863,1
18864,1
18865,1
18866,1
18867,1
18868,1
18870,1
18871,1
18872,1
18874,1
18875,1
18876,1
18880,1
18881,1
18882,1
19099,1
19100,1
19101,1
19102,1
19103,1
19104,1
19105,1
19106,1
19107,1
19108,1
19109,1
19113,1
19114,1
19115,1
19138,1
19139,1
19140,1
19141,1
19142,1
19143,1
19144,1
19145,1
19146,1
19147,1
19148,1
19149,1
19150,1
19151,1
19155,1
19156,1
19157,1
19159,1
19160,1
19161,1
19162,1
19163,1
19164,1
19165,1
19166,1
19167,1
19168,1
19169,1
19170,1
19171,1
19172,1
19173,1
19174,1
19175,1
19176,1
19177,1
19178,1
19179,1
19180,1
19181,1
19182,1
19183,1
19184,1
19185,1
19186,1
19187,1
19188,1
19189,1
19190,1
19191,1
19192,1
19193,1
19194,1
19195,1
19196,1
19197,1
19198,1
19199,1
19200,1
19201,1
19202,1
19203,1
19204,1
19205,1
19220,1
19221,1
19222,1
19223,1
19224,1
19225,1
19226,1
19227,1
19228,1
19229,1
19230,1
19232,1
19233,1
19234,1
19235,1
19236,1
19237,1
19238,1
19239,1
19240,1
19241,1
19242,1
19243,1
19245,1
19246,1
19247,1
19248,1
19249,1
19250,1
19251,1
19252,1
19253,1
19254,1
19255,1
19281,1
19282,1
19283,1
19341,1
19342,1
19343,1
19344,1
19345,1
19346,1
19347,1
19359,1
19360,1
19361,1
19362,1
19363,1
19364,1
19365,1
19366,1
19398,1
19399,1
19400,1
30790,1
30791,1
30792,1
30793,1
30794,1
30795,1
30796,1
30797,1
30798,1
30799,1
30800,1
30801,1
30802,1
30803,1
30804,1
30805,1
30806,1
30812,1
30813,1
30814,1
30815,1
30816,1
30817,1
30818,1
30819,1
30820,1
30821,1
30822,1
30823,1
30824,1
30825,1
30826,1
30827,1
30828,1
30829,1
30830,1
30831,1
30832,1
30833,1
30834,1
30835,1
30836,1
30837,1
30838,1
30839,1
30840,1
30841,1
30842,1
30843,1
30844,1
30845,1
30846,1
30847,1
30848,1
30849,1
30850,1
30851,1
30852,1
30853,1
30854,1
30860,1
30861,1
30862,1
30863,1
30864,1
30865,1
30866,1
30867,1
30873,1
30874,1
30875,1
30876,1
30877,1
30879,1
30880,1
30882,1
30883,1
30898,1
30899,1
30900,1
30999,1
31000,1
31001,1
31002,1
31003,1
31004,1
31005,1
31006,1
31007,1
31008,1
31009,1
31010,1
31011,1
31012,1
31013,1
31014,1
31015,1
31016,1
31017,1
31018,1
31019,1
31020,1
31021,1
31119,2
31120,2
31121,2
31122,2
31123,2
31124,2
31155,2
31156,2
31157,2
31158,2
31159,2
31164,2
31165,2
31166,2
31167,2
31168,2
31174,1
31175,1
31176,1
31177,1
31178,1
31179,1
31314,2
31315,2
31316,2
31317,2
31318,2
31320,2
31321,2
31325,2
31326,2
31327,2
31353,1
31354,1
31355,1
31356,1
31357,1
31359,1
31360,1
31364,1
31365,1
31366,1
31396,1
31397,1
31398,1
31399,1
31400,1
31404,1
31405,1
31424,1
31425,1
31426,1
31427,1
31428,1
31429,1
31450,2
31451,2
31452,2
31453,2
31454,2
31455,2
31570,1
31571,1
31572,1
31573,1
31574,1
31575,1
31576,1
31577,1
31578,1
31579,1
31585,1
31586,1
31587,1
31588,1
31589,1
31590,1
31591,1
31592,1
31593,1
31594,1
31615,1
31616,1
31617,1
31618,1
31619,1
31620,1
31621,1
31622,1
31623,1
31624,1
31630,1
31631,1
31632,1
31633,1
31634,1
31635,1
31636,1
31637,1
31638,1
31639,1
31645,1
31646,1
31647,1
31648,1
31649,1
31650,1
31651,1
31652,1
31653,1
31654,1
31660,1
31661,1
31662,1
31663,1
31664,1
31665,1
31666,1
31667,1
31668,1
31669,1
31691,1
31692,1
31693,1
31694,1
31695,1
31696,1
31697,1
31698,1
31699,1
31700,1
38182,11
38183,11
38184,11
38185,11
38186,11
38191,11
38192,11
38193,11
38194,11
38195,11
38196,11
38197,11
38206,11
38207,11
38208,11
38209,11
38210,11
38211,11
38212,11
38214,1
38215,1
38216,1
38217,1
38218,1
38219,1
38220,1
38221,10
38222,10
38223,10
38224,10
38253,1
38254,1
38255,1
38256,1
38257,1
38258,1
38259,1
38260,1
38261,1
38267,1
38268,1
38269,1
38270,1
38271,1
38272,1
38273,1
38274,1
38280,1
38283,1
38284,1
38290,1
38291,1
38292,1
38293,1
38294,1
38299,1
38300,1
38301,1
38302,1
38303,1
38305,1
38306,1
38307,1
38308,1
38309,1
38310,1
38311,1
38312,1
38313,1
38314,1
38315,1
38316,1
38317,1
38345,1
38346,1
38414,1
38415,1
38416,1
38417,1
38451,1
38452,1
38453,1
38454,1
38455,1
38456,1
38457,1
38458,1
38459,1
38460,1
38461,1
38462,1
38468,1
38469,1
38470,1
38471,1
38472,1
38473,1
38474,1
38475,1
38476,1
38477,1
38478,1
38479,1
38480,1
38481,1
38482,1
38483,1
38484,1
38485,1
38486,1
38487,1
38488,1
38489,1
38490,1
38491,1
38492,1
38493,1
38494,1
38495,1
38496,1
38497,1
38498,1
38499,1
38500,1
38501,1
38502,1
38503,1
38504,1
38505,1
38506,1
38507,1
38508,1
38509,1
38510,1
38511,1
38512,1
38513,1
38514,1
38515,1
38516,1
38517,1
38518,1
38519,1
38520,1
38521,1
38522,1
38523,1
38524,1
38525,1
38526,1
38527,1
38528,1
38529,1
38530,1
38531,1
38532,1
38533,1
38534,1
38535,1
38536,1
38537,1
38538,1
38550,1
38551,1
38552,1
38553,1
38692,1
38693,1
38694,1
38695,1
38696,1
38697,1
38698,1
38699,1
38700,1
38701,1
38702,1
38703,1
38704,1
38705,1
38706,1
38707,1
38708,1
38709,1
38710,1
38711,1
38712,1
38713,1
38714,1
38715,1
38716,1
38717,1
38718,1
38719,1
38720,1
38755,1
38756,1
38757,1
38758,1
38759,1
38760,1
38761,1
38762,1
38763,1
38764,1
