1493,2
1494,2
1495,2
1496,2
1497,2
1498,2
1499,2
1511,2
1512,2
1513,2
1520,10
1521,10
1522,10
1523,10
1524,10
1525,10
1531,2
1532,2
1533,2
1534,2
1535,2
1536,2
1542,2
1543,2
1544,2
1545,2
1546,2
1547,2
1548,2
1549,2
1550,2
1551,2
1552,2
1553,2
1554,2
1555,2
1603,2
1604,2
1605,2
1606,2
1607,2
1608,2
1609,2
1610,2
1611,2
1612,2
1613,2
1614,2
1615,2
1617,14
1618,14
1619,14
1620,14
1621,14
1622,14
1623,14
1624,14
1625,14
1626,14
1627,16
1628,16
1629,16
1630,16
1631,16
1633,2
1634,2
1635,2
1636,2
1637,2
1638,2
1639,2
1640,2
1642,6
1643,6
1644,6
1645,6
1646,6
1647,6
1648,6
1649,6
1650,6
1651,6
1652,6
1653,8
1654,8
1655,8
1656,8
1657,8
1659,2
1660,2
1661,2
1662,2
1663,2
1664,2
1665,2
1666,2
1667,2
1668,2
1669,2
1670,2
1671,2
1672,2
1673,2
1674,2
1675,2
1676,2
1677,2
1678,2
1685,2
1686,2
1687,2
1688,2
1689,2
1690,2
1691,2
1692,2
1693,2
1694,2
1695,2
1696,2
1697,2
1698,2
1699,2
1700,2
1701,2
1702,2
1703,2
1704,2
1705,2
1706,2
1707,2
1709,2
1710,2
1711,2
1712,2
1713,2
1714,2
1715,2
1716,2
1717,2
1718,2
1719,2
1720,2
1721,2
1729,2
1730,2
1731,2
1732,2
1733,2
1734,2
1735,2
1758,2
1759,2
1760,2
1761,2
1762,2
1763,2
1764,2
1766,2
1767,2
1768,2
1791,2
1792,2
1793,2
1794,2
1795,2
1796,2
1797,2
1798,2
1799,2
1800,2
1817,2
1818,2
1819,2
1852,4
1853,4
1854,4
1855,4
1856,4
1858,2
1859,2
1860,2
1861,2
1862,2
1863,2
1864,2
1865,2
1866,2
1867,2
1868,2
1869,2
1870,2
1871,2
1872,2
1970,2
1971,2
1972,2
1973,2
1974,2
1975,2
1976,2
1977,2
1978,2
1979,2
1980,2
1981,2
1982,2
1983,2
1984,2
2008,2
2009,2
2010,2
2011,2
2012,2
2013,2
2014,2
2015,2
2016,2
2017,2
2018,2
2019,2
2020,2
2021,2
2022,2
2023,2
2024,2
2025,2
2026,2
2027,2
2028,2
2029,2
2039,2
2040,2
2041,2
2042,2
2043,2
2044,2
2045,2
2046,2
2047,2
2048,2
2049,2
2055,2
2056,2
2057,2
2058,2
2059,2
2061,2
2062,2
2063,2
2228,2
2229,2
2230,2
2231,2
2232,2
2233,2
2234,2
2235,2
2236,2
2237,2
2238,2
2239,2
2240,2
2241,2
2242,2
2243,2
2244,2
2245,2
2246,2
2247,2
2248,2
2249,2
2255,2
2256,2
2257,2
2258,2
2259,2
2260,2
2261,2
2273,2
2274,2
2275,2
2276,2
2277,2
2278,2
2279,2
2280,2
2282,2
2283,2
2284,2
2285,2
2286,2
2287,2
2288,2
2289,2
2290,2
2291,2
2292,2
2293,2
2294,2
2295,2
2305,2
2306,2
2307,2
2308,2
2309,2
2310,2
2311,2
2312,2
2313,2
2314,2
11236,2
11237,2
11238,2
11239,2
11240,2
11241,2
11242,2
11243,2
11244,2
11245,2
11246,2
11247,2
11248,2
11249,2
11250,2
11251,2
11252,2
11253,2
11254,2
11255,2
11256,2
11257,2
11258,2
11259,2
11261,2
11262,2
11263,2
11264,2
11265,2
11266,2
11267,2
11313,4
11314,4
11315,4
11316,4
11317,4
11318,4
11319,4
11320,4
11321,4
11322,4
11323,4
11324,4
11325,4
11326,4
11327,4
11328,4
11329,4
11331,4
11332,4
11333,4
11334,4
11335,4
11336,4
11337,4
11338,4
11339,4
11354,4
11355,4
11356,4
11357,4
11358,4
11359,4
11360,4
11361,4
11362,4
11363,4
11364,4
11365,4
11366,4
11372,2
11373,2
11374,2
11375,2
11376,2
11377,2
11378,2
11379,2
11380,2
11381,2
11382,2
11383,2
11384,2
11404,2
11405,2
11406,2
11407,2
11408,2
11409,2
11410,2
11411,2
11412,2
11441,2
11442,2
11443,2
11444,2
11445,2
11446,2
11447,2
11448,2
11449,2
11450,2
11451,2
11452,2
11453,2
11454,2
11455,2
11456,2
11457,2
11467,2
11468,2
11497,2
11498,2
11499,2
11500,2
11501,2
11502,2
11503,2
11504,2
11505,2
11506,2
11507,2
11508,2
11509,2
11573,2
11574,2
11575,2
11576,2
11577,2
11578,2
11579,2
11580,2
11581,2
11582,2
11583,2
11584,2
11585,2
11586,2
11587,2
11588,2
11589,2
11590,2
11591,2
11592,2
11593,2
11594,2
11595,2
11596,2
11597,2
11621,2
11622,2
11623,2
11624,2
11625,2
11626,2
11627,2
11628,2
11629,2
11630,2
11631,2
11632,2
11633,2
12286,2
12287,2
12288,2
12289,2
12290,2
12291,2
12292,2
12293,2
12294,2
12295,2
12296,2
12302,2
12303,2
12304,2
12305,2
12306,2
12307,2
12308,2
12309,2
12310,2
12311,2
12312,2
12313,2
12332,2
12333,2
12334,2
12335,2
12336,2
12337,2
12338,2
12339,2
12340,2
12341,2
12342,2
12343,2
12344,2
12345,2
12346,2
12347,2
12349,2
12350,2
12351,2
12352,2
12353,2
12354,2
12355,2
12356,2
12357,2
12358,2
12359,2
12360,2
12361,2
12362,2
12364,2
12365,2
12366,2
12367,2
12368,2
12369,2
12370,2
12372,2
12373,2
12374,2
12375,2
12376,2
12377,2
12378,2
12379,2
12380,2
25734,2
25735,2
25736,2
25737,2
25738,2
25739,2
25740,2
25741,2
25742,2
25743,2
25744,2
25745,2
25746,2
25747,2
25748,2
25749,2
25750,2
25751,2
25752,2
25753,2
25754,2
25755,2
25756,2
25757,2
25759,2
25760,2
25761,2
25762,2
25763,2
25764,2
25765,2
25766,2
25767,2
25768,2
25769,2
25770,2
25771,2
25773,2
25774,2
25775,2
25776,2
25777,2
25790,2
25791,2
25792,2
25793,2
25794,2
25795,2
25796,2
25798,2
25799,2
25800,2
25801,2
25802,2
25803,2
25804,2
25805,2
25806,2
25807,2
25809,2
25818,2
25819,2
25820,2
25821,2
25822,2
25823,2
25824,2
25825,2
25826,2
25827,2
25828,2
25829,2
25830,2
25831,2
25832,2
25845,2
25846,2
25847,2
25848,2
25861,2
25862,2
25863,2
25864,2
25865,2
25866,2
25867,2
25868,2
25869,2
25870,2
25871,2
25872,2
25873,2
25874,2
25875,2
25876,2
25877,2
25878,2
25879,2
25880,2
25881,2
25882,2
25883,2
25884,2
25885,2
25886,2
25887,2
25888,2
25889,2
25890,2
25891,2
25892,2
25893,2
25894,2
25895,2
25896,2
25897,2
26033,2
26034,2
26035,2
26036,2
26037,2
26038,2
26039,4
26040,4
26041,4
26042,4
26043,4
26045,2
26046,2
26047,2
26048,2
26049,2
26050,2
26051,2
26052,2
26053,2
26059,2
26060,2
26061,2
26062,2
26063,2
26064,2
26085,2
26086,2
26087,2
26093,2
26094,2
26095,2
26096,2
26097,2
26098,2
26099,2
26100,2
26101,2
26102,2
26103,2
26104,2
26105,2
26106,2
29669,1
29670,1
29671,1
29672,1
29673,1
29674,1
29675,1
29676,1
29677,1
29678,1
29679,1
29680,1
29681,1
29682,1
29683,1
29684,1
29685,1
29686,1
29687,1
29688,1
29689,1
29690,1
29691,1
29692,1
29693,1
29694,1
29695,1
29696,1
29697,1
29698,1
29699,1
29700,1
29701,1
29702,1
29703,1
29704,1
29705,1
29706,1
29707,1
29708,1
29709,1
29710,1
29711,1
29712,1
29713,1
29714,1
29715,1
29716,1
29717,1
29718,1
29719,1
29720,1
29721,1
29722,1
29723,1
29724,1
29725,1
29726,1
29727,1
29728,1
29729,1
29730,1
31498,14
31499,14
31500,14
31501,14
31502,14
31503,14
31504,14
31505,14
31506,14
31507,14
31513,2
31514,2
31515,2
31516,2
31517,2
31518,2
31519,2
31520,2
31521,2
31522,2
31523,2
31524,2
31525,2
31526,2
31527,2
31528,2
31529,2
31530,2
31531,2
31532,2
31533,2
31534,2
31535,2
31567,2
31568,2
31569,2
31570,2
31571,2
31573,2
31574,2
31575,2
31666,6
31667,6
31668,6
31669,6
31670,6
31672,6
31673,6
31678,6
31679,6
31685,4
31686,4
31687,4
31688,4
31689,4
31690,4
31696,2
31697,2
31698,2
31699,2
31700,2
31701,2
31825,2
31826,2
31827,2
31828,2
31829,2
31831,2
31832,2
31834,2
31954,2
31955,2
31956,2
31957,2
31958,2
31959,2
38747,10
38748,10
38749,10
38750,10
38751,10
38756,10
38757,10
38758,10
38759,10
38760,10
38761,10
38762,10
38764,6
38765,6
38766,6
38767,6
38768,6
38769,6
38770,6
38771,4
38772,4
38773,4
38774,4
38775,4
38776,4
38777,4
38786,4
38787,4
38788,4
38789,4
40792,2
40793,2
40794,2
40795,2
40796,2
40797,2
40818,8
40819,8
40820,8
40821,8
40822,8
40824,6
40825,6
40826,6
40827,6
40828,6
40829,6
40830,6
40831,2
40832,2
40833,2
40834,2
40855,2
40856,2
40857,2
40858,2
40859,2
40860,2
40861,2
40862,2
40863,2
40864,2
