1485,1
1486,1
1487,1
1488,1
1489,1
1490,1
1491,1
1497,1
1498,1
1499,1
1500,1
1501,1
1502,1
1503,1
1515,1
1516,1
1517,1
1524,43
1525,43
1526,43
1527,43
1528,43
1529,43
1535,1
1536,1
1537,1
1538,1
1539,1
1540,1
1546,1
1547,1
1548,1
1549,1
1550,1
1551,1
1552,1
1553,1
1554,1
1555,1
1556,1
1557,1
1558,1
1559,1
1607,1
1608,1
1609,1
1610,1
1611,1
1612,1
1613,1
1614,1
1615,1
1616,1
1617,1
1618,1
1619,1
1620,11
1621,11
1622,11
1623,11
1625,10
1626,10
1627,10
1628,10
1629,10
1630,10
1631,10
1632,10
1633,10
1634,10
1635,10
1637,1
1638,1
1639,1
1640,1
1641,1
1642,1
1643,1
1644,1
1645,1
1646,1
1647,1
1648,1
1663,1
1664,1
1665,1
1666,1
1667,1
1668,1
1669,1
1670,1
1671,1
1672,1
1673,1
1674,1
1675,1
1676,1
1677,1
1678,1
1679,1
1680,1
1681,1
1682,1
1689,1
1690,1
1691,1
1692,1
1693,1
1694,1
1695,1
1696,1
1697,1
1698,1
1699,1
1700,1
1701,1
1702,1
1703,1
1704,1
1705,1
1706,1
1707,1
1708,1
1709,1
1710,10
1711,10
1712,10
1713,10
1714,10
1716,9
1717,9
1718,9
1719,9
1720,9
1721,9
1722,9
1723,9
1724,9
1725,9
1726,9
1727,9
1728,9
1734,9
1735,9
1736,9
1737,9
1738,9
1739,9
1740,9
1759,9
1760,9
1761,9
1762,9
1763,9
1764,9
1765,9
1767,9
1768,9
1769,9
1790,9
1791,9
1792,9
1793,9
1794,9
1795,9
1796,9
1797,9
1814,9
1815,9
1816,9
1849,9
1850,9
1852,1
1853,1
1854,1
1855,1
1856,1
1857,1
1858,1
1859,1
1860,1
1861,1
1862,1
1863,1
1864,1
1865,1
1866,1
1872,8
1873,8
1874,8
1875,16
1876,16
1877,16
1878,16
1879,16
1881,15
1882,15
1883,15
1884,15
1885,15
1886,15
1887,15
1888,15
1889,15
1890,15
1891,15
1892,15
1893,15
1894,15
1896,7
1897,7
1898,7
1899,7
1900,7
1902,7
1903,7
1904,7
1905,7
1906,7
1907,7
1908,7
1910,8
1911,8
1912,8
1913,8
1914,8
1915,8
1916,8
1917,8
1918,8
1919,8
1920,8
1921,8
1935,8
1936,8
1938,8
1939,8
1940,8
1941,8
1942,8
1957,8
1958,8
1959,8
1965,9
1966,9
1967,9
1968,9
1969,9
1970,9
1971,9
1972,9
1973,9
1974,9
1975,9
1976,9
1977,9
1978,9
1979,9
2005,9
2006,9
2007,9
2008,9
2009,9
2010,9
2011,9
2012,9
2013,9
2014,9
2015,9
2016,9
2017,9
2018,9
2019,9
2020,9
2021,9
2022,9
2023,9
2024,9
2025,9
2026,9
2028,8
2029,8
2030,8
2031,8
2032,8
2033,8
2034,8
2035,8
2036,9
2037,9
2038,9
2039,9
2040,9
2041,9
2042,9
2043,9
2044,9
2045,9
2046,9
2052,1
2053,1
2054,1
2055,1
2056,1
2058,1
2059,1
2060,1
2227,1
2228,1
2229,1
2230,1
2231,1
2232,1
2233,1
2234,1
2235,1
2236,1
2237,1
2238,1
2239,1
2240,1
2241,1
2242,1
2243,1
2244,1
2245,1
2246,1
2247,1
2248,1
2254,9
2255,9
2256,9
2257,9
2258,9
2259,9
2260,9
2272,9
2273,9
2274,9
2275,9
2276,9
2277,9
2278,9
2279,9
2311,9
2312,9
2313,9
3118,1
3119,1
3120,1
3121,1
3122,1
3123,1
3124,1
3125,1
3126,1
3127,1
3128,1
3129,1
3130,1
3131,1
3132,1
3133,1
3134,1
3135,1
3136,1
3137,1
3138,1
3139,1
3140,1
3141,1
3142,1
3143,1
3144,1
3145,1
3146,1
3147,1
3148,1
3149,1
3150,1
3151,1
3152,1
3153,1
3154,1
3155,1
3156,1
3157,1
3158,1
3159,1
3160,1
3161,1
3162,1
3163,1
3164,1
3165,1
3166,1
3167,1
3168,1
3169,1
3170,1
3171,1
3172,1
3173,1
3174,1
3175,1
3176,1
3177,1
3178,1
3179,1
3180,1
3181,1
3182,1
3183,1
3184,1
3185,1
3186,1
3187,1
3188,1
3189,1
3190,1
3191,1
3192,1
3193,1
3194,1
3195,1
3196,1
3197,1
3198,1
3199,1
3200,1
3201,1
3202,1
3203,1
3204,1
3205,1
3206,1
3207,1
3208,1
3209,1
3210,1
3211,1
3212,1
3213,1
3214,1
3215,1
3216,1
3217,1
3218,1
3219,1
3220,1
3221,1
3222,1
3223,1
3224,1
3225,1
3226,1
3227,1
3228,1
3229,1
3230,1
3231,1
3232,1
3233,1
3234,1
3235,1
3236,1
3237,1
3238,1
3239,1
3240,1
3241,1
3242,1
3243,1
3244,1
3245,1
3246,1
3247,1
3248,1
3249,1
3250,1
3251,1
3252,1
3253,1
3254,1
3255,1
3256,1
3257,1
3258,1
3259,1
3260,1
3261,1
3262,1
3263,1
3264,1
3265,1
3266,1
3267,1
3268,1
3269,1
3270,1
3271,1
3272,1
3273,1
3274,1
3275,1
3276,1
3277,1
3278,1
3279,1
3280,1
3281,1
3282,1
3283,1
3284,1
3285,1
3286,1
3287,1
3288,1
3289,1
3290,1
3291,1
3292,1
3293,1
3294,1
3295,1
3296,1
3297,1
3298,1
3299,1
3300,1
3301,1
3302,1
3303,1
3304,1
3305,1
3306,1
3307,1
3308,1
3309,1
3310,1
3311,1
3312,1
3313,1
3314,1
3315,1
3316,1
3317,1
3318,1
3319,1
3320,1
3321,1
3322,1
3323,1
3324,1
3325,1
3326,1
3327,1
3328,1
3329,1
3330,1
3331,1
3332,1
3333,1
3334,1
3335,1
3336,1
3337,1
3338,1
3339,1
3340,1
3341,1
3342,1
3343,1
3344,1
3345,1
3346,1
3347,1
3348,1
3349,1
3350,1
3351,1
3352,1
3353,1
3354,1
3355,1
3356,1
3357,1
3358,1
3359,1
3360,1
3361,1
3362,1
3363,1
3364,1
3365,1
3366,1
3367,1
3368,1
3369,1
3370,1
3371,1
3372,1
3373,1
3374,1
3375,1
3376,1
3377,1
3378,1
3379,1
3380,1
3381,1
3382,1
3383,1
3384,1
3385,1
3386,1
3387,1
3388,1
3389,1
3390,1
3391,1
3392,1
3393,1
3394,1
3395,1
3396,1
3397,1
3398,1
3399,1
3400,1
3401,1
3402,1
3403,1
3404,1
3405,1
3406,1
3407,1
3408,1
3409,1
3410,1
3411,1
3412,1
3413,1
3414,1
3415,1
3416,1
3417,1
3418,1
3419,1
3420,1
3421,1
3422,1
3423,1
3424,1
3425,1
3426,1
3427,1
3428,1
3429,1
3430,1
3431,1
3432,1
3433,1
3434,1
3435,1
3436,1
3437,1
3438,1
3439,1
3440,1
3441,1
3442,1
3443,1
3444,1
3445,1
3446,1
3447,1
3448,1
3449,1
3450,1
3451,1
3452,1
3453,1
3454,1
3455,1
3456,1
3457,1
3458,1
3459,1
3460,1
3461,1
3462,1
3463,1
3464,1
3465,1
3466,1
3467,1
3468,1
3469,1
3470,1
3471,1
3472,1
3473,1
3474,1
3475,1
3476,1
3477,1
3478,1
3479,1
3480,1
3481,1
3482,1
3483,1
3484,1
3485,1
3486,1
3487,1
3488,1
3504,1
3505,1
3506,1
3507,1
3508,1
3509,1
3510,1
3511,1
3512,1
3513,1
3514,1
3515,1
3516,1
3517,1
3518,1
3534,1
3535,1
3536,1
3537,1
3538,1
3539,1
3540,1
10969,1
10970,1
10971,1
10972,1
10973,1
10974,1
10975,1
10976,1
10977,1
10978,1
10979,1
10980,1
10981,1
10982,1
10983,1
10984,1
10985,1
10986,1
10987,1
10988,1
10989,1
10990,1
10991,1
10992,1
10993,1
10994,1
10995,1
10996,1
10997,1
10998,1
10999,1
11000,1
11001,1
11002,1
11003,1
11004,1
11005,1
11006,1
11007,1
11013,10
11014,10
11015,10
11016,10
11017,10
11018,10
11019,10
11020,10
11021,10
11022,10
11023,10
11024,10
11025,10
11039,10
11040,10
11041,10
11042,10
11043,10
11075,10
11076,10
11077,10
11078,10
11079,10
11080,10
11081,10
11082,10
11083,10
11084,10
11085,10
11086,10
11087,10
11352,18
11353,18
11354,18
11355,18
11356,18
11357,18
11358,18
11359,18
11360,18
11361,18
11362,18
11363,18
11364,18
11365,18
11366,18
11367,18
11368,18
11370,18
11371,18
11372,18
11373,18
11374,18
11375,18
11376,18
11377,18
11378,18
11393,9
11394,9
11395,9
11396,9
11397,9
11398,9
11399,9
11400,9
11401,9
11402,9
11403,9
11404,9
11405,9
11411,1
11412,1
11413,1
11414,1
11415,1
11416,1
11417,1
11418,1
11419,1
11420,1
11421,1
11422,1
11423,1
11443,1
11444,1
11445,1
11446,1
11447,1
11448,1
11449,1
11450,1
11451,1
11480,33
11481,33
11482,33
11483,33
11484,33
11485,33
11486,33
11487,33
11488,33
11489,33
11490,33
11491,33
11492,33
11493,33
11494,33
11495,33
11496,33
11498,8
11499,8
11500,8
11501,8
11502,8
11503,8
11505,25
11507,8
11508,33
11509,33
11538,1
11539,1
11540,1
11541,1
11542,1
11543,1
11544,1
11545,1
11546,1
11547,1
11548,1
11549,1
11550,1
11614,1
11615,1
11616,1
11617,1
11618,1
11619,1
11620,1
11621,1
11622,1
11623,1
11624,1
11625,1
11626,1
11627,1
11628,1
11629,1
11630,1
11631,1
11632,1
11633,1
11634,1
11635,1
11636,1
11637,1
11638,1
11662,9
11663,9
11664,9
11665,9
11666,9
11667,9
11668,9
11669,9
11670,9
11671,9
11672,9
11673,9
11674,9
11718,8
11719,8
11720,8
11721,8
11722,8
11723,8
11724,8
11725,8
11726,8
11727,8
11728,6
11729,6
11731,2
11732,2
11733,2
11735,14
11736,14
11737,14
11738,14
11739,14
11740,14
11741,14
11742,12
11743,12
11744,12
11783,2
11784,2
11785,2
12006,1
12007,1
12008,1
12009,1
12010,1
12011,1
12012,1
12013,1
12014,1
12015,1
12016,1
12017,1
12043,16
12044,16
12045,16
12046,16
12047,16
12052,16
12053,16
12054,16
12055,16
12056,16
12057,16
12058,16
12059,16
12060,16
12061,16
12064,16
12065,16
12066,16
12067,16
12068,16
12069,16
12070,16
12101,2
12102,2
12103,2
12104,2
12105,2
12106,2
12107,2
12108,2
12109,2
12110,2
12111,2
12112,2
12155,16
12156,16
12157,16
12158,16
12159,16
12160,16
12161,16
12162,16
12163,16
12164,16
12165,16
12166,16
12167,16
12168,16
12169,16
12170,16
12171,160
12172,160
12173,160
12174,160
12176,144
12177,144
12178,144
12179,144
12180,144
12181,144
12182,144
12183,144
12184,144
12185,144
12186,144
12188,16
12189,16
12190,16
12191,16
12192,16
12193,16
12194,16
12195,16
12196,16
12197,144
12198,144
12200,16
12201,16
12202,16
12203,16
12204,16
12207,16
12208,16
12209,16
12210,16
12211,16
12212,16
12213,16
12214,16
12254,14
12255,14
12256,14
12257,14
12258,14
12263,14
12264,14
12265,14
12266,14
12267,14
12268,14
12269,14
12270,14
12271,14
12272,14
12277,14
12278,14
12279,14
12280,14
12281,14
12282,14
12283,14
12284,14
12285,14
12286,12
12287,12
12289,2
12290,2
12291,2
12293,14
12294,14
12295,14
12296,14
12297,14
12298,14
12299,14
12300,14
12301,14
12302,14
12303,12
12304,12
12306,2
12307,2
12308,2
12310,2
12311,2
12312,2
12313,2
12314,2
12315,2
12316,2
12317,2
12318,2
12319,2
12320,2
12321,2
12327,4
12328,4
12329,4
12330,4
12331,4
12332,4
12333,4
12334,4
12335,4
12336,4
12337,4
12343,4
12344,4
12345,4
12346,4
12347,4
12348,4
12349,4
12350,4
12351,4
12352,4
12353,4
12354,4
12373,20
12374,20
12375,20
12376,20
12377,20
12378,20
12379,20
12380,20
12381,20
12382,20
12383,20
12384,20
12385,20
12386,20
12387,20
12388,20
12389,97
12390,97
12391,97
12392,97
12394,95
12395,95
12396,95
12397,95
12398,95
12399,95
12400,95
12401,95
12402,95
12403,95
12404,95
12405,95
12406,95
12408,77
12409,77
12410,77
12411,77
12412,77
12413,77
12414,77
12416,18
12417,18
12418,18
12419,18
12420,77
12421,77
12423,2
12424,2
12425,2
25212,1
25213,1
25214,1
25215,1
25216,1
25217,1
25218,1
25219,1
25220,1
25221,1
25222,1
25223,1
25224,1
25225,1
25226,1
25361,1
25362,1
25363,1
25364,1
25365,1
25366,1
25367,1
25368,1
25369,1
25370,1
25371,1
25372,1
25373,1
25374,1
25375,1
25376,1
25377,1
25378,1
25379,1
25380,1
25381,1
25382,1
25383,18
25384,18
25385,18
25386,18
25387,18
25389,17
25390,17
25391,17
25392,17
25393,17
25394,17
25395,17
25396,17
25397,17
25398,17
25399,17
25400,17
25401,17
25403,17
25404,17
25405,17
25406,17
25407,17
25418,17
25419,17
25420,17
25421,17
25422,17
25423,17
25424,17
25543,17
25544,17
25545,17
25546,17
25547,17
25548,17
25549,17
25551,9
25552,9
25553,9
25554,9
25555,9
25563,9
25564,9
25565,9
25566,9
25567,9
25568,9
25569,9
25570,9
25653,8
25654,8
25655,8
25656,8
25657,8
25658,8
25659,8
25660,8
25661,17
25662,17
25663,17
25664,17
25665,17
25666,17
25667,17
25668,17
25670,1
25671,1
25672,1
25673,1
25674,1
25675,1
25676,1
25677,1
25678,1
25684,17
25685,17
25686,17
25687,17
25688,17
25689,17
25708,17
25709,17
25710,17
25716,1
25717,1
25718,1
25719,1
25720,1
25721,1
25722,1
25723,1
25724,1
25725,1
25726,1
25727,1
25728,1
25729,1
25735,8
25736,8
25737,8
25738,8
25739,8
25740,8
25762,8
25763,8
25764,8
25765,8
25766,8
25767,8
25768,8
25769,8
25770,8
25771,8
25772,8
25778,9
25779,9
25780,9
25781,9
25782,9
25783,9
25796,9
25797,9
25798,9
25799,9
25800,9
25801,9
25802,9
25803,9
25805,9
25806,9
25807,9
25808,9
25809,9
25810,9
25811,9
25812,9
25813,9
25814,9
25815,9
25816,9
25817,9
25818,9
25819,9
25820,9
25821,9
25822,9
25823,9
25824,9
25825,9
30645,10
30646,10
30647,10
30648,10
30649,10
30650,10
30651,10
30652,10
30653,10
30654,10
30655,10
30656,10
30662,10
30663,10
30664,10
30665,10
30666,10
30667,10
30668,10
30669,10
30670,10
30671,10
30672,10
30673,10
30674,10
30675,10
30676,10
30677,10
30678,10
30679,10
30680,10
30681,10
30682,10
30683,10
30684,10
30685,10
30686,10
30687,10
30688,10
30689,10
30690,10
30691,10
30692,10
30693,10
30694,10
30695,10
30696,10
30697,10
30698,10
30699,10
30700,10
30701,10
30702,10
30703,10
30704,10
30705,10
30706,10
30707,10
30708,10
30709,10
30710,10
30711,10
30712,10
30713,10
30714,10
30715,10
30716,10
30717,10
30718,10
30719,10
30720,10
30721,10
30722,10
30723,10
30724,10
30725,10
30726,10
30727,10
30728,10
30729,10
30730,10
30731,10
30732,10
30733,10
30734,10
30735,10
30736,10
30737,10
30738,10
30739,10
30740,10
30741,10
30742,10
30743,10
30744,10
30745,10
30746,10
30747,10
30748,10
30749,10
30750,10
30751,10
30752,10
30753,10
30754,10
30755,10
30756,10
30757,10
30758,10
30759,10
30760,10
30873,8
30874,8
30875,8
30876,8
30877,8
30885,8
30886,8
30887,8
30889,8
30890,8
30891,8
30892,8
30893,8
30894,8
30896,8
30899,8
30900,8
30906,8
30907,8
30908,8
30909,8
30910,8
30911,8
30922,8
30923,8
30924,8
30925,8
30926,8
30927,8
30928,8
30929,8
30930,8
30931,8
30932,8
30954,8
30955,8
30956,8
30957,8
30958,8
30959,8
30970,8
30971,8
30972,8
30973,8
30974,8
30975,8
30976,8
30977,8
30978,8
30984,10
30985,10
30986,10
30987,10
30988,10
30989,10
30990,10
30991,10
30992,10
30993,10
30999,9
31000,9
31001,9
31002,9
31003,9
31004,9
31005,9
31006,9
31007,9
31008,9
31009,9
31010,9
31011,9
31012,9
31013,9
31014,9
31015,9
31016,9
31017,9
31018,9
31019,9
31020,9
31021,9
31055,146
31056,146
31057,146
31058,146
31059,146
31061,18
31062,18
31063,18
31064,128
31065,128
31066,128
31067,128
31068,128
31073,128
31074,128
31075,128
31076,128
31077,128
31078,128
31079,128
31080,128
31081,128
31082,128
31083,128
31084,128
31085,128
31086,128
31087,128
31089,128
31090,128
31091,128
31092,128
31093,128
31094,128
31095,128
31096,128
31097,128
31100,128
31101,128
31102,128
31155,19
31156,19
31157,19
31158,19
31159,19
31164,19
31165,19
31166,19
31167,19
31168,19
31174,77
31175,77
31176,77
31177,77
31178,77
31179,77
31185,95
31186,95
31187,95
31188,95
31189,95
31190,95
31196,14
31197,14
31198,14
31199,14
31200,14
31201,14
31271,8
31272,8
31273,8
31274,8
31275,8
31278,8
31279,8
31280,8
31281,8
31282,8
31283,8
31284,8
31285,8
31286,8
31303,16
31304,16
31305,16
31306,16
31307,16
31308,16
31314,17
31315,17
31316,17
31317,17
31318,17
31320,1
31321,1
31323,16
31325,1
31326,17
31327,17
31396,10
31397,10
31398,10
31399,10
31400,10
31403,10
31404,10
31405,10
31411,8
31412,8
31413,8
31414,8
31415,8
31416,8
31417,8
31418,8
31435,8
31436,8
31437,8
31438,8
31439,8
31442,8
31443,8
31444,8
31450,19
31451,19
31452,19
31453,19
31454,19
31455,19
31461,8
31462,8
31463,8
31464,8
31465,8
31466,8
31525,8
31526,8
31527,8
31528,8
31529,8
31530,8
31531,8
31532,8
31533,8
31822,10
31823,10
31824,10
31825,10
31826,10
31827,10
31828,10
31829,10
31830,10
31831,10
31832,10
38130,8
38131,8
38132,8
38133,8
38134,8
38135,8
38136,8
38137,8
38138,8
38139,8
38140,8
38142,8
38143,8
38144,8
38145,8
38146,8
38173,8
38174,8
38175,8
38176,8
38182,71
38183,71
38184,71
38185,71
38186,71
38191,71
38192,71
38193,71
38194,71
38195,71
38196,71
38197,71
38206,71
38207,71
38208,71
38209,71
38210,71
38211,71
38212,71
38214,43
38215,43
38216,43
38217,43
38218,43
38219,43
38220,43
38221,28
38222,28
38223,28
38224,28
38253,10
38254,10
38255,10
38256,10
38257,10
38258,10
38259,10
38260,10
38261,10
38267,10
38268,10
38269,10
38270,10
38271,10
38272,10
38273,10
38274,10
38280,10
38283,10
38284,10
38290,10
38291,10
38292,10
38293,10
38294,10
38299,10
38300,10
38301,10
38302,10
38303,10
38305,10
38306,10
38307,10
38308,10
38309,10
38310,10
38311,10
38312,10
38313,10
38314,10
38315,10
38316,10
38317,10
38345,10
38346,10
38414,10
38415,10
38416,10
38417,10
38874,2
38875,2
38876,2
38877,2
38878,2
38879,2
38880,2
38881,2
38882,2
38883,2
38915,1
38916,1
38917,1
38918,1
38919,1
38920,1
38921,1
38922,1
38923,1
38924,1
38925,1
38927,1
38928,1
38929,1
38931,2
38932,2
38933,2
38934,2
38935,2
38936,2
38937,2
38938,2
38939,2
38940,2
38941,2
38947,1
38948,1
38949,1
38950,1
38951,1
38952,1
38953,1
38954,1
38955,1
38956,1
38957,1
38959,1
38960,1
38961,1
38963,2
38964,2
38965,2
38966,2
38967,2
38968,2
38969,2
38970,2
38972,2
38973,2
38974,2
38975,2
38976,2
38977,2
38978,2
38979,2
39008,2
39009,2
39010,2
39011,2
39012,2
39013,2
39014,2
39015,2
39016,2
39017,2
39018,2
39046,2
39047,2
39048,2
39049,2
39050,2
39051,2
39052,2
39092,2
39093,2
39094,2
39095,2
39096,2
39097,2
39098,2
39099,2
39100,2
39101,2
39102,2
39103,2
39135,14
39136,14
39137,14
39138,14
39139,14
39140,14
39141,14
39143,2
39144,2
39145,2
39146,2
39147,12
39148,12
39149,12
39150,12
39152,2
39153,2
39154,2
39155,2
39156,2
39157,2
39158,2
39159,10
39160,10
39161,10
39162,10
39164,2
39165,2
39166,2
39167,2
39168,2
39169,2
39170,2
39171,8
39172,8
39173,8
39174,8
39176,1
39177,1
39178,1
39179,1
39180,1
39183,7
39184,7
39185,7
39186,7
39188,2
39189,2
39190,2
39191,2
39192,2
39193,2
39194,2
39195,5
39196,5
39197,5
39198,5
39200,2
39201,2
39202,2
39203,2
39204,2
39205,2
39206,2
39207,3
39208,3
39209,3
39210,3
39219,3
39220,3
39221,3
39222,3
39224,1
39225,1
39226,1
39227,1
39228,1
39231,2
39232,2
39233,2
39234,2
39236,2
39237,2
39238,2
39239,2
39240,2
39241,2
39242,2
39266,2
39267,2
39268,2
39270,14
39271,14
39272,14
39273,14
39274,14
39275,14
39276,14
39277,14
39278,14
39279,14
39280,12
39281,12
39283,2
39284,2
39285,2
39342,8
39343,8
39344,8
39345,8
39346,8
39347,1
39348,1
39349,1
39350,1
39351,1
39352,1
39353,1
39354,1
39355,1
39356,1
39357,1
39358,1
39359,1
39360,1
39361,1
39362,1
39363,1
39364,1
39365,1
39366,1
39371,1
39372,1
39373,1
39374,1
39375,1
39376,1
39377,1
39378,1
39379,1
39380,1
39381,1
39382,1
39391,18
39392,18
39393,18
39394,18
39395,18
39397,17
39399,16
39401,15
39403,14
39405,13
39407,13
39409,12
39411,11
39413,10
39415,8
39417,10
39418,18
39419,18
39425,1
39426,1
39427,1
39428,1
39429,1
39430,1
39431,1
39432,1
39433,1
39434,1
39435,1
39436,1
39437,1
39438,1
39439,1
39440,1
39441,1
39442,1
39443,1
39444,1
39445,1
39446,19
39447,19
39448,19
39449,19
39450,19
39452,18
39453,18
39454,18
39455,18
39456,18
39457,18
39458,18
39459,18
39460,18
39461,18
39462,18
39463,18
39464,18
39465,18
39467,10
39468,10
39469,10
39471,9
39472,9
39473,9
39474,9
39475,9
39476,9
39477,9
39478,9
39479,9
39480,9
39483,2
39484,9
39485,9
39486,9
39487,9
39488,9
39489,9
39490,9
39491,9
39492,9
39493,9
39494,9
39495,9
39496,9
39497,9
39498,9
39499,9
39500,9
39501,9
39502,9
39503,9
39504,9
39505,9
39506,9
39507,9
39508,9
39509,9
39510,9
39511,9
39512,9
39513,9
39514,9
39515,10
39516,10
39517,10
39518,10
39520,8
39521,8
39522,8
39528,8
39529,8
39530,8
39531,8
39532,8
39533,8
39534,8
39535,18
39536,18
39537,18
39539,1
39540,1
39541,1
39543,1
39544,1
39545,1
39546,1
39547,1
39548,1
39549,1
39550,1
39551,1
39552,1
39556,1
39557,1
39558,1
39559,1
39560,1
39561,1
39562,1
39563,1
39564,1
39565,1
39566,1
39567,1
39568,1
39569,1
39570,1
39571,1
39572,1
39573,1
39574,1
39575,1
39576,1
39577,1
39578,1
39579,1
39580,1
39581,1
39629,10
39630,10
39631,10
39632,10
39633,10
39634,10
39635,10
39636,10
39637,10
39638,10
39639,10
39640,10
39641,10
39642,10
39643,10
39644,10
39645,10
39646,10
39647,10
39648,10
39649,10
39650,10
39651,10
39652,10
39653,10
39674,10
39675,10
39676,10
39677,10
39678,10
39692,10
39693,10
39694,10
39695,10
39696,10
39697,10
39698,10
39699,10
39700,10
39733,10
39734,10
39735,10
39736,10
39737,10
39740,2
39741,10
39742,10
39743,10
39744,10
39745,10
39746,10
39795,10
39796,10
39797,10
39798,10
39799,10
39800,10
39801,10
39802,10
39803,10
39804,10
39805,10
39806,10
39807,10
39840,10
39841,10
39842,10
39843,10
39844,10
39845,10
39846,10
39847,10
39848,10
39849,10
39855,10
39856,10
39857,10
39858,10
39859,10
39860,10
39861,10
39862,10
39863,10
39864,10
39897,10
39898,10
39899,10
39900,10
39901,10
39902,10
39903,10
39904,10
39905,10
39906,10
39907,10
39913,10
39914,10
39915,10
39916,10
39917,10
39918,10
39919,10
39920,10
39926,10
39927,10
39928,10
39929,10
39930,10
39931,10
39932,10
39933,10
39939,10
39940,10
39941,10
39942,10
39943,10
39944,10
39945,10
39946,10
39952,10
39953,10
39954,10
39955,10
39956,10
39957,10
39958,10
39959,10
39965,10
39966,10
39967,10
39968,10
39969,10
39970,10
39971,10
39972,10
39978,10
39979,10
39980,10
39981,10
39982,10
39983,10
39984,10
39985,10
39991,10
39992,10
39993,10
39994,10
39995,10
39996,10
39997,10
39998,10
40004,10
40005,10
40006,10
40007,10
40008,10
40009,10
40010,10
40011,10
40017,10
40018,10
40019,10
40020,10
40021,10
40022,10
40023,10
40024,10
