1497,1
1498,1
1499,1
1500,1
1501,1
1502,1
1503,1
1515,1
1516,1
1517,1
1524,11
1525,11
1526,11
1527,11
1528,11
1529,11
1535,1
1536,1
1537,1
1538,1
1539,1
1540,1
1546,1
1547,1
1548,1
1549,1
1550,1
1551,1
1552,1
1553,1
1554,1
1555,1
1556,1
1557,1
1558,1
1559,1
1607,1
1608,1
1609,1
1610,1
1611,1
1612,1
1613,1
1614,1
1615,1
1616,1
1617,1
1618,1
1619,1
1620,3
1621,3
1622,3
1623,3
1625,2
1626,2
1627,2
1628,2
1629,2
1630,2
1631,2
1632,2
1633,2
1634,2
1635,2
1637,1
1638,1
1639,1
1640,1
1641,1
1642,1
1643,1
1644,1
1645,1
1646,1
1647,1
1648,1
1663,1
1664,1
1665,1
1666,1
1667,1
1668,1
1669,1
1670,1
1671,1
1672,1
1673,1
1674,1
1675,1
1676,1
1677,1
1678,1
1679,1
1680,1
1681,1
1682,1
1689,1
1690,1
1691,1
1692,1
1693,1
1694,1
1695,1
1696,1
1697,1
1698,1
1699,1
1700,1
1701,1
1702,1
1703,1
1704,1
1705,1
1706,1
1707,1
1708,1
1709,1
1710,3
1711,3
1712,3
1713,3
1714,3
1716,2
1717,2
1718,2
1719,2
1720,2
1721,2
1722,2
1723,2
1724,2
1725,2
1726,2
1727,2
1728,2
1734,2
1735,2
1736,2
1737,2
1738,2
1739,2
1740,2
1759,2
1760,2
1761,2
1762,2
1763,2
1764,2
1765,2
1767,2
1768,2
1769,2
1790,2
1791,2
1792,2
1793,2
1794,2
1795,2
1796,2
1797,2
1814,2
1815,2
1816,2
1849,2
1850,2
1852,1
1853,1
1854,1
1855,1
1856,1
1857,1
1858,1
1859,1
1860,1
1861,1
1862,1
1863,1
1864,1
1865,1
1866,1
1872,2
1873,2
1874,2
1875,5
1876,5
1877,5
1878,5
1879,5
1881,4
1882,4
1883,4
1884,4
1885,4
1886,4
1887,4
1888,4
1889,4
1890,4
1891,4
1892,4
1893,4
1894,4
1896,1
1897,1
1898,1
1899,1
1900,1
1902,1
1903,1
1904,1
1905,1
1906,1
1907,1
1908,1
1910,3
1911,3
1912,3
1913,3
1914,3
1915,3
1916,3
1917,3
1918,3
1919,3
1920,3
1921,3
1935,3
1936,3
1938,2
1939,2
1940,2
1941,2
1942,2
1957,2
1958,2
1959,2
1965,2
1966,2
1967,2
1968,2
1969,2
1970,2
1971,2
1972,2
1973,2
1974,2
1975,2
1976,2
1977,2
1978,2
1979,2
2005,2
2006,2
2007,2
2008,2
2009,2
2010,2
2011,2
2012,2
2013,2
2014,2
2015,2
2016,2
2017,2
2018,2
2019,2
2020,2
2021,2
2022,2
2023,2
2024,2
2025,2
2026,2
2028,2
2029,2
2030,2
2031,2
2032,2
2033,2
2034,2
2035,2
2036,2
2037,2
2038,2
2039,2
2040,2
2041,2
2042,2
2043,2
2044,2
2045,2
2046,2
2052,1
2053,1
2054,1
2055,1
2056,1
2058,1
2059,1
2060,1
2227,1
2228,1
2229,1
2230,1
2231,1
2232,1
2233,1
2234,1
2235,1
2236,1
2237,1
2238,1
2239,1
2240,1
2241,1
2242,1
2243,1
2244,1
2245,1
2246,1
2247,1
2248,1
2254,2
2255,2
2256,2
2257,2
2258,2
2259,2
2260,2
2272,2
2273,2
2274,2
2275,2
2276,2
2277,2
2278,2
2279,2
2311,2
2312,2
2313,2
10338,1
10339,1
10340,1
10341,1
10342,1
10343,1
10344,1
10345,1
10346,1
10347,1
10348,1
10349,1
10350,1
10351,1
10352,1
10353,1
10354,1
10355,1
10356,1
10357,1
10358,1
10359,1
10360,1
10361,1
10362,1
10363,1
10364,1
10365,1
10366,1
10367,1
10368,1
10369,1
10370,1
10371,1
10372,1
10373,1
10374,1
10375,1
10376,1
10377,1
10378,1
10379,1
10380,1
10381,1
10382,1
10383,1
10384,1
10385,1
10386,1
10387,1
10388,1
10389,1
10390,1
10391,1
10392,1
10393,1
10394,1
10395,1
10396,1
10397,1
10398,1
10399,1
10400,1
10401,1
10402,1
10403,1
10404,1
10405,1
10406,1
10407,1
10408,1
10409,1
10410,1
10411,1
10412,1
10413,1
10414,1
10415,1
10416,1
10417,1
10418,1
10419,1
10420,1
10421,1
10422,1
10423,1
10424,1
10425,1
10426,1
10427,1
10428,1
10429,1
10430,1
10431,1
10432,1
10433,1
10434,1
10435,1
10436,1
10437,1
10438,1
10439,1
10440,1
10441,1
10442,1
10443,1
10444,1
10445,1
10446,1
10447,1
10448,1
10449,1
10450,1
10451,1
10452,1
10453,1
10454,1
10455,1
10456,1
10457,1
10458,1
10459,1
10460,1
10461,1
10462,1
10969,1
10970,1
10971,1
10972,1
10973,1
10974,1
10975,1
10976,1
10977,1
10978,1
10979,1
10980,1
10981,1
10982,1
10983,1
10984,1
10985,1
10986,1
10987,1
10988,1
10989,1
10990,1
10991,1
10992,1
10993,1
10994,1
10995,1
10996,1
10997,1
10998,1
10999,1
11000,1
11001,1
11002,1
11003,1
11004,1
11005,1
11006,1
11007,1
11013,2
11014,2
11015,2
11016,2
11017,2
11018,2
11019,2
11020,2
11021,2
11022,2
11023,2
11024,2
11025,2
11039,2
11040,2
11041,2
11042,2
11043,2
11075,2
11076,2
11077,2
11078,2
11079,2
11080,2
11081,2
11082,2
11083,2
11084,2
11085,2
11086,2
11087,2
11352,2
11353,2
11354,2
11355,2
11356,2
11357,2
11358,2
11359,2
11360,2
11361,2
11362,2
11363,2
11364,2
11365,2
11366,2
11367,2
11368,2
11370,2
11371,2
11372,2
11373,2
11374,2
11375,2
11376,2
11377,2
11378,2
11393,2
11394,2
11395,2
11396,2
11397,2
11398,2
11399,2
11400,2
11401,2
11402,2
11403,2
11404,2
11405,2
11411,1
11412,1
11413,1
11414,1
11415,1
11416,1
11417,1
11418,1
11419,1
11420,1
11421,1
11422,1
11423,1
11443,1
11444,1
11445,1
11446,1
11447,1
11448,1
11449,1
11450,1
11451,1
11480,6
11481,6
11482,6
11483,6
11484,6
11485,6
11486,6
11487,6
11488,6
11489,6
11490,6
11491,6
11492,6
11493,6
11494,6
11495,6
11496,6
11498,3
11499,3
11500,3
11501,3
11502,3
11503,3
11505,3
11507,3
11508,6
11509,6
11538,1
11539,1
11540,1
11541,1
11542,1
11543,1
11544,1
11545,1
11546,1
11547,1
11548,1
11549,1
11550,1
11614,1
11615,1
11616,1
11617,1
11618,1
11619,1
11620,1
11621,1
11622,1
11623,1
11624,1
11625,1
11626,1
11627,1
11628,1
11629,1
11630,1
11631,1
11632,1
11633,1
11634,1
11635,1
11636,1
11637,1
11638,1
11662,2
11663,2
11664,2
11665,2
11666,2
11667,2
11668,2
11669,2
11670,2
11671,2
11672,2
11673,2
11674,2
12155,2
12156,2
12157,2
12158,2
12159,2
12160,2
12161,2
12162,2
12163,2
12164,2
12165,2
12166,2
12167,2
12168,2
12169,2
12170,2
12171,6
12172,6
12173,6
12174,6
12176,4
12177,4
12178,4
12179,4
12180,4
12181,4
12182,4
12183,4
12184,4
12185,4
12186,4
12188,2
12189,2
12190,2
12191,2
12192,2
12193,2
12194,2
12195,2
12196,2
12197,4
12198,4
12200,2
12201,2
12202,2
12203,2
12204,2
12207,2
12208,2
12209,2
12210,2
12211,2
12212,2
12213,2
12214,2
12220,2
12221,2
12222,2
12223,2
12224,2
12225,2
12226,2
12227,2
12228,2
12229,2
12230,2
12231,2
12327,2
12328,2
12329,2
12330,2
12331,2
12332,2
12333,2
12334,2
12335,2
12336,2
12337,2
12343,2
12344,2
12345,2
12346,2
12347,2
12348,2
12349,2
12350,2
12351,2
12352,2
12353,2
12354,2
12373,4
12374,4
12375,4
12376,4
12377,4
12378,4
12379,4
12380,4
12381,4
12382,4
12383,4
12384,4
12385,4
12386,4
12387,4
12388,4
12389,6
12390,6
12391,6
12392,6
12394,6
12395,6
12396,6
12397,6
12398,6
12399,6
12400,6
12401,6
12402,6
12403,6
12404,6
12405,6
12406,6
12408,2
12409,2
12410,2
12411,2
12412,2
12413,2
12414,2
12416,4
12417,4
12418,4
12419,4
12420,2
12421,2
30790,2
30791,2
30792,2
30793,2
30794,2
30795,2
30796,2
30797,2
30798,2
30799,2
30800,2
30801,2
30802,2
30803,2
30804,2
30805,2
30806,2
30812,2
30813,2
30814,2
30815,2
30816,2
30817,2
30818,2
30819,2
30820,2
30821,2
30822,2
30823,2
30824,2
30825,2
30826,2
30827,2
30828,2
30829,2
30830,2
30831,2
30832,2
30833,2
30834,2
30835,2
30836,2
30837,2
30838,2
30839,2
30840,2
30841,2
30842,2
30843,2
30844,2
30845,2
30846,2
30847,2
30848,2
30849,2
30850,2
30851,2
30852,2
30853,2
30854,2
30860,2
30861,2
30862,2
30863,2
30864,2
30865,2
30866,2
30867,2
30873,3
30874,3
30875,3
30876,3
30877,3
30885,3
30886,3
30887,3
30896,3
30899,3
30900,3
30906,3
30907,3
30908,3
30909,3
30910,3
30911,3
30922,3
30923,3
30924,3
30925,3
30926,3
30927,3
30928,3
30929,3
30930,3
30931,3
30932,3
30954,3
30955,3
30956,3
30957,3
30958,3
30959,3
30970,3
30971,3
30972,3
30973,3
30974,3
30975,3
30976,3
30977,3
30978,3
30984,2
30985,2
30986,2
30987,2
30988,2
30989,2
30990,2
30991,2
30992,2
30993,2
30999,2
31000,2
31001,2
31002,2
31003,2
31004,2
31005,2
31006,2
31007,2
31008,2
31009,2
31010,2
31011,2
31012,2
31013,2
31014,2
31015,2
31016,2
31017,2
31018,2
31019,2
31020,2
31021,2
31055,7
31056,7
31057,7
31058,7
31059,7
31061,4
31062,4
31063,4
31064,3
31065,3
31066,3
31067,3
31068,3
31073,3
31074,3
31075,3
31076,3
31077,3
31078,3
31079,3
31080,3
31081,3
31082,3
31083,3
31084,3
31085,3
31086,3
31087,3
31089,3
31090,3
31091,3
31092,3
31093,3
31094,3
31095,3
31096,3
31097,3
31100,3
31101,3
31102,3
31155,4
31156,4
31157,4
31158,4
31159,4
31164,4
31165,4
31166,4
31167,4
31168,4
31174,2
31175,2
31176,2
31177,2
31178,2
31179,2
31185,6
31186,6
31187,6
31188,6
31189,6
31190,6
31271,2
31272,2
31273,2
31274,2
31275,2
31278,2
31279,2
31280,2
31281,2
31282,2
31283,2
31284,2
31285,2
31286,2
31303,2
31304,2
31305,2
31306,2
31307,2
31308,2
31314,5
31315,5
31316,5
31317,5
31318,5
31320,5
31321,5
31323,5
31326,5
31327,5
31396,2
31397,2
31398,2
31399,2
31400,2
31403,2
31404,2
31405,2
31411,2
31412,2
31413,2
31414,2
31415,2
31416,2
31417,2
31418,2
31435,3
31436,3
31437,3
31438,3
31439,3
31442,3
31443,3
31444,3
31450,4
31451,4
31452,4
31453,4
31454,4
31455,4
31461,3
31462,3
31463,3
31464,3
31465,3
31466,3
31525,3
31526,3
31527,3
31528,3
31529,3
31530,3
31531,3
31532,3
31533,3
31570,2
31571,2
31572,2
31573,2
31574,2
31575,2
31576,2
31577,2
31578,2
31579,2
31585,2
31586,2
31587,2
31588,2
31589,2
31590,2
31591,2
31592,2
31593,2
31594,2
31615,2
31616,2
31617,2
31618,2
31619,2
31620,2
31621,2
31622,2
31623,2
31624,2
31630,2
31631,2
31632,2
31633,2
31634,2
31635,2
31636,2
31637,2
31638,2
31639,2
31645,2
31646,2
31647,2
31648,2
31649,2
31650,2
31651,2
31652,2
31653,2
31654,2
31660,2
31661,2
31662,2
31663,2
31664,2
31665,2
31666,2
31667,2
31668,2
31669,2
31691,2
31692,2
31693,2
31694,2
31695,2
31696,2
31697,2
31698,2
31699,2
31700,2
38130,3
38131,3
38132,3
38133,3
38134,3
38135,3
38136,3
38137,3
38138,3
38139,3
38140,3
38142,3
38143,3
38144,3
38145,3
38146,3
38173,3
38174,3
38175,3
38176,3
38182,12
38183,12
38184,12
38185,12
38186,12
38191,12
38192,12
38193,12
38194,12
38195,12
38196,12
38197,12
38206,12
38207,12
38208,12
38209,12
38210,12
38211,12
38212,12
38214,5
38215,5
38216,5
38217,5
38218,5
38219,5
38220,5
38221,7
38222,7
38223,7
38224,7
38253,2
38254,2
38255,2
38256,2
38257,2
38258,2
38259,2
38260,2
38261,2
38267,2
38268,2
38269,2
38270,2
38271,2
38272,2
38273,2
38274,2
38280,2
38283,2
38284,2
38290,2
38291,2
38292,2
38293,2
38294,2
38299,2
38300,2
38301,2
38302,2
38303,2
38305,2
38306,2
38307,2
38308,2
38309,2
38310,2
38311,2
38312,2
38313,2
38314,2
38315,2
38316,2
38317,2
38345,2
38346,2
38414,2
38415,2
38416,2
38417,2
38468,2
38469,2
38470,2
38471,2
38472,2
38473,2
38474,2
38475,2
38476,2
38477,2
38478,2
38479,2
38480,2
38481,2
38482,2
38483,2
38484,2
38485,2
38486,2
38487,2
38488,2
38489,2
38490,2
38491,2
38492,2
38493,2
38494,2
38495,2
38496,2
38497,2
38498,2
38499,2
38500,2
38501,2
38502,2
38503,2
38504,2
38505,2
38506,2
38507,2
38508,2
38509,2
38510,2
38511,2
38512,2
38513,2
38514,2
38515,2
38516,2
38517,2
38518,2
38519,2
38520,2
38521,2
38522,2
38523,2
38524,2
38525,2
38526,2
38527,2
38528,2
38529,2
38530,2
38531,2
38532,2
38533,2
38534,2
38535,2
38536,2
38537,2
38538,2
38550,2
38551,2
38552,2
38553,2
38590,2
38591,2
38592,2
38593,2
38594,2
38595,2
38596,2
38597,2
38692,2
38693,2
38694,2
38695,2
38696,2
38697,2
38698,2
38699,2
38700,2
38701,2
38702,2
38703,2
38704,2
38705,2
38706,2
38707,2
38708,2
38709,2
38710,2
38711,2
38712,2
38713,2
38714,2
38715,2
38716,2
38717,2
38718,2
38719,2
38720,2
40655,1
40656,1
40657,1
40658,1
40659,1
40660,1
40661,1
40662,1
