1497,1
1498,1
1499,1
1500,1
1501,1
1502,1
1503,1
1515,1
1516,1
1517,1
1524,2
1525,2
1526,2
1527,2
1528,2
1529,2
1535,1
1536,1
1537,1
1538,1
1539,1
1540,1
1565,1
1566,1
1567,1
1568,1
1569,1
1570,1
1571,1
1572,1
1573,1
1574,1
1575,1
1576,1
1577,1
1578,1
1579,1
1580,1
1607,1
1608,1
1609,1
1610,1
1611,1
1612,1
1613,1
1614,1
1615,1
1616,1
1617,1
1618,1
1619,1
1620,4
1621,4
1622,4
1623,4
1625,3
1626,3
1627,3
1628,3
1629,3
1630,3
1631,3
1632,3
1633,3
1634,3
1635,3
1637,1
1638,1
1639,1
1640,1
1641,1
1642,1
1643,1
1644,1
1645,1
1646,1
1647,1
1648,1
1663,1
1664,1
1665,1
1666,1
1667,1
1668,1
1669,1
1670,1
1671,1
1672,1
1673,1
1674,1
1675,1
1676,1
1677,1
1678,1
1679,1
1680,1
1681,1
1682,1
1689,1
1690,1
1691,1
1692,1
1693,1
1694,1
1695,1
1696,1
1697,1
1698,1
1699,1
1700,1
1701,1
1702,1
1703,1
1704,1
1705,1
1706,1
1707,1
1708,1
1709,1
1710,2
1711,2
1712,2
1713,2
1714,2
1716,1
1717,1
1718,1
1719,1
1720,1
1721,1
1722,1
1723,1
1724,1
1725,1
1726,1
1727,1
1728,1
1734,1
1735,1
1736,1
1737,1
1738,1
1739,1
1740,1
1759,1
1760,1
1761,1
1762,1
1763,1
1764,1
1765,1
1767,1
1768,1
1769,1
1771,1
1772,1
1773,1
1774,1
1775,1
1776,1
1778,1
1779,1
1780,1
1781,1
1782,1
1783,1
1784,1
1785,1
1786,1
1787,1
1788,1
1814,1
1815,1
1816,1
1818,3
1819,3
1820,3
1821,3
1822,3
1824,2
1825,2
1826,2
1827,2
1828,2
1829,2
1830,2
1831,2
1832,2
1833,2
1834,2
1835,2
1836,2
1838,2
1839,2
1840,2
1841,2
1842,2
1843,2
1844,2
1845,2
1846,2
1847,2
1849,1
1850,1
1852,1
1853,1
1854,1
1855,1
1856,1
1857,1
1858,1
1859,1
1860,1
1861,1
1862,1
1863,1
1864,1
1865,1
1866,1
2052,1
2053,1
2054,1
2055,1
2056,1
2058,1
2059,1
2060,1
2227,1
2228,1
2229,1
2230,1
2231,1
2232,1
2233,1
2234,1
2235,1
2236,1
2237,1
2238,1
2239,1
2240,1
2241,1
2242,1
2243,1
2244,1
2245,1
2246,1
2247,1
2248,1
2331,1
2332,1
2333,1
2334,1
2335,1
2336,1
2337,1
2338,1
2339,1
2340,1
2341,1
2342,1
2343,1
2344,1
2345,1
2346,1
2347,1
2348,2
2349,2
2350,2
2351,2
2352,2
2354,1
2355,1
2356,1
2357,1
2358,1
2359,1
2360,1
2361,1
2362,1
2363,1
2364,1
2365,1
2366,1
2367,1
2368,1
2381,1
2382,1
2383,1
2384,1
2385,1
2386,1
2387,1
2397,1
2398,1
2399,1
2400,1
2401,1
2402,1
2403,1
2405,1
2406,1
2407,1
2408,1
2409,1
2410,1
2411,1
2412,1
2413,1
2414,1
2415,1
2416,1
2417,1
2418,1
2428,1
2429,1
2430,1
2431,1
2432,1
2433,1
2435,1
2436,1
2437,1
2438,1
2439,1
2440,1
2441,1
2442,1
2443,1
2444,1
2445,1
2446,1
2447,1
2479,1
2480,1
2481,1
2482,1
2483,1
2484,1
2485,1
2486,1
2487,1
2488,1
2489,1
2513,1
2514,1
2515,1
2516,1
2517,1
2518,1
2519,1
2520,1
2521,1
2522,1
2523,1
2524,1
2525,1
2534,1
2535,1
2536,1
2538,1
2539,1
2540,1
2541,3
2542,3
2543,3
2544,3
2545,3
2547,2
2548,2
2549,2
2550,2
2551,2
2552,2
2553,2
2554,2
2555,2
2556,2
2557,2
2558,2
2559,2
2560,2
2562,1
2563,1
2564,1
2566,1
2567,1
2568,1
2569,1
2570,1
2571,1
2572,1
2573,1
9470,1
9471,1
9472,1
9473,1
9474,1
9475,1
9476,1
9477,1
9478,1
9479,1
9480,1
9481,1
9482,1
9483,1
9484,1
9485,1
9486,1
9487,1
9488,1
9489,1
9490,1
9491,1
9492,1
9493,1
9494,1
9495,1
9496,1
9497,1
9498,1
9499,1
9500,1
9501,1
9502,1
9503,1
9504,1
9505,1
9506,1
9507,1
9508,1
9509,1
9510,1
9511,1
9512,1
9513,1
9514,1
9515,1
9516,1
9517,1
9518,1
9519,1
9520,1
9521,1
9522,1
9523,1
9524,1
9525,1
9526,1
9527,1
9528,1
9529,1
9530,1
9531,1
9532,1
9533,1
9534,1
9535,1
9536,1
9537,1
9538,1
9539,1
9540,1
9541,1
9542,1
9543,1
9544,1
9545,1
9546,1
9547,1
9548,1
9549,1
9550,1
9551,1
9552,1
9553,1
9554,1
9555,1
9556,1
9557,1
11411,1
11412,1
11413,1
11414,1
11415,1
11416,1
11417,1
11418,1
11419,1
11420,1
11421,1
11422,1
11423,1
11443,1
11444,1
11445,1
11446,1
11447,1
11448,1
11449,1
11450,1
11451,1
11480,4
11481,4
11482,4
11483,4
11484,4
11485,4
11486,4
11487,4
11488,4
11489,4
11490,4
11491,4
11492,4
11493,4
11494,4
11495,4
11496,4
11498,4
11499,4
11500,4
11501,4
11502,4
11503,4
11507,4
11508,4
11509,4
11538,1
11539,1
11540,1
11541,1
11542,1
11543,1
11544,1
11545,1
11546,1
11547,1
11548,1
11549,1
11550,1
11614,1
11615,1
11616,1
11617,1
11618,1
11619,1
11620,1
11621,1
11622,1
11623,1
11624,1
11625,1
11626,1
11627,1
11628,1
11629,1
11630,1
11631,1
11632,1
11633,1
11634,1
11635,1
11636,1
11637,1
11638,1
11644,3
11645,3
11646,3
11647,3
11648,3
11649,3
11650,3
11651,3
11652,3
11653,3
11654,3
11655,3
11656,3
11680,2
11681,2
11682,2
11683,2
11684,2
11685,2
12327,2
12328,2
12329,2
12330,2
12331,2
12332,2
12333,2
12334,2
12335,2
12336,2
12337,2
12343,2
12344,2
12345,2
12346,2
12347,2
12348,2
12349,2
12350,2
12351,2
12352,2
12353,2
12354,2
12373,2
12374,2
12375,2
12376,2
12377,2
12378,2
12379,2
12380,2
12381,2
12382,2
12383,2
12384,2
12385,2
12386,2
12387,2
12388,2
12389,2
12390,2
12391,2
12392,2
12423,2
12424,2
12425,2
30984,3
30985,3
30986,3
30987,3
30988,3
30989,3
30990,3
30991,3
30992,3
30993,3
38182,7
38183,7
38184,7
38185,7
38186,7
38191,7
38192,7
38193,7
38194,7
38195,7
38196,7
38197,7
38199,3
38200,3
38201,3
38202,3
38203,3
38204,3
38205,3
38206,4
38207,4
38208,4
38209,4
38210,4
38211,4
38212,4
38221,4
38222,4
38223,4
38224,4
