1493,1
1494,1
1495,1
1496,1
1497,1
1498,1
1499,1
1511,1
1512,1
1513,1
1520,10
1521,10
1522,10
1523,10
1524,10
1525,10
1531,1
1532,1
1533,1
1534,1
1535,1
1536,1
1542,1
1543,1
1544,1
1545,1
1546,1
1547,1
1548,1
1549,1
1550,1
1551,1
1552,1
1553,1
1554,1
1555,1
1603,1
1604,1
1605,1
1606,1
1607,1
1608,1
1609,1
1610,1
1611,1
1612,1
1613,1
1614,1
1615,1
1617,2
1618,2
1619,2
1620,2
1621,2
1622,2
1623,2
1624,2
1625,2
1626,2
1627,3
1628,3
1629,3
1630,3
1631,3
1633,1
1634,1
1635,1
1636,1
1637,1
1638,1
1639,1
1640,1
1653,1
1654,1
1655,1
1656,1
1657,1
1659,1
1660,1
1661,1
1662,1
1663,1
1664,1
1665,1
1666,1
1667,1
1668,1
1669,1
1670,1
1671,1
1672,1
1673,1
1674,1
1675,1
1676,1
1677,1
1678,1
1685,1
1686,1
1687,1
1688,1
1689,1
1690,1
1691,1
1692,1
1693,1
1694,1
1695,1
1696,1
1697,1
1698,1
1699,1
1700,1
1701,1
1702,1
1703,1
1704,1
1705,1
1706,1
1707,1
1709,2
1710,2
1711,2
1712,2
1713,2
1714,2
1715,2
1716,2
1717,2
1718,2
1719,2
1720,2
1721,2
1729,2
1730,2
1731,2
1732,2
1733,2
1734,2
1735,2
1758,2
1759,2
1760,2
1761,2
1762,2
1763,2
1764,2
1766,2
1767,2
1768,2
1791,2
1792,2
1793,2
1794,2
1795,2
1796,2
1797,2
1798,2
1799,2
1800,2
1817,2
1818,2
1819,2
1852,3
1853,3
1854,3
1855,3
1856,3
1858,1
1859,1
1860,1
1861,1
1862,1
1863,1
1864,1
1865,1
1866,1
1867,1
1868,1
1869,1
1870,1
1871,1
1872,1
1878,2
1879,2
1880,2
1881,2
1882,2
1884,3
1885,3
1886,3
1887,3
1888,3
1889,3
1890,3
1891,3
1892,3
1893,3
1894,3
1895,3
1896,3
1897,3
1899,1
1900,1
1901,1
1902,1
1903,1
1905,1
1906,1
1907,1
1908,1
1909,1
1910,1
1911,1
1913,2
1914,2
1915,2
1916,2
1917,2
1918,2
1919,2
1920,2
1921,2
1922,2
1923,2
1924,2
1937,4
1938,4
1939,4
1940,4
1941,4
1943,2
1944,2
1945,2
1946,2
1947,2
1962,2
1963,2
1964,2
1970,2
1971,2
1972,2
1973,2
1974,2
1975,2
1976,2
1977,2
1978,2
1979,2
1980,2
1981,2
1982,2
1983,2
1984,2
2008,2
2009,2
2010,2
2011,2
2012,2
2013,2
2014,2
2015,2
2016,2
2017,2
2018,2
2019,2
2020,2
2021,2
2022,2
2023,2
2024,2
2025,2
2026,2
2027,2
2028,2
2029,2
2031,2
2032,2
2033,2
2034,2
2035,2
2036,2
2037,2
2038,2
2039,2
2040,2
2041,2
2042,2
2043,2
2044,2
2045,2
2046,2
2047,2
2048,2
2049,2
2055,1
2056,1
2057,1
2058,1
2059,1
2061,1
2062,1
2063,1
2228,1
2229,1
2230,1
2231,1
2232,1
2233,1
2234,1
2235,1
2236,1
2237,1
2238,1
2239,1
2240,1
2241,1
2242,1
2243,1
2244,1
2245,1
2246,1
2247,1
2248,1
2249,1
2255,2
2256,2
2257,2
2258,2
2259,2
2260,2
2261,2
2273,2
2274,2
2275,2
2276,2
2277,2
2278,2
2279,2
2280,2
2312,2
2313,2
2314,2
11313,4
11314,4
11315,4
11316,4
11317,4
11318,4
11319,4
11320,4
11321,4
11322,4
11323,4
11324,4
11325,4
11326,4
11327,4
11328,4
11329,4
11331,4
11332,4
11333,4
11334,4
11335,4
11336,4
11337,4
11338,4
11339,4
11354,2
11355,2
11356,2
11357,2
11358,2
11359,2
11360,2
11361,2
11362,2
11363,2
11364,2
11365,2
11366,2
11372,1
11373,1
11374,1
11375,1
11376,1
11377,1
11378,1
11379,1
11380,1
11381,1
11382,1
11383,1
11384,1
11404,1
11405,1
11406,1
11407,1
11408,1
11409,1
11410,1
11411,1
11412,1
11441,7
11442,7
11443,7
11444,7
11445,7
11446,7
11447,7
11448,7
11449,7
11450,7
11451,7
11452,7
11453,7
11454,7
11455,7
11456,7
11457,7
11459,2
11460,2
11461,2
11462,2
11463,2
11464,2
11466,2
11467,5
11468,5
11497,1
11498,1
11499,1
11500,1
11501,1
11502,1
11503,1
11504,1
11505,1
11506,1
11507,1
11508,1
11509,1
11573,1
11574,1
11575,1
11576,1
11577,1
11578,1
11579,1
11580,1
11581,1
11582,1
11583,1
11584,1
11585,1
11586,1
11587,1
11588,1
11589,1
11590,1
11591,1
11592,1
11593,1
11594,1
11595,1
11596,1
11597,1
11621,2
11622,2
11623,2
11624,2
11625,2
11626,2
11627,2
11628,2
11629,2
11630,2
11631,2
11632,2
11633,2
12002,2
12003,2
12004,2
12005,2
12006,2
12011,2
12012,2
12013,2
12014,2
12015,2
12016,2
12017,2
12018,2
12019,2
12020,2
12023,2
12024,2
12025,2
12026,2
12027,2
12028,2
12029,2
12060,2
12061,2
12062,2
12063,2
12064,2
12065,2
12066,2
12067,2
12068,2
12069,2
12070,2
12071,2
12114,2
12115,2
12116,2
12117,2
12118,2
12119,2
12120,2
12121,2
12122,2
12123,2
12124,2
12125,2
12126,2
12127,2
12128,2
12129,2
12131,4
12132,4
12133,4
12134,4
12135,4
12136,4
12137,4
12138,4
12139,4
12140,4
12141,4
12142,4
12144,2
12145,2
12146,2
12147,2
12148,2
12149,2
12150,2
12151,2
12152,2
12153,6
12154,6
12155,6
12156,6
12157,6
12159,2
12160,2
12161,2
12162,2
12163,2
12166,2
12167,2
12168,2
12169,2
12170,2
12171,2
12172,2
12173,2
12332,2
12333,2
12334,2
12335,2
12336,2
12337,2
12338,2
12339,2
12340,2
12341,2
12342,2
12343,2
12344,2
12345,2
12346,2
12347,2
12349,3
12350,3
12351,3
12352,3
12353,3
12354,3
12355,3
12356,3
12357,3
12358,3
12359,3
12360,3
12361,3
12362,3
12364,1
12365,1
12366,1
12367,1
12368,1
12369,1
12370,1
12372,2
12373,2
12374,2
12375,2
12376,3
12377,3
12378,3
12379,3
12380,3
16933,1
16934,1
16935,1
16936,1
16937,1
16938,1
16939,1
16940,1
16941,1
16942,1
16943,1
16944,1
16945,1
16946,1
16947,1
16948,1
16949,1
16950,1
16951,1
16952,1
16953,1
16954,1
16955,1
16956,1
16957,1
16958,1
16959,1
16960,1
16961,1
16962,1
16963,1
16964,1
16965,1
16966,1
16967,1
16968,1
16969,1
16970,1
16971,1
16972,1
16973,1
16974,1
16975,1
16976,1
16977,1
16978,1
16979,1
16980,1
16981,1
16982,1
16983,1
16984,1
16985,1
16986,1
16987,1
16988,1
16989,1
16990,1
16991,1
16992,1
16993,1
25734,1
25735,1
25736,1
25737,1
25738,1
25739,1
25740,1
25741,1
25742,1
25743,1
25744,1
25745,1
25746,1
25747,1
25748,1
25749,1
25750,1
25751,1
25752,1
25753,1
25754,1
25755,1
25756,1
25757,1
25759,4
25760,4
25761,4
25762,4
25763,4
25764,4
25765,4
25766,4
25767,4
25768,4
25769,4
25770,4
25771,4
25773,4
25774,4
25775,4
25776,4
25777,4
25790,4
25791,4
25792,4
25793,4
25794,4
25795,4
25796,4
25914,4
25915,4
25916,4
25917,4
25918,4
25919,4
25920,4
25922,2
25923,2
25924,2
25925,2
25926,2
25934,2
25935,2
25936,2
25937,2
25938,2
25939,2
25940,2
25941,2
25942,2
25943,2
26025,2
26026,2
26027,2
26028,2
26029,2
26030,2
26031,2
26032,2
26033,4
26034,4
26035,4
26036,4
26037,4
26038,4
26039,5
26040,5
26041,5
26042,5
26043,5
26045,1
26046,1
26047,1
26048,1
26049,1
26050,1
26051,1
26052,1
26053,1
26059,4
26060,4
26061,4
26062,4
26063,4
26064,4
26085,4
26086,4
26087,4
26093,1
26094,1
26095,1
26096,1
26097,1
26098,1
26099,1
26100,1
26101,1
26102,1
26103,1
26104,1
26105,1
26106,1
26112,2
26113,2
26114,2
26115,2
26116,2
26117,2
26139,2
26140,2
26141,2
26142,2
26143,2
26144,2
26145,2
26146,2
26147,2
26148,2
26149,2
26155,2
26156,2
26157,2
26158,2
26159,2
26160,2
26173,2
26174,2
26175,2
26176,2
26177,2
26178,2
26179,2
26180,2
26182,2
26183,2
26184,2
26185,2
26186,2
26187,2
26188,2
26189,2
26190,2
26191,2
26192,2
26193,2
26194,2
26195,2
26196,2
26197,2
26198,2
26199,2
26200,2
26201,2
26202,2
31384,2
31385,2
31386,2
31387,2
31388,2
31396,2
31397,2
31398,2
31400,2
31401,2
31402,2
31403,2
31404,2
31405,2
31407,2
31408,2
31416,2
31417,2
31418,2
31419,2
31420,2
31421,2
31432,2
31433,2
31434,2
31435,2
31436,2
31437,2
31438,2
31439,2
31440,2
31441,2
31442,2
31468,2
31469,2
31470,2
31471,2
31472,2
31473,2
31484,2
31485,2
31486,2
31487,2
31488,2
31489,2
31490,2
31491,2
31492,2
31498,2
31499,2
31500,2
31501,2
31502,2
31503,2
31504,2
31505,2
31506,2
31507,2
31513,2
31514,2
31515,2
31516,2
31517,2
31518,2
31519,2
31520,2
31521,2
31522,2
31523,2
31524,2
31525,2
31526,2
31527,2
31528,2
31529,2
31530,2
31531,2
31532,2
31533,2
31534,2
31535,2
31567,4
31568,4
31569,4
31570,4
31571,4
31573,2
31574,2
31575,2
31576,2
31577,2
31578,2
31579,2
31580,2
31585,2
31586,2
31587,2
31588,2
31589,2
31590,2
31591,2
31592,2
31593,2
31594,2
31595,2
31596,2
31597,2
31598,2
31599,2
31612,2
31613,2
31666,2
31667,2
31668,2
31669,2
31670,2
31675,2
31676,2
31677,2
31678,2
31679,2
31685,1
31686,1
31687,1
31688,1
31689,1
31690,1
31696,3
31697,3
31698,3
31699,3
31700,3
31701,3
31782,2
31783,2
31784,2
31785,2
31786,2
31789,2
31790,2
31791,2
31792,2
31793,2
31794,2
31795,2
31796,2
31797,2
31814,2
31815,2
31816,2
31817,2
31818,2
31819,2
31825,4
31826,4
31827,4
31828,4
31829,4
31835,4
31836,4
31916,2
31917,2
31918,2
31919,2
31920,2
31921,2
31922,2
31923,2
31940,2
31941,2
31942,2
31943,2
31944,2
31947,2
31948,2
31954,2
31955,2
31956,2
31957,2
31958,2
31959,2
31965,2
31966,2
31967,2
31968,2
31969,2
31970,2
32031,2
32032,2
32033,2
32034,2
32035,2
32036,2
32037,2
32038,2
32039,2
38695,2
38696,2
38697,2
38698,2
38699,2
38700,2
38701,2
38702,2
38703,2
38704,2
38705,2
38707,1
38708,1
38709,1
38710,1
38711,1
38738,2
38739,2
38740,2
38741,2
38747,13
38748,13
38749,13
38750,13
38751,13
38756,13
38757,13
38758,13
38759,13
38760,13
38761,13
38762,13
38771,13
38772,13
38773,13
38774,13
38775,13
38776,13
38777,13
38779,9
38780,9
38781,9
38782,9
38783,9
38784,9
38785,9
38786,4
38787,4
38788,4
38789,4
