33278,1
33279,1
33280,1
33281,1
33282,1
33283,1
33284,1
33285,1
33286,1
33287,1
33288,1
33289,1
33290,1
33291,1
33292,1
33293,1
33294,1
33295,1
33296,1
33298,1
33299,1
33300,1
33325,1
33326,1
33327,1
39135,1
39136,1
39137,1
39138,1
39139,1
39140,1
39141,1
39147,1
39148,1
39149,1
39150,1
39159,1
39160,1
39161,1
39162,1
39171,1
39172,1
39173,1
39174,1
39183,1
39184,1
39185,1
39186,1
39195,1
39196,1
39197,1
39198,1
39207,1
39208,1
39209,1
39210,1
39212,1
39213,1
39214,1
39215,1
39216,1
39217,1
39218,1
39287,1
39288,1
39289,1
39290,1
39291,1
39292,1
39293,1
39294,1
39295,1
39296,1
39297,1
39298,1
