1497,1
1498,1
1499,1
1500,1
1501,1
1502,1
1503,1
1515,1
1516,1
1517,1
1524,2
1525,2
1526,2
1527,2
1528,2
1529,2
1535,1
1536,1
1537,1
1538,1
1539,1
1540,1
1565,1
1566,1
1567,1
1568,1
1569,1
1570,1
1571,1
1572,1
1573,1
1574,1
1575,1
1576,1
1577,1
1578,1
1579,1
1580,1
1607,1
1608,1
1609,1
1610,1
1611,1
1612,1
1613,1
1614,1
1615,1
1616,1
1617,1
1618,1
1619,1
1620,4
1621,4
1622,4
1623,4
1625,3
1626,3
1627,3
1628,3
1629,3
1630,3
1631,3
1632,3
1633,3
1634,3
1635,3
1637,1
1638,1
1639,1
1640,1
1641,1
1642,1
1643,1
1644,1
1645,1
1646,1
1647,1
1648,1
1663,1
1664,1
1665,1
1666,1
1667,1
1668,1
1669,1
1670,1
1671,1
1672,1
1673,1
1674,1
1675,1
1676,1
1677,1
1678,1
1679,1
1680,1
1681,1
1682,1
1689,1
1690,1
1691,1
1692,1
1693,1
1694,1
1695,1
1696,1
1697,1
1698,1
1699,1
1700,1
1701,1
1702,1
1703,1
1704,1
1705,1
1706,1
1707,1
1708,1
1709,1
1710,2
1711,2
1712,2
1713,2
1714,2
1716,1
1717,1
1718,1
1719,1
1720,1
1721,1
1722,1
1723,1
1724,1
1725,1
1726,1
1727,1
1728,1
1734,1
1735,1
1736,1
1737,1
1738,1
1739,1
1740,1
1759,1
1760,1
1761,1
1762,1
1763,1
1764,1
1765,1
1767,1
1768,1
1769,1
1771,1
1772,1
1773,1
1774,1
1775,1
1776,1
1778,1
1779,1
1780,1
1781,1
1782,1
1783,1
1784,1
1785,1
1786,1
1787,1
1788,1
1814,1
1815,1
1816,1
1818,3
1819,3
1820,3
1821,3
1822,3
1824,2
1825,2
1826,2
1827,2
1828,2
1829,2
1830,2
1831,2
1832,2
1833,2
1834,2
1835,2
1836,2
1838,2
1839,2
1840,2
1841,2
1842,2
1843,2
1844,2
1845,2
1846,2
1847,2
1849,1
1850,1
1852,1
1853,1
1854,1
1855,1
1856,1
1857,1
1858,1
1859,1
1860,1
1861,1
1862,1
1863,1
1864,1
1865,1
1866,1
2052,1
2053,1
2054,1
2055,1
2056,1
2058,1
2059,1
2060,1
2227,1
2228,1
2229,1
2230,1
2231,1
2232,1
2233,1
2234,1
2235,1
2236,1
2237,1
2238,1
2239,1
2240,1
2241,1
2242,1
2243,1
2244,1
2245,1
2246,1
2247,1
2248,1
9563,1
9564,1
9565,1
9566,1
9567,1
9568,1
9569,1
9570,1
9571,1
9572,1
9573,1
9574,1
9575,1
9576,1
9577,1
9578,1
9579,1
9580,1
9581,1
9582,1
9583,1
9584,1
9585,1
9586,1
9587,1
9588,1
9589,1
9590,1
9591,1
9592,1
9593,1
9594,1
9595,1
9596,1
9597,1
9598,1
9599,1
9600,1
9601,1
9602,1
9603,1
9604,1
9605,1
9606,1
9607,1
9608,1
9609,1
9610,1
9611,1
9612,1
9613,1
9614,1
9615,1
9616,1
9617,1
9618,1
9619,1
9620,1
9621,1
9622,1
9623,1
9624,1
9625,1
9626,1
9627,1
9628,1
9629,1
9630,1
9631,1
9632,1
9633,1
9634,1
9635,1
9636,1
9637,1
9638,1
11411,1
11412,1
11413,1
11414,1
11415,1
11416,1
11417,1
11418,1
11419,1
11420,1
11421,1
11422,1
11423,1
11443,1
11444,1
11445,1
11446,1
11447,1
11448,1
11449,1
11450,1
11451,1
11480,3
11481,3
11482,3
11483,3
11484,3
11485,3
11486,3
11487,3
11488,3
11489,3
11490,3
11491,3
11492,3
11493,3
11494,3
11495,3
11496,3
11498,3
11499,3
11500,3
11501,3
11502,3
11503,3
11507,3
11508,3
11509,3
11538,1
11539,1
11540,1
11541,1
11542,1
11543,1
11544,1
11545,1
11546,1
11547,1
11548,1
11549,1
11550,1
11614,1
11615,1
11616,1
11617,1
11618,1
11619,1
11620,1
11621,1
11622,1
11623,1
11624,1
11625,1
11626,1
11627,1
11628,1
11629,1
11630,1
11631,1
11632,1
11633,1
11634,1
11635,1
11636,1
11637,1
11638,1
11644,3
11645,3
11646,3
11647,3
11648,3
11649,3
11650,3
11651,3
11652,3
11653,3
11654,3
11655,3
11656,3
11680,2
11681,2
11682,2
11683,2
11684,2
11685,2
12327,1
12328,1
12329,1
12330,1
12331,1
12332,1
12333,1
12334,1
12335,1
12336,1
12337,1
12343,1
12344,1
12345,1
12346,1
12347,1
12348,1
12349,1
12350,1
12351,1
12352,1
12353,1
12354,1
12373,1
12374,1
12375,1
12376,1
12377,1
12378,1
12379,1
12380,1
12381,1
12382,1
12383,1
12384,1
12385,1
12386,1
12387,1
12388,1
12389,1
12390,1
12391,1
12392,1
12423,1
12424,1
12425,1
25361,1
25362,1
25363,1
25364,1
25365,1
25366,1
25367,1
25368,1
25369,1
25370,1
25371,1
25372,1
25373,1
25374,1
25375,1
25376,1
25377,1
25378,1
25379,1
25380,1
25381,1
25382,1
25383,2
25384,2
25385,2
25386,2
25387,2
25389,1
25390,1
25391,1
25392,1
25393,1
25394,1
25395,1
25396,1
25397,1
25398,1
25399,1
25400,1
25401,1
25403,1
25404,1
25405,1
25406,1
25407,1
25418,1
25419,1
25420,1
25421,1
25422,1
25423,1
25424,1
25543,1
25544,1
25545,1
25546,1
25547,1
25548,1
25549,1
25551,1
25552,1
25553,1
25554,1
25555,1
25563,1
25564,1
25565,1
25566,1
25567,1
25568,1
25569,1
25570,1
25661,1
25662,1
25663,1
25664,1
25665,1
25666,1
25667,1
25668,1
25670,1
25671,1
25672,1
25673,1
25674,1
25675,1
25676,1
25677,1
25678,1
25684,1
25685,1
25686,1
25687,1
25688,1
25689,1
25691,3
25692,3
25693,3
25694,3
25695,3
25697,2
25698,2
25699,2
25700,2
25701,2
25702,2
25703,2
25704,2
25705,2
25706,2
25708,1
25709,1
25710,1
25716,1
25717,1
25718,1
25719,1
25720,1
25721,1
25722,1
25723,1
25724,1
25725,1
25726,1
25727,1
25728,1
25729,1
25778,1
25779,1
25780,1
25781,1
25782,1
25783,1
25785,1
25786,1
25787,1
25788,1
25789,1
25790,1
25792,1
25793,1
25794,1
25795,1
25796,1
25797,1
25798,1
25799,1
25800,1
25801,1
25802,1
25803,1
25815,1
25816,1
25817,1
25818,1
25819,1
25820,1
25821,1
25822,1
25823,1
25824,1
25825,1
30984,3
30985,3
30986,3
30987,3
30988,3
30989,3
30990,3
30991,3
30992,3
30993,3
38182,4
38183,4
38184,4
38185,4
38186,4
38191,4
38192,4
38193,4
38194,4
38195,4
38196,4
38197,4
38206,4
38207,4
38208,4
38209,4
38210,4
38211,4
38212,4
38214,3
38215,3
38216,3
38217,3
38218,3
38219,3
38220,3
38221,1
38222,1
38223,1
38224,1
