77,1
78,1
79,1
80,1
81,1
82,1
83,1
84,1
85,1
86,1
87,1
88,1
89,1
90,1
91,1
92,1
93,1
94,1
95,1
96,1
97,1
98,1
99,1
100,1
101,1
102,1
103,1
104,1
105,1
106,1
107,1
108,1
109,1
110,1
111,1
112,1
113,1
114,1
115,1
116,1
117,1
118,1
119,1
120,1
121,1
38182,4
38183,4
38184,4
38185,4
38186,4
38188,1
38189,1
38190,1
38191,3
38192,3
38193,3
38194,3
38195,3
38196,3
38197,3
38199,2
38200,2
38201,2
38202,2
38203,2
38204,2
38205,2
38206,1
38207,1
38208,1
38209,1
38210,1
38211,1
38212,1
38214,1
38215,1
38216,1
38217,1
38218,1
38219,1
38220,1
