1497,1
1498,1
1499,1
1500,1
1501,1
1502,1
1503,1
1515,1
1516,1
1517,1
1524,5
1525,5
1526,5
1527,5
1528,5
1529,5
1535,1
1536,1
1537,1
1538,1
1539,1
1540,1
1586,1
1587,1
1588,1
1589,1
1590,1
1591,1
1592,1
1593,1
1594,1
1595,1
1596,1
1597,1
1598,1
1599,1
1600,1
1601,1
1607,1
1608,1
1609,1
1610,1
1611,1
1612,1
1613,1
1614,1
1615,1
1616,1
1617,1
1618,1
1619,1
1620,8
1621,8
1622,8
1623,8
1625,7
1626,7
1627,7
1628,7
1629,7
1630,7
1631,7
1632,7
1633,7
1634,7
1635,7
1637,1
1638,1
1639,1
1640,1
1641,1
1642,1
1643,1
1644,1
1645,4
1646,4
1647,4
1648,4
1650,3
1651,3
1652,3
1653,3
1654,3
1655,3
1656,3
1657,3
1658,3
1659,3
1660,3
1661,3
1663,1
1664,1
1665,1
1666,1
1667,1
1668,1
1669,1
1670,1
1671,1
1672,1
1673,1
1674,1
1675,1
1676,1
1677,1
1678,1
1679,1
1680,1
1681,1
1682,1
1689,1
1690,1
1691,1
1692,1
1693,1
1694,1
1695,1
1696,1
1697,1
1698,1
1699,1
1700,1
1701,1
1702,1
1703,1
1704,1
1705,1
1706,1
1707,1
1708,1
1709,1
1710,2
1711,2
1712,2
1713,2
1714,2
1716,1
1717,1
1718,1
1719,1
1720,1
1721,1
1722,1
1723,1
1724,1
1725,1
1726,1
1727,1
1728,1
1734,1
1735,1
1736,1
1737,1
1738,1
1739,1
1740,1
1759,1
1760,1
1761,1
1762,1
1763,1
1764,1
1765,1
1767,1
1768,1
1769,1
1790,1
1791,1
1792,1
1793,1
1794,1
1795,1
1796,1
1797,1
1814,1
1815,1
1816,1
1849,1
1850,1
1852,1
1853,1
1854,1
1855,1
1856,1
1857,1
1858,1
1859,1
1860,1
1861,1
1862,1
1863,1
1864,1
1865,1
1866,1
1965,1
1966,1
1967,1
1968,1
1969,1
1970,1
1971,1
1972,1
1973,1
1974,1
1975,1
1976,1
1977,1
1978,1
1979,1
2005,1
2006,1
2007,1
2008,1
2009,1
2010,1
2011,1
2012,1
2013,1
2014,1
2015,1
2016,1
2017,1
2018,1
2019,1
2020,1
2021,1
2022,1
2023,1
2024,1
2025,1
2026,1
2036,1
2037,1
2038,1
2039,1
2040,1
2041,1
2042,1
2043,1
2044,1
2045,1
2046,1
2052,1
2053,1
2054,1
2055,1
2056,1
2061,1
2062,1
2063,1
2064,1
2065,1
2066,1
2067,2
2068,2
2069,2
2070,2
2072,1
2073,1
2074,1
2075,1
2076,1
2077,1
2078,1
2079,1
2080,1
2081,1
2082,1
2083,1
2084,1
2085,1
2086,1
2087,1
2088,1
2089,1
2090,1
2091,1
2104,1
2105,1
2106,1
2107,1
2108,1
2109,1
2110,1
2111,1
2112,1
2113,1
2114,1
2115,1
2117,1
2118,1
2119,1
2123,1
2124,1
2125,1
2126,1
2127,1
2128,1
2129,1
2130,1
2131,1
2132,1
2134,1
2216,1
2217,1
2219,1
2220,1
2221,1
2227,1
2228,1
2229,1
2230,1
2231,1
2232,1
2233,1
2234,1
2235,1
2236,1
2237,1
2238,1
2239,1
2240,1
2241,1
2242,1
2243,1
2244,1
2245,1
2246,1
2247,1
2248,1
2254,1
2255,1
2256,1
2257,1
2258,1
2259,1
2260,1
2272,1
2273,1
2274,1
2275,1
2276,1
2277,1
2278,1
2279,1
2281,1
2282,1
2283,1
2284,1
2285,1
2286,1
2287,1
2288,1
2289,1
2290,1
2291,1
2292,1
2293,1
2294,1
2304,1
2305,1
2306,1
2307,1
2308,1
2309,1
2310,1
2311,1
2312,1
2313,1
11352,3
11353,3
11354,3
11355,3
11356,3
11357,3
11358,3
11359,3
11360,3
11361,3
11362,3
11363,3
11364,3
11365,3
11366,3
11367,3
11368,3
11370,3
11371,3
11372,3
11373,3
11374,3
11375,3
11376,3
11377,3
11378,3
11393,3
11394,3
11395,3
11396,3
11397,3
11398,3
11399,3
11400,3
11401,3
11402,3
11403,3
11404,3
11405,3
11411,1
11412,1
11413,1
11414,1
11415,1
11416,1
11417,1
11418,1
11419,1
11420,1
11421,1
11422,1
11423,1
11443,1
11444,1
11445,1
11446,1
11447,1
11448,1
11449,1
11450,1
11451,1
11480,2
11481,2
11482,2
11483,2
11484,2
11485,2
11486,2
11487,2
11488,2
11489,2
11490,2
11491,2
11492,2
11493,2
11494,2
11495,2
11496,2
11505,2
11508,2
11509,2
11538,1
11539,1
11540,1
11541,1
11542,1
11543,1
11544,1
11545,1
11546,1
11547,1
11548,1
11549,1
11550,1
11614,1
11615,1
11616,1
11617,1
11618,1
11619,1
11620,1
11621,1
11622,1
11623,1
11624,1
11625,1
11626,1
11627,1
11628,1
11629,1
11630,1
11631,1
11632,1
11633,1
11634,1
11635,1
11636,1
11637,1
11638,1
11662,1
11663,1
11664,1
11665,1
11666,1
11667,1
11668,1
11669,1
11670,1
11671,1
11672,1
11673,1
11674,1
12327,3
12328,3
12329,3
12330,3
12331,3
12332,3
12333,3
12334,3
12335,3
12336,3
12337,3
12343,3
12344,3
12345,3
12346,3
12347,3
12348,3
12349,3
12350,3
12351,3
12352,3
12353,3
12354,3
12373,3
12374,3
12375,3
12376,3
12377,3
12378,3
12379,3
12380,3
12381,3
12382,3
12383,3
12384,3
12385,3
12386,3
12387,3
12388,3
12389,5
12390,5
12391,5
12392,5
12394,3
12395,3
12396,3
12397,3
12398,3
12399,3
12400,3
12401,3
12402,3
12403,3
12404,3
12405,3
12406,3
12408,2
12409,2
12410,2
12411,2
12412,2
12413,2
12414,2
12416,1
12417,1
12418,1
12419,1
12420,2
12421,2
12423,2
12424,2
12425,2
25361,1
25362,1
25363,1
25364,1
25365,1
25366,1
25367,1
25368,1
25369,1
25370,1
25371,1
25372,1
25373,1
25374,1
25375,1
25376,1
25377,1
25378,1
25379,1
25380,1
25381,1
25382,1
25383,2
25384,2
25385,2
25386,2
25387,2
25389,1
25390,1
25391,1
25392,1
25393,1
25394,1
25395,1
25396,1
25397,1
25398,1
25399,1
25400,1
25401,1
25403,1
25404,1
25405,1
25406,1
25407,1
25418,1
25419,1
25420,1
25421,1
25422,1
25423,1
25424,1
25543,1
25544,1
25545,1
25546,1
25547,1
25548,1
25549,1
25551,1
25552,1
25553,1
25554,1
25555,1
25563,1
25564,1
25565,1
25566,1
25567,1
25568,1
25569,1
25570,1
25661,1
25662,1
25663,1
25664,1
25665,1
25666,1
25667,1
25668,1
25670,1
25671,1
25672,1
25673,1
25674,1
25675,1
25676,1
25677,1
25678,1
25684,1
25685,1
25686,1
25687,1
25688,1
25689,1
25708,1
25709,1
25710,1
25716,1
25717,1
25718,1
25719,1
25720,1
25721,1
25722,1
25723,1
25724,1
25725,1
25726,1
25727,1
25728,1
25729,1
25778,1
25779,1
25780,1
25781,1
25782,1
25783,1
25796,1
25797,1
25798,1
25799,1
25800,1
25801,1
25802,1
25803,1
25805,1
25806,1
25807,1
25808,1
25809,1
25810,1
25811,1
25812,1
25813,1
25814,1
25815,1
25816,1
25817,1
25818,1
25819,1
25820,1
25821,1
25822,1
25823,1
25824,1
25825,1
28922,1
28923,1
28924,1
28925,1
28926,1
28927,1
28928,1
28929,1
28930,1
28931,1
28932,1
28933,1
28934,1
28935,1
28936,1
28937,1
28938,1
28939,1
28940,1
28941,1
28942,1
28943,1
28944,1
28945,1
28946,1
28947,1
28948,1
28949,1
28950,1
28951,1
28952,1
28953,1
28954,1
28955,1
28956,1
28957,1
28958,1
28959,1
28960,1
28961,1
28962,1
28963,1
28964,1
28965,1
28966,1
28967,1
28968,1
28969,1
28970,1
28971,1
28972,1
28973,1
28974,1
28975,1
28976,1
28977,1
28978,1
28979,1
28980,1
28981,1
28982,1
28983,1
28984,1
30984,7
30985,7
30986,7
30987,7
30988,7
30989,7
30990,7
30991,7
30992,7
30993,7
30999,1
31000,1
31001,1
31002,1
31003,1
31004,1
31005,1
31006,1
31007,1
31008,1
31009,1
31010,1
31011,1
31012,1
31013,1
31014,1
31015,1
31016,1
31017,1
31018,1
31019,1
31020,1
31021,1
31055,1
31056,1
31057,1
31058,1
31059,1
31061,1
31062,1
31063,1
31155,4
31156,4
31157,4
31158,4
31159,4
31164,4
31165,4
31166,4
31167,4
31168,4
31174,2
31175,2
31176,2
31177,2
31178,2
31179,2
31185,3
31186,3
31187,3
31188,3
31189,3
31190,3
31314,1
31315,1
31316,1
31317,1
31318,1
31320,1
31321,1
31325,1
31326,1
31327,1
31450,1
31451,1
31452,1
31453,1
31454,1
31455,1
38182,8
38183,8
38184,8
38185,8
38186,8
38191,8
38192,8
38193,8
38194,8
38195,8
38196,8
38197,8
38206,8
38207,8
38208,8
38209,8
38210,8
38211,8
38212,8
38214,4
38215,4
38216,4
38217,4
38218,4
38219,4
38220,4
38221,4
38222,4
38223,4
38224,4
40246,1
40247,1
40248,1
40249,1
40250,1
40251,1
40257,1
40258,1
40259,1
40260,1
40261,1
40262,1
40283,4
40284,4
40285,4
40286,4
40287,4
40289,3
40290,3
40291,3
40292,3
40293,3
40294,3
40295,3
40296,1
40297,1
40298,1
40299,1
40320,1
40321,1
40322,1
40323,1
40324,1
40325,1
40326,1
40327,1
40328,1
40329,1
