10969,1
10970,1
10971,1
10972,1
10973,1
10974,1
10975,1
10976,1
10977,1
10978,1
10979,1
10980,1
10981,1
10982,1
10983,1
10984,1
10985,1
10986,1
10987,1
10988,1
10989,1
10990,1
10991,1
10992,1
10993,1
10994,1
10995,1
10996,1
10997,1
10998,1
10999,1
11000,1
11001,1
11002,1
11003,1
11004,1
11005,1
11006,1
11007,1
11013,1
11014,1
11015,1
11016,1
11017,1
11018,1
11019,1
11020,1
11021,1
11022,1
11023,1
11024,1
11025,1
11039,1
11040,1
11041,1
11042,1
11043,1
11045,1
11046,1
11047,1
11048,1
11049,1
11050,1
11051,1
11052,1
11067,1
11068,1
11069,1
11070,1
11071,1
11072,1
11073,1
11074,1
11075,1
11076,1
11077,1
11078,1
11079,1
11080,1
11081,1
11082,1
11083,1
11084,1
11085,1
11086,1
11087,1
11393,1
11394,1
11395,1
11396,1
11397,1
11398,1
11399,1
11400,1
11401,1
11402,1
11403,1
11404,1
11405,1
11429,1
11430,1
11431,1
11432,1
11433,1
11434,1
11435,1
11436,1
11437,1
11538,1
11539,1
11540,1
11541,1
11542,1
11543,1
11544,1
11545,1
11546,1
11547,1
11548,1
11549,1
11550,1
12752,1
12753,1
12754,1
12755,1
12756,1
12757,1
12758,1
12759,1
12760,1
12761,1
12762,1
12763,1
12764,1
12765,1
12766,1
12767,1
12768,1
12769,1
12770,1
12771,1
12772,1
12773,1
12774,1
12775,1
12776,1
12777,1
12778,1
12779,1
12780,1
12781,1
12782,1
12783,1
12784,1
12785,1
12786,1
12787,1
12788,1
12789,1
12790,1
12791,1
12792,1
12793,1
12794,1
12795,1
12796,1
12797,1
12798,1
12799,1
12800,1
12801,1
12802,1
12803,1
12804,1
12805,1
12806,1
12807,1
12808,1
12809,1
12810,1
12811,1
12812,1
12813,1
12814,1
12815,1
12816,1
12817,1
12818,1
12819,1
12820,1
12821,1
12822,1
12823,1
12824,1
12825,1
12826,1
12827,1
12828,1
12829,1
12830,1
12831,1
12832,1
12833,1
12834,1
12835,1
12836,1
12837,1
12838,1
12839,1
12840,1
12841,1
12842,1
12843,1
12844,1
20997,1
20998,1
20999,1
21000,1
21001,1
21002,1
21003,1
21004,1
21005,1
21006,1
21007,1
21008,1
21009,1
21010,1
21011,1
21012,1
21013,1
21014,1
21015,1
21016,1
21017,1
21018,1
21019,1
21020,1
21021,1
21022,1
21023,1
21024,1
21025,1
21026,1
21027,1
21028,1
21029,1
21030,1
21031,1
21032,1
21033,1
21034,1
21035,1
21036,1
21037,1
21038,1
21039,1
21040,1
21041,1
21042,1
21043,1
21044,1
21045,1
21046,1
21047,1
21048,1
21049,1
21050,1
21051,1
21052,1
21053,1
21054,1
21055,1
21056,1
21057,1
21058,1
21059,1
21065,1
21066,1
21067,1
21068,1
21069,1
21070,1
21071,1
21080,1
21081,1
21082,1
21083,1
21084,1
21086,1
21087,1
21088,1
21089,1
21090,1
21091,1
21092,1
21093,1
21094,1
21095,1
21096,1
21097,1
21098,1
21113,1
21114,1
21115,1
21116,1
21117,1
21119,1
21120,1
21121,1
21129,1
21130,1
21131,1
21132,1
21133,1
21134,1
21139,1
21140,1
21141,1
21142,1
21143,1
21144,1
21145,1
21146,1
21147,1
21148,1
21149,1
21150,1
21151,1
21152,1
21153,1
21154,1
21160,1
21161,1
21162,1
21163,1
21164,1
21165,1
21166,1
21167,1
21168,1
21169,1
21170,1
21171,1
21172,1
21173,1
21182,1
21183,1
21184,1
21317,1
21318,1
21319,1
21320,1
21321,1
21322,1
21323,1
21324,1
21325,1
21326,1
21327,1
21328,1
21329,1
21330,1
21331,1
21332,1
21341,1
21342,1
21343,1
21344,1
21345,1
21346,1
21347,1
21348,1
21349,1
21350,1
21351,1
21352,1
21361,1
21362,1
21363,1
21364,1
21365,1
21366,1
21367,1
21369,1
21370,1
21371,1
21435,1
21436,1
21437,1
21438,1
21439,1
21440,1
21501,2
21502,2
21503,2
21504,2
21505,2
21506,2
21523,1
21524,1
21525,1
21526,1
21527,1
21528,1
21979,1
21980,1
21981,1
21982,1
21983,1
21984,1
21985,1
21986,1
21987,1
21988,1
21989,1
21990,1
21991,1
21992,1
21993,1
21994,1
21995,1
21996,1
21997,1
21998,1
21999,1
22000,1
22001,1
22002,1
22003,1
22004,1
22005,1
22006,1
22007,1
22008,1
22009,1
22010,1
22011,1
22012,1
22013,1
22014,1
22015,1
22016,1
22017,1
22018,1
22019,1
22020,1
22021,1
22022,1
22023,1
22025,1
22026,1
22027,1
22028,1
22029,1
22030,1
22031,1
22032,1
22033,1
22034,1
22035,1
22036,1
22037,1
22038,1
22039,1
22040,2
22041,2
22042,2
22043,2
22045,1
22046,1
22047,1
22048,1
22049,1
22050,1
22051,1
22052,1
22053,1
22054,1
22055,1
22056,1
22057,1
22058,1
22059,1
22060,1
22061,1
22087,1
22088,1
22089,1
22090,1
22091,1
22092,1
22093,1
22094,1
22095,1
22096,1
22097,1
22098,1
22099,1
22100,1
22101,1
22102,1
22103,1
22112,1
22113,1
22115,1
22116,1
22117,1
22118,1
22119,1
22120,1
22121,1
22122,1
22123,1
22124,1
22125,1
22126,1
22127,1
22128,1
22129,1
22130,1
22131,1
22132,1
22133,1
22134,1
22135,1
22136,1
22142,1
22143,1
22144,1
22145,1
22146,1
22147,1
22148,1
22149,1
22150,1
22151,1
22152,1
22153,1
22154,1
22155,1
22156,1
22157,1
22158,1
22159,1
22160,1
22161,1
22162,1
22163,1
22164,1
22165,1
22166,1
22167,1
22168,1
22169,1
22170,1
22171,1
22172,1
22173,1
22174,1
22175,1
22176,1
22177,1
22178,1
22179,1
22180,1
22181,1
22567,1
22568,1
22569,1
22570,1
22571,1
22572,1
22573,1
22574,1
22575,1
22576,1
22577,1
22578,1
22579,1
22580,1
22581,1
22582,1
22583,1
22584,1
22586,1
22587,1
22588,1
22589,1
22590,1
22591,1
22592,1
22593,1
22594,1
22595,1
22596,1
22597,1
22598,1
22599,1
22723,1
22724,1
22725,1
22726,1
22727,1
22728,1
22729,1
22730,1
22731,1
22732,1
22733,1
22734,1
22735,1
22736,1
22737,1
22738,1
22739,1
22740,1
22741,1
22742,1
22743,1
22744,1
22745,2
22746,2
22747,2
22748,2
22749,2
22750,2
22751,2
22753,1
22754,1
22755,1
22766,1
22767,1
22768,1
22769,1
22770,1
22771,1
22772,1
22773,1
22774,1
22775,1
22776,1
22777,1
22778,1
22779,1
22780,1
22782,1
22783,1
22789,1
22790,1
22791,1
22792,1
22798,1
22799,1
22800,1
22801,1
22802,1
22804,1
22805,1
22806,1
22812,1
22813,1
22814,1
22815,1
22816,1
22817,1
22818,1
22819,1
22820,1
22822,1
22823,1
22824,1
22825,1
22826,1
22827,1
22828,1
22829,1
22835,1
22836,1
22837,1
22838,1
22839,1
22840,1
22841,1
22842,1
22843,1
22849,1
22850,1
22851,1
22852,1
22853,1
22854,1
22855,1
22856,1
22857,1
22858,1
30645,1
30646,1
30647,1
30648,1
30649,1
30650,1
30651,1
30652,1
30653,1
30654,1
30655,1
30656,1
30662,1
30663,1
30664,1
30665,1
30666,1
30667,1
30668,1
30669,1
30670,1
30671,1
30672,1
30673,1
30674,1
30675,1
30676,1
30677,1
30678,1
30679,1
30680,1
30681,1
30682,1
30683,1
30684,1
30685,1
30686,1
30687,1
30688,1
30689,1
30690,1
30691,1
30692,1
30693,1
30694,1
30695,1
30696,1
30697,1
30698,1
30699,1
30700,1
30701,1
30702,1
30703,1
30704,1
30705,1
30706,1
30707,1
30708,1
30709,1
30710,1
30711,1
30712,1
30713,1
30714,1
30715,1
30716,1
30717,1
30718,1
30719,1
30720,1
30721,1
30722,1
30723,1
30724,1
30725,1
30726,1
30727,1
30728,1
30729,1
30730,1
30731,1
30732,1
30733,1
30734,1
30735,1
30736,1
30737,1
30738,1
30739,1
30740,1
30741,1
30742,1
30743,1
30744,1
30745,1
30746,1
30747,1
30748,1
30749,1
30750,1
30751,1
30752,1
30753,1
30754,1
30755,1
30756,1
30757,1
30758,1
30759,1
30760,1
31108,2
31109,2
31110,2
31111,2
31112,2
31113,2
31155,2
31156,2
31157,2
31158,2
31159,2
31164,2
31165,2
31166,2
31167,2
31168,2
31185,3
31186,3
31187,3
31188,3
31189,3
31190,3
31314,1
31315,1
31316,1
31317,1
31318,1
31323,1
31326,1
31327,1
31396,1
31397,1
31398,1
31399,1
31400,1
31403,1
31404,1
31405,1
31450,2
31451,2
31452,2
31453,2
31454,2
31455,2
31822,1
31823,1
31824,1
31825,1
31826,1
31827,1
31828,1
31829,1
31830,1
31831,1
31832,1
38253,1
38254,1
38255,1
38256,1
38257,1
38258,1
38259,1
38260,1
38261,1
38267,1
38268,1
38269,1
38270,1
38271,1
38272,1
38273,1
38274,1
38280,1
38283,1
38284,1
38290,1
38291,1
38292,1
38293,1
38294,1
38299,1
38300,1
38301,1
38302,1
38303,1
38305,1
38306,1
38307,1
38308,1
38309,1
38310,1
38311,1
38312,1
38313,1
38314,1
38315,1
38316,1
38317,1
38345,1
38346,1
38414,1
38415,1
38416,1
38417,1
39629,1
39630,1
39631,1
39632,1
39633,1
39634,1
39635,1
39636,1
39637,1
39638,1
39639,1
39640,1
39641,1
39642,1
39643,1
39644,1
39645,1
39646,1
39647,1
39648,1
39649,1
39650,1
39651,1
39652,1
39653,1
39674,1
39675,1
39676,1
39677,1
39678,1
39692,1
39693,1
39694,1
39695,1
39696,1
39697,1
39698,1
39699,1
39700,1
39721,1
39722,1
39723,1
39724,1
39725,1
39726,1
39727,1
39733,1
39734,1
39735,1
39736,1
39737,1
39741,1
39742,1
39743,1
39744,1
39745,1
39746,1
39795,1
39796,1
39797,1
39798,1
39799,1
39800,1
39801,1
39802,1
39803,1
39804,1
39805,1
39806,1
39807,1
39840,1
39841,1
39842,1
39843,1
39844,1
39845,1
39846,1
39847,1
39848,1
39849,1
39897,1
39898,1
39899,1
39900,1
39901,1
39902,1
39903,1
39904,1
39905,1
39906,1
39907,1
39913,1
39914,1
39915,1
39916,1
39917,1
39918,1
39919,1
39920,1
39926,1
39927,1
39928,1
39929,1
39930,1
39931,1
39932,1
39933,1
39939,1
39940,1
39941,1
39942,1
39943,1
39944,1
39945,1
39946,1
39952,1
39953,1
39954,1
39955,1
39956,1
39957,1
39958,1
39959,1
39965,1
39966,1
39967,1
39968,1
39969,1
39970,1
39971,1
39972,1
39978,1
39979,1
39980,1
39981,1
39982,1
39983,1
39984,1
39985,1
39991,1
39992,1
39993,1
39994,1
39995,1
39996,1
39997,1
39998,1
40004,1
40005,1
40006,1
40007,1
40008,1
40009,1
40010,1
40011,1
40017,1
40018,1
40019,1
40020,1
40021,1
40022,1
40023,1
40024,1
40464,1
40465,1
40466,1
40467,1
40468,1
40469,1
40470,1
40513,1
40514,1
40515,1
40516,1
40517,1
40518,1
40519,1
40520,1
