1485,1
1486,1
1487,1
1488,1
1489,1
1490,1
1491,1
1497,1
1498,1
1499,1
1500,1
1501,1
1502,1
1503,1
1515,1
1516,1
1517,1
1524,4
1525,4
1526,4
1527,4
1528,4
1529,4
1535,2
1536,2
1537,2
1538,2
1539,2
1540,2
1546,1
1547,1
1548,1
1549,1
1550,1
1551,1
1552,1
1553,1
1554,1
1555,1
1556,1
1557,1
1558,1
1559,1
1607,1
1608,1
1609,1
1610,1
1611,1
1612,1
1613,1
1614,1
1615,1
1616,1
1617,1
1618,1
1619,1
1620,2
1621,2
1622,2
1623,2
1625,1
1626,1
1627,1
1628,1
1629,1
1630,1
1631,1
1632,1
1633,1
1634,1
1635,1
1637,1
1638,1
1639,1
1640,1
1641,1
1642,1
1643,1
1644,1
1645,1
1646,1
1647,1
1648,1
1663,1
1664,1
1665,1
1666,1
1667,1
1668,1
1669,1
1670,1
1671,1
1672,1
1673,1
1674,1
1675,1
1676,1
1677,1
1678,1
1679,1
1680,1
1681,1
1682,1
1689,1
1690,1
1691,1
1692,1
1693,1
1694,1
1695,1
1696,1
1697,1
1698,1
1699,1
1700,1
1701,1
1702,1
1703,1
1704,1
1705,1
1706,1
1707,1
1708,1
1709,1
1710,2
1711,2
1712,2
1713,2
1714,2
1716,1
1717,1
1718,1
1719,1
1720,1
1721,1
1722,1
1723,1
1724,1
1725,1
1726,1
1727,1
1728,1
1734,1
1735,1
1736,1
1737,1
1738,1
1739,1
1740,1
1759,1
1760,1
1761,1
1762,1
1763,1
1764,1
1765,1
1767,1
1768,1
1769,1
1790,1
1791,1
1792,1
1793,1
1794,1
1795,1
1796,1
1797,1
1814,1
1815,1
1816,1
1849,1
1850,1
1852,1
1853,1
1854,1
1855,1
1856,1
1857,1
1858,1
1859,1
1860,1
1861,1
1862,1
1863,1
1864,1
1865,1
1866,1
1965,1
1966,1
1967,1
1968,1
1969,1
1970,1
1971,1
1972,1
1973,1
1974,1
1975,1
1976,1
1977,1
1978,1
1979,1
2005,1
2006,1
2007,1
2008,1
2009,1
2010,1
2011,1
2012,1
2013,1
2014,1
2015,1
2016,1
2017,1
2018,1
2019,1
2020,1
2021,1
2022,1
2023,1
2024,1
2025,1
2026,1
2036,1
2037,1
2038,1
2039,1
2040,1
2041,1
2042,1
2043,1
2044,1
2045,1
2046,1
2052,1
2053,1
2054,1
2055,1
2056,1
2058,1
2059,1
2060,1
2227,1
2228,1
2229,1
2230,1
2231,1
2232,1
2233,1
2234,1
2235,1
2236,1
2237,1
2238,1
2239,1
2240,1
2241,1
2242,1
2243,1
2244,1
2245,1
2246,1
2247,1
2248,1
2254,1
2255,1
2256,1
2257,1
2258,1
2259,1
2260,1
2262,1
2263,1
2264,1
2265,1
2266,1
2267,1
2268,1
2269,1
2270,1
2271,1
2272,1
2273,1
2274,1
2275,1
2276,1
2277,1
2278,1
2279,1
2311,1
2312,1
2313,1
2319,1
2320,1
2321,1
2322,1
2323,1
2324,1
2325,1
2331,1
2332,1
2333,1
2334,1
2335,1
2336,1
2337,1
2338,1
2339,1
2340,1
2341,1
2342,1
2343,1
2344,1
2345,1
2346,1
2347,1
2348,2
2349,2
2350,2
2351,2
2352,2
2354,1
2355,1
2356,1
2357,1
2358,1
2359,1
2360,1
2361,1
2362,1
2363,1
2364,1
2365,1
2366,1
2367,1
2368,1
2381,1
2382,1
2383,1
2384,1
2385,1
2386,1
2387,1
2397,1
2398,1
2399,1
2400,1
2401,1
2402,1
2403,1
2405,1
2406,1
2407,1
2408,1
2409,1
2410,1
2411,1
2412,1
2413,1
2414,1
2415,1
2416,1
2417,1
2418,1
2420,1
2421,1
2422,1
2423,1
2424,1
2425,1
2426,1
2524,1
2525,1
2534,1
2535,1
2536,1
2562,1
2563,1
2564,1
2566,1
2567,1
2568,1
2569,1
2570,1
2571,1
2572,1
2573,1
10969,1
10970,1
10971,1
10972,1
10973,1
10974,1
10975,1
10976,1
10977,1
10978,1
10979,1
10980,1
10981,1
10982,1
10983,1
10984,1
10985,1
10986,1
10987,1
10988,1
10989,1
10990,1
10991,1
10992,1
10993,1
10994,1
10995,1
10996,1
10997,1
10998,1
10999,1
11000,1
11001,1
11002,1
11003,1
11004,1
11005,1
11006,1
11007,1
11013,2
11014,2
11015,2
11016,2
11017,2
11018,2
11019,2
11020,2
11021,2
11022,2
11023,2
11024,2
11025,2
11039,2
11040,2
11041,2
11042,2
11043,2
11045,2
11046,2
11047,2
11048,2
11049,2
11050,2
11051,2
11052,2
11054,1
11055,1
11056,1
11057,1
11058,1
11059,1
11060,1
11061,1
11062,1
11063,1
11064,1
11065,1
11066,1
11067,2
11068,2
11069,2
11070,2
11071,2
11072,2
11073,2
11074,2
11075,2
11076,2
11077,2
11078,2
11079,2
11080,2
11081,2
11082,2
11083,2
11084,2
11085,2
11086,2
11087,2
11352,1
11353,1
11354,1
11355,1
11356,1
11357,1
11358,1
11359,1
11360,1
11361,1
11362,1
11363,1
11364,1
11365,1
11366,1
11367,1
11368,1
11370,1
11371,1
11372,1
11373,1
11374,1
11375,1
11376,1
11377,1
11378,1
11393,1
11394,1
11395,1
11396,1
11397,1
11398,1
11399,1
11400,1
11401,1
11402,1
11403,1
11404,1
11405,1
11411,1
11412,1
11413,1
11414,1
11415,1
11416,1
11417,1
11418,1
11419,1
11420,1
11421,1
11422,1
11423,1
11443,1
11444,1
11445,1
11446,1
11447,1
11448,1
11449,1
11450,1
11451,1
11480,2
11481,2
11482,2
11483,2
11484,2
11485,2
11486,2
11487,2
11488,2
11489,2
11490,2
11491,2
11492,2
11493,2
11494,2
11495,2
11496,2
11505,2
11508,2
11509,2
11538,1
11539,1
11540,1
11541,1
11542,1
11543,1
11544,1
11545,1
11546,1
11547,1
11548,1
11549,1
11550,1
11614,1
11615,1
11616,1
11617,1
11618,1
11619,1
11620,1
11621,1
11622,1
11623,1
11624,1
11625,1
11626,1
11627,1
11628,1
11629,1
11630,1
11631,1
11632,1
11633,1
11634,1
11635,1
11636,1
11637,1
11638,1
11662,1
11663,1
11664,1
11665,1
11666,1
11667,1
11668,1
11669,1
11670,1
11671,1
11672,1
11673,1
11674,1
12327,1
12328,1
12329,1
12330,1
12331,1
12332,1
12333,1
12334,1
12335,1
12336,1
12337,1
12343,1
12344,1
12345,1
12346,1
12347,1
12348,1
12349,1
12350,1
12351,1
12352,1
12353,1
12354,1
12373,1
12374,1
12375,1
12376,1
12377,1
12378,1
12379,1
12380,1
12381,1
12382,1
12383,1
12384,1
12385,1
12386,1
12387,1
12388,1
12389,1
12390,1
12391,1
12392,1
12394,1
12395,1
12396,1
12397,1
12398,1
12399,1
12400,1
12401,1
12402,1
12403,1
12404,1
12405,1
12406,1
12416,1
12417,1
12418,1
12419,1
24854,1
24855,1
24856,1
24857,1
24858,1
24859,1
24860,1
24861,1
24862,1
24863,1
24864,1
24865,1
24866,1
24867,1
24868,1
24869,1
24870,1
24871,1
24872,1
24873,1
24874,1
24875,1
24876,1
24877,1
24878,1
24879,1
24880,1
24881,1
24882,1
24883,1
24884,1
24885,1
24886,1
24887,1
24888,1
24889,1
24890,1
24891,1
24892,1
24893,1
24894,1
24895,1
24896,1
24897,1
24898,1
24899,1
24900,1
24901,1
24902,1
24903,1
24904,1
24905,1
24906,1
24907,1
24908,1
24909,1
24910,1
24911,1
24912,1
24913,1
24914,1
24915,1
24916,1
24917,1
24918,1
24919,1
24920,1
24921,1
24922,1
24923,1
24924,1
24925,1
24926,1
24927,1
30790,1
30791,1
30792,1
30793,1
30794,1
30795,1
30796,1
30797,1
30798,1
30799,1
30800,1
30801,1
30802,1
30803,1
30804,1
30805,1
30806,1
30812,1
30813,1
30814,1
30815,1
30816,1
30817,1
30818,1
30819,1
30820,1
30821,1
30822,1
30823,1
30824,1
30825,1
30826,1
30827,1
30828,1
30829,1
30830,1
30831,1
30832,1
30833,1
30834,1
30835,1
30836,1
30837,1
30838,1
30839,1
30840,1
30841,1
30842,1
30843,1
30844,1
30845,1
30846,1
30847,1
30848,1
30849,1
30850,1
30851,1
30852,1
30853,1
30854,1
30860,1
30861,1
30862,1
30863,1
30864,1
30865,1
30866,1
30867,1
30984,1
30985,1
30986,1
30987,1
30988,1
30989,1
30990,1
30991,1
30992,1
30993,1
30999,1
31000,1
31001,1
31002,1
31003,1
31004,1
31005,1
31006,1
31007,1
31008,1
31009,1
31010,1
31011,1
31012,1
31013,1
31014,1
31015,1
31016,1
31017,1
31018,1
31019,1
31020,1
31021,1
31055,1
31056,1
31057,1
31058,1
31059,1
31061,1
31062,1
31063,1
31155,4
31156,4
31157,4
31158,4
31159,4
31164,4
31165,4
31166,4
31167,4
31168,4
31185,1
31186,1
31187,1
31188,1
31189,1
31190,1
31314,1
31315,1
31316,1
31317,1
31318,1
31320,1
31321,1
31325,1
31326,1
31327,1
31396,2
31397,2
31398,2
31399,2
31400,2
31403,2
31404,2
31405,2
31450,3
31451,3
31452,3
31453,3
31454,3
31455,3
31570,1
31571,1
31572,1
31573,1
31574,1
31575,1
31576,1
31577,1
31578,1
31579,1
31585,1
31586,1
31587,1
31588,1
31589,1
31590,1
31591,1
31592,1
31593,1
31594,1
31615,1
31616,1
31617,1
31618,1
31619,1
31620,1
31621,1
31622,1
31623,1
31624,1
31630,1
31631,1
31632,1
31633,1
31634,1
31635,1
31636,1
31637,1
31638,1
31639,1
31645,1
31646,1
31647,1
31648,1
31649,1
31650,1
31651,1
31652,1
31653,1
31654,1
31660,1
31661,1
31662,1
31663,1
31664,1
31665,1
31666,1
31667,1
31668,1
31669,1
31691,1
31692,1
31693,1
31694,1
31695,1
31696,1
31697,1
31698,1
31699,1
31700,1
38182,5
38183,5
38184,5
38185,5
38186,5
38191,5
38192,5
38193,5
38194,5
38195,5
38196,5
38197,5
38206,5
38207,5
38208,5
38209,5
38210,5
38211,5
38212,5
38214,3
38215,3
38216,3
38217,3
38218,3
38219,3
38220,3
38221,2
38222,2
38223,2
38224,2
38253,4
38254,4
38255,4
38256,4
38257,4
38258,4
38259,4
38260,4
38261,4
38290,1
38291,1
38292,1
38293,1
38294,1
38299,1
38300,1
38301,1
38302,1
38303,1
38348,1
38349,1
38350,1
38351,1
38352,1
38353,1
38354,1
38355,1
38356,1
38357,1
38358,1
38359,5
38360,5
38361,5
38363,4
38364,4
38365,4
38366,4
38367,4
38368,4
38369,4
38370,4
38371,4
38372,4
38373,4
38374,4
38410,4
38411,4
38412,4
38414,1
38415,1
38416,1
38417,1
38468,1
38469,1
38470,1
38471,1
38472,1
38473,1
38474,1
38475,1
38476,1
38477,1
38478,1
38479,1
38480,1
38481,1
38482,1
38483,1
38484,1
38485,1
38486,1
38487,1
38488,1
38489,1
38490,1
38491,1
38492,1
38493,1
38494,1
38495,1
38496,1
38497,1
38498,1
38499,1
38500,1
38501,1
38502,1
38503,1
38504,1
38505,1
38506,1
38507,1
38508,1
38509,1
38510,1
38511,1
38512,1
38513,1
38514,1
38515,1
38516,1
38517,1
38518,1
38519,1
38520,1
38521,1
38522,1
38523,1
38524,1
38525,1
38526,1
38527,1
38528,1
38529,1
38530,1
38531,1
38532,1
38533,1
38534,1
38535,1
38536,1
38537,1
38538,1
38550,1
38551,1
38552,1
38553,1
38665,1
38666,1
38667,1
38668,1
38669,1
38670,1
38671,1
38672,1
38692,1
38693,1
38694,1
38695,1
38696,1
38697,1
38698,1
38699,1
38700,1
38701,1
38702,1
38703,1
38704,1
38705,1
38706,1
38707,1
38708,1
38709,1
38710,1
38711,1
38712,1
38713,1
38714,1
38715,1
38716,1
38717,1
38718,1
38719,1
38720,1
38740,1
38741,1
38742,1
38743,1
38744,1
38745,1
38746,1
38747,1
38748,1
38749,1
