15623,1
15624,1
15625,1
15626,1
15627,1
15628,1
15629,1
15630,1
15631,1
15632,1
15633,1
15634,1
15635,1
15636,1
15637,1
15638,1
15639,1
15640,1
15641,1
15642,1
15643,1
15644,1
15645,1
15646,1
15647,1
15648,1
15649,1
15650,1
15651,1
15652,1
15653,1
15654,1
15655,1
15656,1
15657,1
15658,1
15659,1
15660,1
15661,1
15662,1
15663,1
15664,1
15665,1
15666,1
15667,1
15668,1
15669,1
15670,1
15671,1
15672,1
15673,1
15674,1
15675,1
15676,1
15677,1
15678,1
15679,1
15680,1
15681,1
15682,1
15683,1
15684,1
15685,1
15686,1
15687,1
15688,1
15689,1
15690,1
15691,1
15692,1
15693,1
15694,1
20997,1
20998,1
20999,1
21000,1
21001,1
21002,1
21003,1
21004,1
21005,1
21006,1
21007,1
21008,1
21009,1
21010,1
21011,1
21012,1
21013,1
21014,1
21015,1
21016,1
21017,1
21018,1
21019,1
21020,1
21021,1
21022,1
21023,1
21024,1
21025,1
21026,1
21027,1
21028,1
21029,1
21030,1
21031,1
21032,1
21033,1
21034,1
21035,1
21036,1
21037,1
21038,1
21039,1
21040,1
21041,1
21042,1
21043,1
21044,1
21045,1
21046,1
21047,1
21048,1
21049,1
21050,1
21051,1
21052,1
21053,1
21054,1
21055,1
21056,1
21057,1
21058,1
21059,1
21288,1
21289,1
21290,1
21291,1
21292,1
21293,1
21294,1
21295,1
21296,1
21297,1
21298,1
21299,1
21300,1
21301,1
21302,1
21303,1
21304,1
21305,1
21306,1
21307,1
21308,1
21309,1
21310,1
21311,1
21317,3
21318,3
21319,3
21320,3
21321,3
21322,3
21323,3
21324,3
21325,3
21326,3
21327,3
21328,3
21329,3
21330,3
21331,3
21332,3
21334,2
21335,2
21337,2
21338,2
21339,2
21340,2
21341,1
21342,1
21343,1
21344,1
21345,1
21346,1
21347,1
21348,1
21349,1
21350,1
21351,1
21352,1
21361,1
21362,1
21363,1
21364,1
21365,1
21366,1
21367,1
21369,1
21370,1
21371,1
21490,2
21491,2
21492,2
21493,2
21494,2
21495,2
22567,1
22568,1
22569,1
22570,1
22571,1
22572,1
22573,1
22574,1
22575,1
22576,1
22577,1
22578,1
22579,1
22580,1
22581,1
22582,1
22583,1
22584,1
22600,1
22601,1
22602,1
22603,1
22604,1
22605,1
22606,1
22607,1
22608,1
22609,1
22610,1
22611,1
22612,1
22613,1
22614,1
22615,1
22616,1
22617,1
22618,1
22619,1
22620,1
22621,1
22622,1
22623,1
22628,1
22629,1
22630,1
22631,1
22632,1
22633,1
22634,1
22635,2
22636,2
22637,2
22638,2
22639,2
22640,2
22641,2
22642,2
22643,2
22644,2
22645,2
22646,2
22647,2
22648,2
22649,2
22650,2
22651,2
22652,2
22653,2
22654,2
22655,2
22656,2
22657,2
22658,2
22659,2
22660,2
22661,2
22662,2
22663,2
22664,2
22665,2
22666,2
22667,2
22668,2
22669,2
22670,2
22672,1
22673,1
22674,1
22675,1
22676,1
22677,1
22678,1
22679,1
22680,1
22681,1
22682,1
22683,1
22684,1
22685,1
22686,1
22687,1
22688,1
22697,1
22698,1
22699,1
22700,1
22701,1
22702,1
22703,1
22704,1
22705,1
22706,1
22707,1
22708,1
22709,1
22710,1
22711,1
22712,1
22713,1
22714,1
22715,1
22716,1
22798,2
22799,2
22800,2
22801,2
22802,2
22804,2
22805,2
22806,2
22812,2
22813,2
22814,2
22815,2
22816,2
22817,2
22818,4
22819,4
22820,4
22822,4
22823,4
22824,4
22825,4
22826,4
22827,4
22828,4
22829,4
22831,2
22832,2
22833,2
22835,2
22836,2
22837,2
22838,2
22839,2
22840,2
22841,2
22842,2
22843,2
40464,1
40465,1
40466,1
40467,1
40468,1
40469,1
40470,1
40513,1
40514,1
40515,1
40516,1
40517,1
40518,1
40519,1
40520,1
